#{"t_start": 1655825633.0171227, "env_id": "env.spec.id"}
r,l,t
-86,36,0.09302
-63,13,0.124027
-52,2,0.130028
-58,8,0.148032
-68,18,0.190041
-75,25,0.249055
-54,4,0.258058
-56,6,0.272061
-60,10,0.295066
-107,57,0.424095
-54,4,0.436098
-98,48,0.543121
-70,20,0.588131
-70,20,0.633141
-55,5,0.644144
-78,28,0.707158
-53,3,0.714159
-68,18,0.754169
-71,21,0.802179
-73,23,0.85319
-61,11,0.878196
-99,49,0.98722
-87,37,1.071239
-55,5,1.083241
-57,7,1.099247
-64,14,1.131254
-71,21,1.178265
-61,11,1.20327
-52,2,1.208272
-54,4,1.218274
-52,2,1.223274
-64,14,1.254282
-60,10,1.277287
-58,8,1.296291
-54,4,1.306293
-55,5,1.320297
-60,10,1.343302
-57,7,1.359305
-92,42,1.453326
-59,9,1.47333
-83,33,1.547348
-99,49,1.657372
-62,12,1.684378
-55,5,1.696381
-52,2,1.701382
-61,11,1.727387
-62,12,1.754394
-55,5,1.765396
-101,51,1.879421
-61,11,1.904427
-53,3,1.913429
17,33,1.987445
-58,8,2.00545
-81,31,2.074465
-77,27,2.134478
-65,15,2.169486
-65,15,2.203493
-62,12,2.2305
-95,45,2.330522
-93,43,2.428544
-84,34,2.504561
-57,7,2.520564
-65,15,2.555572
-54,4,2.565574
-103,53,2.684737
-53,3,2.692739
-76,26,2.750751
-62,12,2.777757
-52,2,2.782758
-58,8,2.802763
-55,5,2.815766
-54,4,2.824768
-63,13,2.854775
-65,15,2.888782
-67,17,2.926791
-54,4,2.936793
-74,24,2.989805
-57,7,3.005808
-54,4,3.016811
-59,9,3.038815
-93,43,3.133837
-62,12,3.160843
-52,2,3.166844
-59,9,3.186849
-83,33,3.260988
-62,12,3.287994
26,24,3.342005
-59,9,3.36301
-62,12,3.390016
-90,40,3.479036
-53,3,3.488039
-63,13,3.517045
-88,38,3.603064
-78,28,3.668078
-106,56,3.792106
-57,7,3.80811
-90,40,3.89713
-65,15,3.933137
-29,79,4.111286
-57,7,4.12829
-94,44,4.226312
-82,32,4.297328
-104,54,4.417355
-58,8,4.435359
-58,8,4.454363
-54,4,4.463366
-57,7,4.479368
-60,10,4.502373
-60,10,4.525379
-59,9,4.545383
-62,12,4.572389
-54,4,4.582391
-66,16,4.6204
-55,5,4.633403
-70,20,5.481592
-59,9,5.501597
-107,57,5.627625
-71,21,5.673635
-65,15,5.706642
-67,17,5.747652
-77,27,5.808665
-80,30,5.877804
-70,20,5.921813
-87,37,6.003832
-107,57,6.12986
-54,4,6.139862
-150,100,6.363913
-97,47,6.466935
-79,29,6.530949
-71,21,6.57796
-95,45,6.676982
-135,85,6.863024
-64,14,6.89403
-61,11,6.919036
-85,35,6.996053
-62,12,7.02506
-88,38,7.112079
-107,57,7.238107
-66,16,7.274115
-67,17,7.313124
-60,10,7.335129
-57,7,7.351132
-66,16,7.388141
-70,20,7.432151
-52,2,7.437152
5,45,7.538175
-56,6,7.551177
-106,56,7.677345
-59,9,7.698349
-113,63,7.83638
-53,3,7.844382
-54,4,7.853384
-56,6,7.867387
-59,9,7.887392
-58,8,7.908396
-69,19,7.950406
-103,53,8.067431
-60,10,8.089436
-91,41,8.183461
-61,11,8.208467
-60,10,8.230472
-70,20,8.274482
-80,30,8.341496
-115,65,8.483529
-118,68,8.632561
-76,26,8.692575
-114,64,8.832606
-108,58,8.961635
-100,100,9.181684
-76,26,9.239697
-145,95,9.446744
-96,46,9.549892
-79,29,9.613906
-85,35,9.690923
-92,42,9.783944
-79,29,9.848959
-74,24,9.90197
-147,97,10.915587
-85,35,10.993604
-76,26,11.052617
-108,58,11.179646
-54,4,11.188648
-52,2,11.194649
-83,33,11.266665
-56,6,11.280668
-79,29,11.344682
-54,4,11.353684
-69,19,11.396694
-73,23,11.449706
18,32,11.520721
-63,13,11.549728
-88,38,11.632749
-56,6,11.646753
-54,4,11.655755
31,19,11.698764
-88,38,11.781783
-61,11,11.806788
-80,30,11.872803
-73,23,11.923815
-60,10,11.945819
-100,100,12.164868
-72,22,12.213879
-56,6,12.227883
-134,84,12.411923
-60,10,12.433928
-96,46,12.536951
-121,71,12.692505
-68,18,12.732514
-59,9,12.752519
0,50,12.862543
-92,42,12.955564
-65,15,12.989572
-64,14,13.020579
-103,53,13.137605
-97,47,13.241628
-68,18,13.281637
-100,100,13.501686
-89,39,13.588819
-86,36,13.667836
-55,5,13.679839
-62,12,13.706845
-76,26,13.765858
-56,6,13.779861
-61,11,13.803867
-78,28,13.866881
-56,6,13.880884
-61,11,13.905889
-7,57,14.027917
-70,20,14.065925
-101,51,14.156945
-118,68,14.278108
-68,18,14.311115
-121,71,14.436143
-73,23,14.477152
-61,11,14.500157
-75,25,14.544169
-90,40,14.614185
-70,20,14.649193
-58,8,14.664197
-94,44,14.741214
-108,58,14.842236
-66,16,14.871243
-83,33,14.930256
-75,25,14.975373
-54,4,14.982375
-114,64,15.094399
-57,7,15.796557
-85,35,15.859571
-89,39,15.928586
-110,60,16.033609
-63,13,16.056614
-129,79,16.196646
-61,11,16.21665
-71,21,16.253659
-108,58,16.355684
-69,19,16.391692
-76,26,16.439702
-59,9,16.456706
-113,63,16.573733
-74,24,16.617742
-70,20,16.65475
-55,5,16.664752
-75,25,16.708762
-122,72,16.83991
-71,21,16.880918
-84,34,16.943932
-98,48,17.032952
-77,27,17.081963
-100,100,17.265004
-65,15,17.29301
-57,7,17.307013
-78,28,17.359025
-59,9,17.376029
-86,36,17.442044
-79,29,17.496056
-60,10,17.514059
-77,27,17.56407
-92,42,17.641209
-87,37,17.708223
-35,85,17.865258
-72,22,17.905267
-55,5,17.91627
-67,17,17.947277
-62,12,17.970282
-90,40,18.044299
-100,100,18.23034
-110,60,18.341365
-106,56,18.444388
-100,100,18.671572
-90,40,18.745589
-141,91,18.914627
-149,99,19.098793
-76,26,19.147804
-64,14,19.17381
-83,33,19.234823
-140,90,19.40186
-85,35,19.474877
-100,100,20.530758
-89,39,20.613776
-86,36,20.690794
-67,17,20.726801
-93,43,20.819822
-113,63,20.953852
-80,30,21.017868
-80,30,21.082883
-111,61,21.211912
-65,15,21.244919
-54,4,21.253921
-110,60,21.38095
-69,19,21.421959
-61,11,21.445964
-52,2,21.450965
-33,83,21.626004
-73,23,21.676015
-111,61,21.843052
-55,5,21.862057
-56,6,21.885062
-97,47,22.007089
-100,100,22.219136
-53,3,22.226138
-100,100,22.439185
-30,80,22.641231
-100,100,22.896436
-68,18,22.937445
-77,27,22.994458
-58,8,23.013462
-76,26,23.070475
-68,18,23.108599
-54,4,23.117601
-81,31,23.183616
-106,56,23.302643
-101,51,23.410667
-100,100,23.621713
-107,57,23.742741
-69,19,23.783749
-100,100,23.994797
-100,50,24.10082
-108,58,24.224849
-70,20,24.267858
-9,59,24.392886
-73,23,24.441896
-68,18,24.483906
-91,41,24.570925
-106,56,24.689952
-66,16,24.72496
-89,39,24.807978
-118,68,24.954011
-54,4,24.964013
-92,42,25.809777
-57,7,25.824781
-66,16,25.858935
-133,83,26.032974
-94,44,26.124994
-132,82,26.297033
-100,100,26.507205
-55,5,26.518208
-120,70,26.664241
-105,55,26.780382
-74,24,26.833394
-12,62,26.964423
-55,5,26.975426
-57,7,26.99343
-97,47,27.093452
-100,100,27.3035
-56,6,27.317502
-114,64,27.451532
-80,30,27.516547
-106,56,27.634573
-100,100,27.842622
-87,37,27.92064
-100,100,28.129686
-105,55,28.245713
-76,26,28.300724
-101,51,28.407752
-70,20,28.452762
-63,13,28.479768
-58,8,28.497772
-118,68,28.640804
-77,27,28.697816
-86,36,28.773833
-70,20,28.815843
-100,100,29.024889
-89,39,29.106908
-90,40,29.190926
-94,44,29.282947
-63,13,29.310953
-100,100,29.521001
-144,94,29.718282
-67,17,29.75429
-54,4,29.764293
-133,83,29.938331
-100,100,30.902546
-122,72,31.05358
-100,100,31.263627
-100,100,31.471676
-100,100,31.683723
-58,8,31.701727
-81,31,31.768743
-68,18,31.808751
-99,49,31.912775
-100,100,32.121821
-127,77,32.282857
-80,30,32.346871
-134,84,32.522911
-100,100,32.731957
-57,7,32.747961
-113,63,32.881994
-68,18,32.921002
-78,28,32.980016
-74,24,33.031027
-59,9,33.050031
-109,59,33.173059
23,27,33.231072
-76,26,33.285084
-100,100,33.496131
-120,70,33.643163
-100,100,33.85221
3,47,33.951232
-17,67,34.091263
-77,27,34.148277
-78,28,34.207289
-57,7,34.222293
-82,32,34.290308
-96,46,34.38833
-100,100,34.600377
-89,39,34.682395
-133,83,34.856435
-54,4,34.866437
-100,100,35.075483
-112,62,35.965203
-91,41,36.052223
-62,12,36.078229
-60,10,36.102234
-55,5,36.114237
-63,13,36.141243
-80,30,36.205257
-85,35,36.278273
-147,97,36.481319
-100,100,36.693366
-73,23,36.742377
-62,12,36.768488
-81,31,36.833502
-84,34,36.905518
-100,100,37.114565
-72,22,37.160575
27,23,37.209586
0,50,37.31561
-81,31,37.380625
-73,23,37.429635
-73,23,37.478646
-73,23,37.526657
-62,12,37.554663
-68,18,37.592672
-79,29,37.653685
-102,52,37.76471
-54,4,37.773712
-105,55,37.889738
-60,10,37.910743
-62,12,37.936748
-100,100,38.146795
-88,38,38.226813
-64,14,38.259821
-68,18,38.298964
-100,100,38.510011
-65,15,38.544019
-94,44,38.637039
-106,56,38.756066
-59,9,38.77507
-126,76,38.936106
-83,33,39.006122
-102,52,39.117146
-90,40,39.201165
-55,5,39.213168
-126,76,39.374203
-57,7,39.389207
-78,28,39.44922
-100,100,39.662397
-131,81,39.834435
-94,44,39.927456
-76,26,39.983468
-136,86,40.16751
-79,29,40.229523
-89,39,41.070711
-97,47,41.170733
-80,30,41.234747
-67,17,41.271756
-59,9,41.29176
-103,53,41.404785
-82,32,41.475801
-140,90,41.666844
-138,88,41.852885
-87,37,41.931903
-103,53,42.044928
-57,7,42.059932
-77,27,42.117945
-36,86,42.299985
-76,26,42.355998
-98,48,42.45702
-18,68,42.601053
-62,12,42.627058
-100,100,42.839106
-103,53,42.95113
23,27,43.011144
-38,88,43.197185
-103,53,43.309322
-77,27,43.369336
-96,46,43.467357
-61,11,43.491363
-36,86,43.672403
-70,20,43.717413
-75,25,43.771425
-85,35,43.846442
-72,22,43.894453
-72,22,43.941463
-107,57,44.064491
-58,8,44.082494
-144,94,44.281539
-94,44,44.37656
-85,35,44.451577
-118,68,44.597609
-126,76,44.759646
-100,100,44.971805
-63,13,45.001811
-150,100,45.212858
-72,22,45.261995
-67,17,45.300004
-74,24,45.351015
-84,34,46.18333
-94,44,46.278961
-95,45,46.373485
-141,91,46.566529
-64,14,46.598536
-60,10,46.620541
-64,14,46.650548
-61,11,46.674553
-100,100,46.883603
-82,32,46.952619
-56,6,46.965622
-61,11,46.989627
-76,26,47.043639
-55,5,47.056642
-76,26,47.113655
-92,42,47.201674
-93,43,47.295695
-148,98,47.500743
-54,4,47.509745
-75,25,47.562757
-53,3,47.569758
-75,25,47.62277
-75,25,47.675908
19,31,47.742923
-53,3,47.750926
-66,16,47.784933
-74,24,47.835944
-80,30,47.898958
-78,28,47.957972
-73,23,48.006982
-66,16,48.04099
-144,94,48.237034
-52,2,48.242035
-100,100,48.451084
-119,69,48.596116
-100,100,48.805163
15,35,48.879179
-53,3,48.886181
-103,53,48.998206
-110,60,49.123234
-100,100,49.333284
-117,67,49.473315
-110,60,49.599343
-73,23,49.647354
-100,50,49.754378
-102,52,49.863402
-88,38,49.94342
-65,15,49.975427
-55,5,49.986429
-100,100,50.195476
-103,53,50.308501
-118,68,50.451659
-130,80,51.384867
-54,4,51.393869
-88,38,51.473887
-67,17,51.509895
-78,28,51.569908
-55,5,51.580911
-70,20,51.622921
-68,18,51.66193
-56,6,51.675932
-56,6,51.688935
-53,3,51.695937
-93,43,51.785956
-59,9,51.805961
-55,5,51.816964
-63,13,51.84497
-102,52,51.953994
-13,63,52.087024
-64,14,52.118031
-70,20,52.16104
-88,38,52.241058
-57,7,52.257062
-66,16,52.291069
-95,45,52.38509
-54,4,52.394093
-126,76,52.553128
-57,7,52.568131
-56,6,52.581135
-60,10,52.60614
-101,51,52.713164
-104,54,52.826189
-53,3,52.83319
-89,39,52.914209
-59,9,52.936213
-58,8,52.956218
-62,12,52.983224
-84,34,53.05524
-72,22,53.102251
-94,44,53.197271
-53,3,53.204273
-74,24,53.254284
-101,51,53.362315
-63,13,53.389319
-69,19,53.430328
-57,7,53.445332
-114,64,53.579362
-86,36,53.656379
-84,34,53.728396
-52,2,53.733396
-82,32,53.800411
-75,25,53.853423
-55,5,53.864426
-138,88,54.051467
-54,4,54.060469
-107,57,54.179496
-80,30,54.24351
-66,16,54.277518
-52,2,54.282519
-64,14,54.312526
-85,35,54.386542
-76,26,54.441554
-60,10,54.462565
-66,16,54.496568
-77,27,54.553581
-56,6,54.567584
-103,53,54.679609
-100,100,54.887655
36,14,54.917662
-71,21,54.962672
-54,4,54.971674
-91,41,55.061694
-58,8,55.078699
-55,5,55.091701
-60,10,55.113706
-54,4,55.122708
-69,19,55.163717
-87,37,55.242735
-55,5,55.253737
18,32,55.321752
-72,22,55.369763
-64,14,55.39977
-94,44,55.492791
24,26,55.548804
-62,12,55.573808
-102,52,56.434133
-64,14,56.46814
-89,39,56.550159
-134,84,56.727199
-76,26,56.783211
-56,6,56.796214
-62,12,56.822219
-70,20,56.86623
-52,2,56.87123
-67,17,56.908239
-68,18,56.946247
-54,4,56.95525
24,26,57.011261
-107,57,57.132289
-85,35,57.207305
-58,8,57.22631
-52,2,57.232311
-54,4,57.242313
-89,39,57.325332
-65,15,57.357339
-60,10,57.379344
-64,14,57.40935
-69,19,57.45036
-61,11,57.474365
-56,6,57.487368
-55,5,57.49837
-57,7,57.514374
-55,5,57.525377
-68,18,57.564385
-57,7,57.579388
-73,23,57.6314
-80,30,57.695541
-68,18,57.73655
-63,13,57.764556
20,30,57.82757
-80,30,57.893585
-66,16,57.927592
-66,16,57.9626
-147,97,58.167646
-63,13,58.195653
-96,46,58.293674
-84,34,58.365811
-55,5,58.376813
-66,16,58.41082
-58,8,58.428824
-76,26,58.483837
-77,27,58.54185
-56,6,58.554853
-73,23,58.605865
-52,2,58.610866
-76,26,58.666878
13,37,58.744895
-55,5,58.755898
-67,17,58.793906
-55,5,58.804908
-61,11,58.828914
-100,100,59.039961
-57,7,59.057965
1,49,59.162988
-61,11,59.186994
-62,12,59.212999
-53,3,59.220001
-55,5,59.231003
-55,5,59.242006
-71,21,59.287017
-54,4,59.296018
-54,4,59.30502
-56,6,59.319023
-61,11,59.344029
-87,37,59.423046
-94,44,59.516068
-64,14,59.546074
-59,9,59.566078
26,24,59.61709
-79,29,59.680104
-97,47,59.781126
-81,31,59.847141
-68,18,59.885149
-60,10,59.909155
-52,2,59.914156
-57,7,59.92918
-55,5,59.941183
-58,8,59.958187
-70,20,60.001197
-60,10,60.023202
-56,6,60.039205
-54,4,60.048207
6,44,60.143228
-58,8,60.161233
-101,51,60.269257
-53,3,60.276259
-73,23,60.325269
-52,2,60.333271
-62,12,60.359277
-60,10,60.381281
-67,17,60.420291
-72,22,60.467301
-55,5,60.478303
-56,6,60.494308
-92,42,60.583327
32,18,60.622335
-66,16,60.656343
-58,8,60.674347
-58,8,60.692352
-91,41,61.525537
-56,6,61.540541
-56,6,61.554543
-80,30,61.617557
-58,8,61.636562
-63,13,61.666569
-100,100,61.877616
-60,10,61.89862
-59,9,61.920625
-52,2,61.925626
-57,7,61.94063
-70,20,61.983639
-68,18,62.022648
-67,17,62.058656
-53,3,62.065657
20,30,62.131672
20,30,62.194686
-62,12,62.220692
-64,14,62.250699
-90,40,62.334718
-77,27,62.39073
39,11,62.414735
-55,5,62.428738
-69,19,62.468747
-77,27,62.52776
-64,14,62.557767
-54,4,62.566769
-58,8,62.585773
-52,2,62.590774
-53,3,62.598776
-52,2,62.603777
-73,23,62.653789
-56,6,62.666792
-63,13,62.694798
-62,12,62.721804
-53,3,62.729805
-56,6,62.742808
-82,32,62.809823
-72,22,62.856834
-59,9,62.876838
-63,13,62.903844
-52,2,62.909846
-58,8,62.92685
-72,22,62.97386
-53,3,62.981862
-58,8,62.998865
-55,5,63.011868
-75,25,63.06488
-92,42,63.1529
-74,24,63.203911
-55,5,63.214914
-57,7,63.230917
-53,3,63.238919
-53,3,63.245921
-80,30,63.309935
-58,8,63.32794
-78,28,63.389953
-54,4,63.400958
-65,15,63.432966
-61,11,63.45597
-64,14,63.485977
1,49,63.589
-52,2,63.595002
-77,27,63.652014
-55,5,63.665017
-60,10,63.686022
-63,13,63.714029
-54,4,63.72303
-86,36,63.799047
-54,4,63.808049
-92,42,63.897069
-61,11,63.920074
-54,4,63.932077
-62,12,63.958083
-69,19,64.000092
-59,9,64.020096
-55,5,64.032099
-61,11,64.058105
-68,18,64.097114
-54,4,64.106116
-52,2,64.112117
-69,19,64.153129
-61,11,64.177135
-53,3,64.184136
-54,4,64.193139
-64,14,64.223145
-53,3,64.230146
-63,13,64.258152
-67,17,64.294161
-74,24,64.345172
-61,11,64.369177
-64,14,64.398184
-54,4,64.409186
-62,12,64.436192
-72,22,64.482203
-63,13,64.510209
-63,13,64.538215
-37,87,64.719256
-52,2,64.724257
-53,3,64.731258
-65,15,64.763265
-60,10,64.78527
-61,11,64.808275
-70,20,64.854285
-53,3,64.861288
-58,8,64.878292
-57,7,64.893294
-56,6,64.906297
-56,6,64.9193
36,14,64.951307
-52,2,64.956309
-53,3,64.96431
-75,25,65.017322
-59,9,65.037327
-53,3,65.044328
-68,18,65.084337
-81,31,65.150352
-91,41,65.235371
-61,11,65.260376
-57,7,65.27638
-72,22,65.32239
-60,10,65.346395
-59,9,65.3654
-55,5,65.377403
-93,43,65.466422
-92,42,65.555442
-55,5,65.568445
-99,49,65.672468
-75,25,65.72648
-65,15,65.758487
-54,4,65.767489
-81,31,65.838506
32,18,65.878514
-60,10,65.901522
-62,12,65.928528
-80,30,66.78772
-65,15,66.821728
-56,6,66.835731
-52,2,66.840732
-90,40,66.928751
-52,2,66.933752
-60,10,66.956758
-65,15,66.990765
-59,9,67.01077
-76,26,67.070784
-64,14,67.10179
-55,5,67.114793
-55,5,67.126795
-78,28,67.18881
-60,10,67.211814
-73,23,67.262826
-52,2,67.268827
-54,4,67.277829
-59,9,67.298834
-53,3,67.306836
-52,2,67.311837
-62,12,67.338843
-68,18,67.378852
-53,3,67.385854
-57,7,67.401857
-55,5,67.413859
-59,9,67.433864
-53,3,67.440866
-54,4,67.450868
-55,5,67.46287
-89,39,67.55189
-60,10,67.574895
-69,19,67.617905
-62,12,67.644911
-69,19,67.68692
-81,31,67.754936
-55,5,67.766938
-70,20,67.810948
-55,5,67.822951
-53,3,67.829952
-56,6,67.843956
-60,10,67.866961
-94,44,67.962982
-77,27,68.022995
-59,9,68.044
-52,2,68.049001
-62,12,68.077008
-66,16,68.113016
-58,8,68.13102
-86,36,68.211037
-53,3,68.219039
-81,31,68.287055
-70,20,68.331064
-56,6,68.345067
-72,22,68.395078
-96,46,68.496103
-59,9,68.517108
-70,20,68.562118
-59,9,68.582122
-56,6,68.596126
-90,40,68.684145
-56,6,68.697148
-57,7,68.713151
-57,7,68.730155
-53,3,68.737157
-64,14,68.769164
-73,23,68.820175
-55,5,68.831178
-53,3,68.83918
-59,9,68.859185
-74,24,68.912196
-88,38,68.995214
-56,6,69.010218
-57,7,69.026222
-65,15,69.059229
-72,22,69.10824
-54,4,69.117242
-66,16,69.15325
-60,10,69.175254
-85,35,69.252272
-57,7,69.268275
-57,7,69.284279
-52,2,69.28928
-75,25,69.344292
26,24,69.397304
-59,9,69.41831
-52,2,69.42331
-52,2,69.429311
-52,2,69.434313
-62,12,69.461318
-54,4,69.471321
-60,10,69.493325
-61,11,69.518331
-54,4,69.529334
-73,23,69.580345
-54,4,69.590347
-64,14,69.621354
-52,2,69.627356
-52,2,69.632357
-53,3,69.640358
-79,29,69.703372
-64,14,69.735379
-52,2,69.740381
-60,10,69.762385
-52,2,69.767387
-62,12,69.795393
-54,4,69.804395
-58,8,69.822399
13,37,69.90453
-52,2,69.910531
-61,11,69.934537
-55,5,69.94854
-84,34,70.023556
-66,16,70.059565
-57,7,70.075568
-71,21,70.122579
-73,23,70.176591
-63,13,70.205597
-96,46,70.30662
-71,21,70.35363
-60,10,70.376636
-66,16,70.423646
-59,9,70.444651
-58,8,70.462655
-56,6,70.476657
-94,44,70.57568
-60,10,70.597685
-66,16,70.633693
-57,7,70.649696
-88,38,70.739716
-62,12,70.766723
-80,30,70.835738
-62,12,70.863744
-78,28,70.925758
-53,3,70.93376
-79,29,70.996774
-64,14,71.029781
-59,9,71.049786
-53,3,71.059787
-58,8,71.079792
-68,18,71.119801
-53,3,71.127803
-56,6,71.141806
-53,3,71.155809
-52,2,71.166812
-56,6,71.189817
-55,5,71.20382
-56,6,71.219824
-55,5,71.232826
-55,5,71.244829
-60,10,71.269835
-52,2,71.274835
-57,7,71.29384
-74,24,71.349852
-63,13,71.38186
-63,13,71.412867
-56,6,71.42787
-68,18,72.283184
-65,15,72.318192
-54,4,72.328194
-54,4,72.340196
-54,4,72.350199
-58,8,72.369203
-68,18,72.410212
-64,14,72.442358
-53,3,72.44936
-59,9,72.470365
-56,6,72.484368
-52,2,72.489369
-52,2,72.49437
-54,4,72.505372
-54,4,72.514375
-57,7,72.530378
-81,31,72.598393
-59,9,72.619399
-79,29,72.683413
-54,4,72.695415
-52,2,72.703417
-54,4,72.71542
-55,5,72.726422
-55,5,72.738425
-60,10,72.763431
-67,17,72.800438
-76,26,72.858451
-58,8,72.878456
-71,21,72.927467
-78,28,72.991481
-52,2,72.996482
-66,16,73.03149
-68,18,73.071609
-52,2,73.078611
-69,19,73.12062
-57,7,73.137625
-63,13,73.166631
-52,2,73.174632
-80,30,73.240647
-62,12,73.267653
-83,33,73.34167
-52,2,73.346671
-61,11,73.371676
-78,28,73.433693
-71,21,73.482703
-56,6,73.496707
-58,8,73.514711
-61,11,73.540716
-58,8,73.559721
8,42,73.651741
-56,6,73.665745
-56,6,73.681748
-82,32,73.751764
-67,17,73.792775
-54,4,73.801777
-60,10,73.824783
-55,5,73.836786
-52,2,73.841786
-54,4,73.851789
-56,6,73.865792
-53,3,73.872793
-64,14,73.905801
-54,4,73.914803
-72,22,73.964814
-57,7,73.983818
-83,33,74.058836
-57,7,74.075839
-52,2,74.08284
-59,9,74.104845
-56,6,74.118848
-52,2,74.12485
31,19,74.166859
-52,2,74.17286
-53,3,74.180862
-65,15,74.21587
-75,25,74.271882
-70,20,74.318893
-54,4,74.327895
-53,3,74.336897
-52,2,74.341898
-65,15,74.375906
-77,27,74.435919
-66,16,74.470927
-53,3,74.479929
-60,10,74.502934
-63,13,74.53194
-52,2,74.536942
32,18,74.57695
-64,14,74.608958
-62,12,74.637964
-52,2,74.642965
-72,22,74.696977
-58,8,74.715112
-53,3,74.722114
-52,2,74.727115
-71,21,74.774125
-60,10,74.797131
-58,8,74.815135
-61,11,74.840141
-53,3,74.847142
-75,25,74.903154
-65,15,74.936162
-59,9,74.958167
-71,21,75.005177
-64,14,75.038184
-60,10,75.06119
-53,3,75.068191
-57,7,75.084195
-53,3,75.091196
-53,3,75.099198
-58,8,75.117202
-53,3,75.124204
-80,30,75.191219
-61,11,75.216224
-52,2,75.222225
-52,2,75.228227
-61,11,75.255233
-63,13,75.28524
-52,2,75.290241
-56,6,75.304244
-56,6,75.318247
-66,16,75.354255
-66,16,75.389263
-52,2,75.394264
-62,12,75.42127
-52,2,75.426271
-55,5,75.439274
-60,10,75.462279
-52,2,75.46728
-71,21,75.514291
-56,6,75.528295
-53,3,75.535295
-112,62,75.671326
-82,32,75.744342
-56,6,75.759346
-52,2,75.764347
-62,12,75.794353
-53,3,75.804355
-65,15,75.840364
-52,2,75.846365
-52,2,75.851367
-71,21,75.899377
-54,4,75.909379
-52,2,75.91438
-56,6,75.928384
-74,24,75.982395
-53,3,75.989397
-55,5,76.001399
-64,14,76.033406
-60,10,76.056412
-52,2,76.061413
-52,2,76.066414
-52,2,76.073415
-62,12,76.100422
-53,3,76.108423
-73,23,76.159435
-55,5,76.171437
-73,23,76.222448
-53,3,76.22945
29,21,76.278461
-61,11,76.304467
-54,4,76.314469
-63,13,76.345476
-54,4,76.355478
-58,8,76.375483
-58,8,76.394487
-66,16,76.430495
-87,37,76.512513
-52,2,76.517515
-54,4,76.527517
-66,16,76.564525
-56,6,76.578528
-61,11,76.604534
-52,2,76.612536
-91,41,76.712558
-54,4,76.72256
36,14,76.756568
-52,2,76.762569
-53,3,76.770571
-52,2,76.775573
-53,3,76.786575
-108,58,76.923605
-58,8,76.94361
-55,5,76.956613
-55,5,76.968616
-57,7,76.985619
-63,13,77.015625
-54,4,77.90359
-52,2,77.908591
-61,11,77.933597
-53,3,77.942599
-69,19,77.983608
-89,39,78.069628
-56,6,78.08363
-54,4,78.094633
-58,8,78.113637
-60,10,78.135642
-55,5,78.147645
-53,3,78.155646
-58,8,78.178652
-55,5,78.190655
-57,7,78.209659
-57,7,78.225662
-54,4,78.235664
-72,22,78.290677
-62,12,78.321684
-57,7,78.339688
-86,36,78.425707
25,25,78.484872
23,27,78.546886
-54,4,78.556888
-64,14,78.589896
-58,8,78.6079
-67,17,78.644908
-53,3,78.65491
-58,8,78.672914
-55,5,78.683917
-55,5,78.69792
-52,2,78.703921
-52,2,78.708922
-58,8,78.729927
-61,11,78.756933
-57,7,78.773937
-53,3,78.781938
-100,50,78.906966
28,22,78.96798
-53,3,78.978982
-54,4,78.995986
-55,5,79.012143
-58,8,79.036148
-59,9,79.063154
-64,14,79.099162
-52,2,79.108164
-72,22,79.169178
-52,2,79.17718
-52,2,79.183181
-56,6,79.199185
-55,5,79.212187
-58,8,79.234193
-56,6,79.249196
-58,8,79.270344
-54,4,79.280346
-54,4,79.291348
-52,2,79.296349
-68,18,79.336358
-53,3,79.343359
-56,6,79.357363
-52,2,79.362364
-52,2,79.367365
-55,5,79.379368
-90,40,79.465387
-52,2,79.470388
-63,13,79.499394
-67,17,79.536402
-88,38,79.634425
-62,12,79.669432
-52,2,79.675434
-52,2,79.682435
-53,3,79.692438
-54,4,79.701439
-53,3,79.709441
-75,25,79.762453
-55,5,79.774456
-63,13,79.804462
-52,2,79.809464
-106,56,79.937496
-62,12,79.963502
-63,13,79.992508
-77,27,80.052521
-65,15,80.088529
-56,6,80.102533
-54,4,80.113534
-52,2,80.118536
-53,3,80.125537
-70,20,80.169551
-71,21,80.215561
-62,12,80.241566
-64,14,80.271574
-58,8,80.290578
-56,6,80.303581
-70,20,80.349592
-54,4,80.360594
-52,2,80.367596
-61,11,80.399602
-57,7,80.418607
-52,2,80.426608
-64,14,80.463616
-52,2,80.468617
-99,49,80.587645
-54,4,80.597646
-60,10,80.620651
-54,4,80.631654
-52,2,80.636655
-55,5,80.648658
-67,17,80.687666
-54,4,80.696668
-54,4,80.706671
-56,6,80.721674
-56,6,80.735677
-57,7,80.751681
-88,38,80.83582
-55,5,80.848823
-52,2,80.854824
-69,19,80.910837
-53,3,80.923839
-79,29,80.996856
-52,2,81.002858
-55,5,81.020861
-52,2,81.030864
-56,6,81.049868
-52,2,81.05587
-52,2,81.062871
-62,12,81.094877
-59,9,81.119884
-73,23,81.183897
-74,24,81.249913
-53,3,81.257914
-52,2,81.264916
-54,4,81.274917
-54,4,81.28592
-52,2,81.290922
-54,4,81.301924
-63,13,81.336932
-66,16,81.373939
-72,22,81.423951
-67,17,81.46096
-61,11,81.484964
-53,3,81.491966
-57,7,81.50797
-52,2,81.512971
-76,26,81.571984
-81,31,81.639999
-53,3,81.650002
-59,9,81.670006
-59,9,81.69001
-74,24,81.742548
-69,19,81.785558
-57,7,81.801561
-80,30,81.865576
-70,20,81.909585
-56,6,81.922589
-52,2,81.927589
-77,27,81.993604
-55,5,82.005607
-56,6,82.02061
-52,2,82.028612
-61,11,82.053618
30,20,82.097627
-52,2,82.103629
-52,2,82.10863
-54,4,82.118632
-54,4,82.129634
-55,5,82.140637
-53,3,82.148638
-84,34,82.222656
-59,9,82.245662
-56,6,82.260664
-69,19,82.304674
-100,50,82.416698
-79,29,82.489714
-60,10,82.513721
-54,4,82.524722
-65,15,82.55873
-52,2,82.564731
-63,13,82.594738
-55,5,82.607742
-55,5,82.620744
-57,7,82.641749
-53,3,82.64975
40,10,82.672755
-52,2,82.678757
-52,2,82.684758
-58,8,82.703763
-55,5,82.715765
-69,19,82.760776
-56,6,82.775779
-61,11,82.804785
-55,5,82.819789
-52,2,82.82879
-57,7,82.854797
-52,2,82.863798
-56,6,82.883803
-75,25,83.75527
-52,2,83.760271
-53,3,83.767272
-53,3,83.774273
-56,6,83.788277
-60,10,83.810282
-58,8,83.829286
-71,21,83.875296
-57,7,83.8913
-57,7,83.907303
-52,2,83.914305
-55,5,83.926308
-55,5,83.940311
-52,2,83.946312
-61,11,83.974319
-52,2,83.979319
-54,4,83.990321
-54,4,84.001324
-58,8,84.022329
-61,11,84.051335
-52,2,84.059337
-56,6,84.076341
-62,12,84.104347
-55,5,84.11735
-52,2,84.122351
-56,6,84.135354
-61,11,84.161361
-53,3,84.168361
-53,3,84.175363
-53,3,84.183365
-55,5,84.194368
-56,6,84.20737
-52,2,84.213372
-64,14,84.243378
-55,5,84.257382
-52,2,84.262383
-52,2,84.267384
-61,11,84.29339
-53,3,84.303392
-59,9,84.326397
-53,3,84.334399
-52,2,84.340401
-52,2,84.347402
-53,3,84.355403
-56,6,84.369406
-58,8,84.390411
-59,9,84.412417
-53,3,84.420418
-55,5,84.433421
-64,14,84.467428
-54,4,84.479431
-55,5,84.493435
-53,3,84.501436
-53,3,84.510438
-57,7,84.529443
-53,3,84.537444
-54,4,84.548446
-64,14,84.584455
-52,2,84.590456
-53,3,84.599463
-54,4,84.610466
-55,5,84.62747
37,13,84.659477
-58,8,84.68061
-52,2,84.68661
-52,2,84.692612
-57,7,84.711617
-63,13,84.744624
-63,13,84.779631
-76,26,84.846646
-52,2,84.852648
-63,13,84.885655
-58,8,84.906659
-61,11,84.932666
-52,2,84.938668
-54,4,84.949669
-52,2,84.955671
-52,2,84.960672
-52,2,84.966674
-57,7,84.985677
-60,10,85.012684
-58,8,85.034688
-54,4,85.04569
-57,7,85.064695
-54,4,85.076698
-96,46,85.191727
-57,7,85.212732
-60,10,85.236741
-59,9,85.258746
-56,6,85.273749
-65,15,85.314759
-56,6,85.329762
-52,2,85.335763
-52,2,85.341764
-59,9,85.36277
-57,7,85.384774
-71,21,85.438786
-53,3,85.446788
-55,5,85.460792
-52,2,85.466793
-58,8,85.485797
-60,10,85.510802
-54,4,85.522805
-54,4,85.533808
-63,13,85.565815
-55,5,85.580818
-61,11,85.610825
-55,5,85.623827
-52,2,85.628829
-52,2,85.634831
-56,6,85.649833
-58,8,85.673839
-53,3,85.682841
-65,15,85.72485
-53,3,85.733852
-80,30,85.804868
-68,18,85.846877
-52,2,85.851879
-52,2,85.856879
-52,2,85.86188
-52,2,85.867882
-57,7,85.883885
-70,20,85.932035
-52,2,85.937036
-71,21,85.988047
-54,4,85.99805
-52,2,86.003051
-55,5,86.015054
-53,3,86.023055
-100,50,86.140082
-63,13,86.171089
-60,10,86.196094
-56,6,86.211097
-54,4,86.221099
-54,4,86.231101
-57,7,86.249105
-67,17,86.288114
-52,2,86.298117
-69,19,86.344127
-52,2,86.351128
-59,9,86.375284
-54,4,86.389287
-58,8,86.409291
-54,4,86.420293
-52,2,86.426295
-60,10,86.4513
-52,2,86.458302
-52,2,86.464303
-52,2,86.470305
-52,2,86.475306
-57,7,86.492309
-65,15,86.527318
-66,16,86.564326
-59,9,86.58533
-52,2,86.591331
-52,2,86.597333
-64,14,86.63134
-60,10,86.655346
-53,3,86.664348
-53,3,86.673351
-53,3,86.680351
-53,3,86.690353
-52,2,86.696355
-52,2,86.702356
-58,8,86.723361
-52,2,86.730362
-52,2,86.736364
29,21,86.786375
-57,7,86.804379
-55,5,86.817383
-58,8,86.837386
-75,25,86.8954
-54,4,86.905402
-53,3,86.912403
-58,8,86.933408
-59,9,86.955413
-52,2,86.960414
-62,12,86.98942
-58,8,87.008424
-55,5,87.021427
-60,10,87.045433
-63,13,87.07544
-58,8,87.093444
-60,10,87.119449
-52,2,87.125451
-54,4,87.135453
-52,2,87.140454
-54,4,87.149456
-59,9,87.17046
-68,18,87.211613
-52,2,87.216614
-54,4,87.226616
-57,7,87.24362
-55,5,87.256623
-65,15,87.294631
-56,6,87.314636
-63,13,87.347643
-70,20,87.395654
-54,4,87.405656
-52,2,87.410657
-53,3,87.41866
-54,4,87.429661
-59,9,87.452667
-52,2,87.457667
-54,4,87.46867
-52,2,87.473671
-57,7,87.490676
-52,2,87.495676
-53,3,87.503678
-52,2,87.508679
-52,2,87.51368
-54,4,87.524683
-56,6,87.537685
39,11,87.565692
36,14,87.6027
32,18,87.644709
-59,9,87.665714
-65,15,87.700722
-54,4,87.709724
-54,4,87.718725
-52,2,87.723727
-55,5,87.73773
-53,3,87.744731
-61,11,87.772738
-58,8,87.792742
-59,9,87.813885
-70,20,87.860895
-52,2,87.866896
-54,4,87.878898
-54,4,87.889901
-61,11,87.915908
-56,6,87.929911
-52,2,87.934911
-53,3,87.943914
-52,2,87.948915
-52,2,87.953917
-52,2,87.959918
-55,5,87.97192
-52,2,87.976921
-53,3,87.984922
-52,2,87.989924
-53,3,87.996925
-55,5,88.008928
-53,3,88.01693
-53,3,88.023932
-52,2,88.030933
-56,6,88.044936
-58,8,88.063941
-55,5,88.075943
-54,4,88.086945
-52,2,88.091947
-58,8,88.111951
-53,3,88.119953
-55,5,88.130955
-59,9,88.15396
-59,9,88.176965
-52,2,88.181966
-56,6,88.19697
-62,12,88.225976
-52,2,88.230977
-52,2,88.235979
-54,4,88.245981
-52,2,88.251982
-55,5,88.264985
-75,25,88.322998
-52,2,88.328
-52,2,88.334001
-58,8,88.353005
40,10,88.377011
-52,2,88.382011
-52,2,88.388012
-61,11,88.414018
-53,3,88.42102
-54,4,88.432022
-54,4,88.444025
-62,12,88.472031
-54,4,88.481033
-72,22,88.534045
-61,11,88.559051
-53,3,88.567053
-66,16,88.605215
-52,2,88.611217
-61,11,88.637222
-55,5,88.649225
-52,2,88.654226
-53,3,88.662228
-53,3,88.670229
-70,20,88.71624
-61,11,88.742245
-53,3,88.751247
28,22,88.802259
-62,12,88.830265
-52,2,88.835266
-53,3,88.842268
37,13,89.750646
-52,2,89.756648
-75,25,89.815661
-57,7,89.832664
-52,2,89.841667
-67,17,89.881675
-66,16,89.918813
-52,2,89.924809
-54,4,89.934812
-53,3,89.944813
-52,2,89.951815
-53,3,89.959817
-56,6,89.97382
-68,18,90.01983
-52,2,90.024831
-52,2,90.030833
-52,2,90.035834
-54,4,90.045835
-55,5,90.056839
-54,4,90.066841
-52,2,90.071842
-54,4,90.082844
-60,10,90.10785
-84,34,90.186868
-75,25,90.246881
-54,4,90.255883
-57,7,90.271886
-53,3,90.279888
-60,10,90.304894
-59,9,90.327899
-53,3,90.335901
-52,2,90.341902
-61,11,90.368908
-52,2,90.375909
-56,6,90.389913
-52,2,90.395914
-61,11,90.42092
-57,7,90.437923
-53,3,90.445925
-52,2,90.453927
-52,2,90.459928
-60,10,90.482934
-59,9,90.504939
-58,8,90.523943
-62,12,90.551949
-53,3,90.558951
-71,21,90.609962
-58,8,90.628965
-56,6,90.642969
-63,13,90.674977
-52,2,90.681978
-52,2,90.687979
-59,9,90.711984
-59,9,90.73499
-52,2,90.742991
-61,11,90.769997
-56,6,90.785001
-64,14,90.819126
-52,2,90.824128
-65,15,90.860135
-53,3,90.868137
-52,2,90.874139
-52,2,90.879139
-56,6,90.892143
-53,3,90.900145
-55,5,90.912147
-82,32,90.987164
-54,4,90.997166
-53,3,91.007168
-52,2,91.01317
-55,5,91.024172
-60,10,91.050178
-52,2,91.055179
-55,5,91.068182
-70,20,91.114192
-55,5,91.126194
-64,14,91.159202
-52,2,91.164203
-57,7,91.181207
-54,4,91.19221
-55,5,91.204212
-52,2,91.211214
-67,17,91.251223
-52,2,91.258224
-55,5,91.27133
-57,7,91.288352
-55,5,91.300354
-52,2,91.306355
-61,11,91.332361
-52,2,91.338363
-52,2,91.346364
-52,2,91.351365
-52,2,91.357367
-52,2,91.362368
-52,2,91.36837
-69,19,91.413379
-59,9,91.436384
-75,25,91.495398
-60,10,91.520403
-53,3,91.528406
-59,9,91.55041
-58,8,91.568414
-55,5,91.582417
-57,7,91.598421
-57,7,91.615425
-56,6,91.628427
-52,2,91.633429
-59,9,91.655434
-58,8,91.675438
-56,6,91.688441
-54,4,91.698442
-52,2,91.703444
-58,8,91.723449
-54,4,91.732451
-55,5,91.744453
-60,10,91.770459
-52,2,91.77646
-52,2,91.781461
-54,4,91.791464
-53,3,91.798465
-54,4,91.809468
-52,2,91.814469
-52,2,91.81947
-52,2,91.826471
-57,7,91.841475
-53,3,91.851478
-52,2,91.856478
-53,3,91.86448
-57,7,91.881484
-63,13,91.91149
-54,4,91.921493
-52,2,91.926495
-52,2,91.932495
-54,4,91.942497
-53,3,91.950499
-54,4,91.960501
-57,7,91.977505
-54,4,91.986507
-55,5,91.99951
-61,11,92.026516
-63,13,92.056523
-52,2,92.062524
-58,8,92.084529
-52,2,92.092531
-53,3,92.100533
-52,2,92.105534
-52,2,92.113535
-60,10,92.138541
-53,3,92.145543
-52,2,92.151544
-52,2,92.156545
-54,4,92.166547
-53,3,92.174549
-53,3,92.182551
-62,12,92.209557
-53,3,92.218559
-66,16,92.256567
-54,4,92.26557
-55,5,92.278572
-52,2,92.283574
-61,11,92.309579
-53,3,92.316581
40,10,92.339586
-53,3,92.347588
-58,8,92.366592
-53,3,92.374593
-57,7,92.390597
-61,11,92.416603
-55,5,92.428606
-64,14,92.464614
-56,6,92.478617
-54,4,92.488619
-53,3,92.496621
-72,22,92.547632
-52,2,92.555634
-57,7,92.571638
-56,6,92.586641
-54,4,92.597644
-53,3,92.605646
-53,3,92.613647
-58,8,92.632651
-52,2,92.640653
-52,2,92.645654
-59,9,92.666659
-69,19,92.711669
-52,2,92.71667
-61,11,92.743676
-54,4,92.753678
-58,8,92.772686
-52,2,92.777687
-53,3,92.785689
-72,22,92.839701
-55,5,92.851704
-52,2,92.857705
-61,11,92.883711
-59,9,92.904715
-70,20,92.950726
-52,2,92.955727
-52,2,92.964728
-96,46,93.071753
-55,5,93.083755
-53,3,93.090757
-55,5,93.10476
-64,14,93.137768
-54,4,93.14877
-59,9,93.170775
-52,2,93.175776
-52,2,93.180777
-92,42,93.269797
-59,9,93.289801
-54,4,93.298817
-73,23,93.347828
-52,2,93.35583
-52,2,93.360831
-59,9,93.385837
-64,14,93.416843
-52,2,93.421845
-54,4,93.430846
-52,2,93.435848
-52,2,93.440849
-64,14,93.471856
-52,2,93.476857
-58,8,93.494861
-54,4,93.503863
-57,7,93.520015
-52,2,93.525012
-52,2,93.530013
-63,13,93.55902
-58,8,93.577024
-57,7,93.592027
-59,9,93.614033
-52,2,93.621033
-55,5,93.634037
-57,7,93.65004
-53,3,93.659042
-53,3,93.666044
-53,3,93.673045
-53,3,93.680047
-52,2,93.687048
-58,8,93.704052
-52,2,93.709054
-54,4,93.721056
20,30,93.786071
-53,3,93.793072
-58,8,93.811076
-52,2,93.816077
-59,9,93.836082
-61,11,93.862087
-53,3,93.869089
-52,2,93.87409
-52,2,93.879091
-53,3,93.887093
-52,2,93.892094
-54,4,93.901096
-52,2,93.906097
-54,4,93.915099
-52,2,93.9201
-52,2,93.926102
-56,6,93.940105
-59,9,93.959109
-52,2,93.96411
-64,14,93.995117
-74,24,94.048258
-53,3,94.05526
-58,8,94.074264
-56,6,94.091268
-63,13,94.122275
-55,5,94.133277
-53,3,94.141279
-52,2,94.146281
-54,4,94.155282
-53,3,94.163284
-55,5,94.176287
-56,6,94.18929
-53,3,94.197292
-57,7,94.212295
-56,6,94.226298
-52,2,94.231299
-57,7,94.249303
-52,2,94.253304
-72,22,94.301442
-65,15,94.335449
-53,3,94.342451
-56,6,94.356455
-85,35,94.433471
-52,2,94.439473
-56,6,94.453476
-54,4,94.463478
-57,7,94.478482
-55,5,94.490484
-58,8,94.509488
-91,41,94.599671
-52,2,94.604673
-53,3,94.611674
-63,13,94.640681
-52,2,94.645681
-53,3,94.653683
-55,5,94.664686
-56,6,94.679689
-54,4,94.688691
-52,2,94.693692
-53,3,95.535292
-55,5,95.547295
-59,9,95.5673
-52,2,95.572301
-55,5,95.584303
-57,7,95.600307
-55,5,95.61131
-52,2,95.617311
-56,6,95.634314
-52,2,95.641316
-52,2,95.647318
-52,2,95.653319
-52,2,95.659321
-55,5,95.674323
-56,6,95.690327
-52,2,95.698329
-52,2,95.70433
-53,3,95.713332
-58,8,95.736337
-52,2,95.742338
-52,2,95.74834
-54,4,95.762344
-58,8,95.788348
-52,2,95.79335
-52,2,95.802352
-52,2,95.808353
-68,18,95.859365
-55,5,95.874368
-52,2,95.879369
-54,4,95.889371
-53,3,95.897373
-52,2,95.902374
-54,4,95.911376
-55,5,95.923378
-54,4,95.93238
-60,10,95.954386
-52,2,95.959387
-68,18,95.997396
-52,2,96.002397
-52,2,96.007398
-55,5,96.0184
-55,5,96.030406
-54,4,96.039408
-52,2,96.044409
-57,7,96.061414
-52,2,96.067415
-78,28,96.146432
-81,31,96.22945
-52,2,96.236452
-52,2,96.243454
-52,2,96.249455
-54,4,96.260457
-52,2,96.266459
-52,2,96.27346
-67,17,96.31747
-52,2,96.322472
-53,3,96.330473
-53,3,96.338475
-52,2,96.343476
-55,5,96.355479
-55,5,96.36648
-53,3,96.373482
-61,11,96.397488
-58,8,96.417492
-53,3,96.424494
-52,2,96.429495
-54,4,96.438497
-54,4,96.448499
-58,8,96.468504
-52,2,96.473505
-52,2,96.478506
-54,4,96.487508
-59,9,96.507513
-54,4,96.516514
-55,5,96.528517
-53,3,96.535519
-53,3,96.542521
-65,15,96.575528
-55,5,96.58753
-52,2,96.592531
34,16,96.627539
-53,3,96.634541
-56,6,96.648544
-52,2,96.653545
-62,12,96.679551
-53,3,96.686552
-53,3,96.694554
-52,2,96.699556
-52,2,96.704556
-52,2,96.709558
-69,19,96.751567
-53,3,96.758568
-52,2,96.76457
-52,2,96.769571
-52,2,96.774572
34,16,96.809695
-54,4,96.819697
-58,8,96.8367
-52,2,96.841702
-52,2,96.849704
-55,5,96.861706
-54,4,96.870708
-52,2,96.875709
-64,14,96.905716
-52,2,96.910717
-55,5,96.921719
-53,3,96.931722
-53,3,96.938723
-56,6,96.952726
-56,6,96.965729
-52,2,96.973731
-54,4,96.982733
-53,3,96.989735
-54,4,96.998736
-57,7,97.01474
-57,7,97.030744
-52,2,97.035745
-59,9,97.05675
-52,2,97.061751
-53,3,97.068753
-53,3,97.075754
-53,3,97.083756
-53,3,97.091758
-54,4,97.10276
-52,2,97.108761
-52,2,97.114763
-53,3,97.124765
-53,3,97.133767
-59,9,97.157773
-52,2,97.163773
-56,6,97.179778
-54,4,97.190779
-53,3,97.199782
-52,2,97.205783
-52,2,97.212785
-53,3,97.222787
-64,14,97.258795
-54,4,97.273798
-52,2,97.281799
-53,3,97.290802
-54,4,97.299804
-65,15,97.332811
-62,12,97.358817
-60,10,97.380822
-56,6,97.394825
-52,2,97.399826
-66,16,97.434834
33,17,97.471842
-53,3,97.478844
-69,19,97.519853
-55,5,97.530855
-54,4,97.539858
-59,9,97.559862
-64,14,97.590869
-53,3,97.597871
-54,4,97.607873
-53,3,97.614874
-52,2,97.619875
-52,2,97.624876
-54,4,97.635879
-62,12,97.662885
-60,10,97.68489
-53,3,97.692891
-53,3,97.699893
-52,2,97.704894
-53,3,97.713896
-53,3,97.720898
-66,16,97.754905
-56,6,97.768908
-55,5,97.780911
-53,3,97.787913
-60,10,97.813919
-55,5,97.827922
-52,2,97.833923
-54,4,97.845925
-61,11,97.873932
-53,3,97.883934
-55,5,97.897938
-57,7,97.919942
-52,2,97.925944
-52,2,97.931945
-53,3,97.939947
-52,2,97.946948
-53,3,97.95695
-53,3,97.966953
-75,25,98.030967
-58,8,98.048971
-52,2,98.053972
-55,5,98.064975
-52,2,98.070976
-52,2,98.075977
26,24,98.127991
-58,8,98.145996
-52,2,98.151997
-59,9,98.172001
-57,7,98.188005
-63,13,98.216011
-54,4,98.226013
-52,2,98.231014
-86,36,98.308032
-52,2,98.315033
-54,4,98.325036
-54,4,98.334037
-54,4,98.344039
28,22,98.392051
-52,2,98.397052
-67,17,98.43406
-52,2,98.439061
-52,2,98.444062
-57,7,98.459066
-65,15,98.492073
-52,2,98.497073
-52,2,98.502075
-54,4,98.512077
-54,4,98.522079
-52,2,98.527081
-56,6,98.541084
-54,4,98.550213
-53,3,98.557214
-56,6,98.571217
-56,6,98.58522
-52,2,98.590222
-53,3,98.599224
-58,8,98.617228
-64,14,98.648235
-62,12,98.67424
-52,2,98.681242
-53,3,98.688244
-53,3,98.696245
-57,7,98.712249
-65,15,98.744256
-57,7,98.76026
-52,2,98.766261
-54,4,98.777263
-53,3,98.784265
-52,2,98.791266
-53,3,98.798268
-58,8,98.816272
-53,3,98.823274
-54,4,98.832275
-52,2,98.838277
-56,6,98.85228
-53,3,98.859282
-61,11,98.883287
-54,4,98.892289
-74,24,98.9443
-52,2,98.949301
-52,2,98.955303
-55,5,98.969305
-52,2,98.975307
-56,6,98.992311
-67,17,99.037321
-54,4,99.048324
-52,2,99.055325
-55,5,99.069329
-53,3,99.07733
-52,2,99.087333
-52,2,99.096335
-58,8,99.11934
-52,2,99.125341
-54,4,99.137343
-68,18,99.182353
-55,5,99.193356
-68,18,99.232364
-52,2,99.237366
-58,8,99.25537
42,8,99.272374
-52,2,99.277375
-64,14,99.308383
-58,8,99.326386
-58,8,99.34439
-57,7,99.360394
-56,6,99.373396
-58,8,99.3914
-58,8,99.409404
-56,6,99.422407
-55,5,99.43541
-54,4,99.445412
-69,19,99.48556
-63,13,99.513566
-55,5,99.524568
-71,21,99.569578
-70,20,99.611588
-57,7,99.627592
-52,2,99.632592
-54,4,99.641594
-59,9,99.661599
-68,18,99.700608
-53,3,99.70761
-54,4,99.716611
-55,5,99.727613
-53,3,99.735616
-64,14,99.774624
-52,2,99.781626
-54,4,99.794629
-53,3,99.80163
-55,5,99.816633
-52,2,99.823634
-53,3,99.832637
-52,2,99.837637
-53,3,99.84764
-61,11,99.876648
-52,2,99.882648
-53,3,99.88965
-52,2,99.895651
-52,2,99.901652
-67,17,99.947663
-53,3,99.954664
-59,9,99.974669
-52,2,99.97967
-55,5,99.990673
-59,9,100.010678
-52,2,100.015678
-52,2,100.020679
-52,2,100.02568
-52,2,100.030681
-53,3,100.037683
-53,3,100.044684
-57,7,100.061688
-66,16,100.095696
-55,5,100.106699
-52,2,100.111699
-52,2,100.1167
-57,7,100.131704
-52,2,100.136705
-56,6,100.150708
-52,2,100.156709
-52,2,100.161711
-54,4,100.170713
-52,2,100.177714
-56,6,100.192717
-53,3,100.199719
-54,4,100.209721
-54,4,100.218723
-55,5,100.229726
-53,3,100.236727
-56,6,100.250731
-60,10,100.274736
-54,4,100.283738
-60,10,100.304743
-59,9,100.327748
-54,4,100.33875
-60,10,100.360755
-53,3,100.367756
-53,3,100.374758
-57,7,100.390762
-52,2,100.395763
-61,11,100.420768
-57,7,100.435771
-55,5,100.448775
-52,2,100.454776
-52,2,100.461777
-57,7,100.481782
-54,4,100.492784
-56,6,100.509788
-55,5,100.523791
-53,3,101.376136
-53,3,101.383136
-59,9,101.403141
-52,2,101.411143
-54,4,101.420145
-52,2,101.425146
-59,9,101.44515
-54,4,101.457153
-53,3,101.465155
-52,2,101.470156
-52,2,101.475157
-52,2,101.482158
-53,3,101.49016
-52,2,101.495161
-59,9,101.514166
-52,2,101.519167
-53,3,101.526168
-57,7,101.542172
-56,6,101.556175
-52,2,101.561176
-59,9,101.58018
-52,2,101.588182
-67,17,101.62519
-52,2,101.630191
-58,8,101.647195
-53,3,101.654197
-52,2,101.661199
-52,2,101.6672
-52,2,101.671201
-67,17,101.708209
-55,5,101.720212
-61,11,101.743217
-76,26,101.799229
-54,4,101.808231
-67,17,101.845239
-54,4,101.856242
-52,2,101.863243
-52,2,101.869245
-53,3,101.878247
-52,2,101.886248
-53,3,101.894251
-58,8,101.915255
-57,7,101.934259
-53,3,101.943262
-52,2,101.948262
-55,5,101.961265
-52,2,101.968266
-52,2,101.976268
-68,18,102.023279
-63,13,102.054286
-52,2,102.059287
-52,2,102.066289
-52,2,102.07129
-52,2,102.076292
-66,16,102.110298
-76,26,102.166311
-55,5,102.178313
-53,3,102.185462
-58,8,102.203466
-52,2,102.208467
-66,16,102.243475
-52,2,102.248476
-63,13,102.276483
-59,9,102.297487
-58,8,102.315491
-52,2,102.320492
-52,2,102.325494
-52,2,102.330495
-56,6,102.343498
-52,2,102.348499
-57,7,102.364502
-52,2,102.370503
-52,2,102.375505
-53,3,102.382506
-57,7,102.397509
-52,2,102.402511
-53,3,102.409513
-52,2,102.414513
-52,2,102.419515
-52,2,102.424515
-54,4,102.433517
-54,4,102.44452
-53,3,102.452522
-54,4,102.461524
-70,20,102.508534
-52,2,102.515537
-54,4,102.525539
-54,4,102.535541
-54,4,102.546543
-54,4,102.557545
-52,2,102.564547
-52,2,102.571548
-52,2,102.579551
-57,7,102.598554
-53,3,102.606556
-52,2,102.612558
-57,7,102.633562
-52,2,102.639564
-52,2,102.646195
-52,2,102.6517
-56,6,102.665703
-53,3,102.672704
-52,2,102.678706
-53,3,102.685707
-59,9,102.705712
-57,7,102.720715
-52,2,102.725717
-52,2,102.730717
-59,9,102.750722
-52,2,102.755723
-52,2,102.760724
-52,2,102.765725
-58,8,102.783729
-52,2,102.78773
-56,6,102.801733
-52,2,102.808734
-53,3,102.815736
-52,2,102.820737
-63,13,102.848743
-56,6,102.862746
-54,4,102.871749
-52,2,102.87775
-52,2,102.882751
-66,16,102.917759
-57,7,102.932763
-52,2,102.937763
-54,4,102.947766
-54,4,102.957768
-57,7,102.973771
-58,8,102.991776
-52,2,102.995777
-53,3,103.003778
-52,2,103.007779
38,12,103.036785
-54,4,103.045788
-54,4,103.05479
-60,10,103.076794
-57,7,103.092798
-55,5,103.1038
-53,3,103.110802
-52,2,103.115803
-54,4,103.124805
-53,3,103.131807
-52,2,103.137808
-59,9,103.158813
-52,2,103.163813
-52,2,103.169815
-55,5,103.183818
-52,2,103.19082
-54,4,103.203823
-62,12,103.237833
-58,8,103.259838
-52,2,103.265839
-52,2,103.271841
-53,3,103.279843
-54,4,103.290845
-52,2,103.296847
-54,4,103.307849
-52,2,103.31385
-54,4,103.324852
-65,15,103.361861
-52,2,103.366865
-62,12,103.392868
-52,2,103.397869
-52,2,103.40387
-55,5,103.417873
-52,2,103.422874
-56,6,103.436878
-54,4,103.44588
-53,3,103.452881
-56,6,103.465884
-57,7,103.481888
-53,3,103.488889
-55,5,103.500892
-61,11,103.527898
-64,14,103.564906
-53,3,103.574911
-52,2,103.580913
-56,6,103.596916
-52,2,103.605918
-61,11,103.635925
-53,3,103.643927
-52,2,103.649927
-54,4,103.66093
-52,2,103.665931
-56,6,103.679935
-56,6,103.694938
-54,4,103.70394
-55,5,103.714942
-58,8,103.732947
-69,19,103.774956
-58,8,103.79196
-73,23,103.849972
-52,2,103.855974
-55,5,103.869977
-66,16,103.912987
-52,2,103.919988
-58,8,103.943993
-55,5,103.958997
-52,2,103.963998
-52,2,103.968999
-55,5,103.982002
-52,2,103.990004
-55,5,104.004007
-52,2,104.010009
-52,2,104.01701
-53,3,104.025012
-53,3,104.033014
-53,3,104.040015
-52,2,104.045016
-53,3,104.052018
-52,2,104.059019
-53,3,104.066021
-57,7,104.082025
-54,4,104.092027
-56,6,104.10703
-52,2,104.113031
-60,10,104.135036
-56,6,104.148039
-60,10,104.174045
-53,3,104.183047
-52,2,104.189048
-52,2,104.195049
-53,3,104.204051
-52,2,104.210054
-61,11,104.24006
-63,13,104.276068
-53,3,104.28607
-52,2,104.293071
-55,5,104.306074
-52,2,104.313076
-52,2,104.321078
-52,2,104.328079
-52,2,104.334081
-77,27,104.396094
-53,3,104.403096
-55,5,104.415098
-52,2,104.4201
-61,11,104.443105
-56,6,104.457108
-53,3,104.464109
-52,2,104.46911
-54,4,104.478112
-53,3,104.485114
-52,2,104.492116
-52,2,104.497116
-52,2,104.502118
-52,2,104.50912
-52,2,104.515121
-55,5,104.530124
-52,2,104.538126
-57,7,104.558131
-52,2,104.564132
-61,11,104.594138
-58,8,104.618144
-52,2,104.624145
-52,2,104.630147
-54,4,104.642149
-52,2,104.647151
-57,7,104.667155
-52,2,104.672156
-52,2,104.677157
-54,4,104.688159
-52,2,104.696161
-58,8,104.715166
-58,8,104.73217
-60,10,104.754174
-52,2,104.759175
-54,4,104.769177
-59,9,104.788182
-52,2,104.793183
-53,3,104.800185
-59,9,104.820189
-54,4,104.829191
-53,3,104.836193
-52,2,104.841193
-52,2,104.846195
-64,14,104.878202
-61,11,104.906208
-55,5,104.920212
-54,4,104.932338
-53,3,104.94134
-52,2,104.947341
-56,6,104.965345
-56,6,104.981349
-58,8,105.005355
-54,4,105.016357
-52,2,105.024359
-56,6,105.041363
-54,4,105.051365
-52,2,105.056366
-52,2,105.061367
-56,6,105.07437
-55,5,105.087372
-60,10,105.109377
-52,2,105.114378
-53,3,105.12138
-55,5,105.132383
-54,4,105.141385
-52,2,105.146385
-52,2,105.151387
-53,3,105.158388
-55,5,105.170391
-54,4,105.180393
-58,8,105.197397
-52,2,105.202398
-52,2,105.207399
-52,2,105.2124
-55,5,105.227404
-64,14,105.269413
-52,2,105.276415
-52,2,105.283416
-54,4,105.293418
-53,3,105.302421
-52,2,105.308422
-58,8,105.335428
-54,4,105.348431
-54,4,105.357433
-54,4,105.366435
-53,3,105.373436
-55,5,105.383438
-57,7,105.397442
-62,12,105.421447
-53,3,105.428449
-55,5,105.438451
-54,4,105.446453
-53,3,105.452454
-54,4,105.459455
-53,3,105.465457
-60,10,105.483461
-52,2,105.489462
-52,2,105.493463
-60,10,105.512468
-60,10,105.530472
-54,4,105.539473
-53,3,105.545475
-52,2,105.551476
-52,2,105.556477
-52,2,105.561478
-54,4,105.56848
-57,7,105.582483
-52,2,105.586484
-54,4,105.594485
-62,12,105.618491
-52,2,105.622492
-52,2,105.627493
-66,16,105.6575
-62,12,105.683506
-53,3,105.689507
-53,3,105.696508
-67,17,105.729516
-62,12,105.754522
-57,7,105.767524
-54,4,105.777526
-54,4,105.785528
-53,3,105.79153
-52,2,105.79553
-55,5,105.804532
-52,2,105.808533
-55,5,105.820537
-53,3,105.826538
-56,6,105.83754
-56,6,105.848542
-52,2,105.853543
-52,2,105.857544
-60,10,105.876549
-55,5,105.887551
-57,7,105.900554
-53,3,105.906555
-57,7,105.919558
-73,23,105.961568
-52,2,105.966569
-57,7,105.979571
-60,10,105.999576
-52,2,106.003577
-52,2,106.008578
-61,11,106.028582
-55,5,106.038585
-58,8,106.056588
-53,3,106.06259
-52,2,106.067591
-52,2,106.072592
-55,5,106.082595
-58,8,106.097598
-55,5,106.1076
-55,5,106.118603
-62,12,106.141607
-53,3,106.148609
-52,2,106.15261
-54,4,106.160612
-52,2,106.164613
-52,2,106.169614
-56,6,106.180617
-55,5,106.190619
-52,2,106.19562
-58,8,106.210623
-53,3,106.216624
-52,2,106.220626
-56,6,106.233628
-60,10,106.251632
-53,3,106.258634
-58,8,106.27416
-52,2,107.003323
-64,14,107.030329
-57,7,107.044333
-53,3,107.050334
-52,2,107.054335
-52,2,107.059336
-52,2,107.065337
-52,2,107.070338
-52,2,107.074339
-52,2,107.07834
-55,5,107.088342
-54,4,107.095344
-52,2,107.100345
-57,7,107.113348
-52,2,107.119349
-54,4,107.12635
-53,3,107.132352
-52,2,107.137353
-69,19,107.17036
-52,2,107.175362
-53,3,107.181363
-56,6,107.192365
-52,2,107.197366
-54,4,107.206369
-52,2,107.210369
-53,3,107.216371
-52,2,107.221372
-52,2,107.225372
-53,3,107.231375
-54,4,107.238375
-52,2,107.243377
-52,2,107.248378
-52,2,107.252379
-52,2,107.25838
-53,3,107.265381
-58,8,107.279385
-52,2,107.284386
-52,2,107.288386
-52,2,107.292388
-52,2,107.296388
-71,21,107.336397
-53,3,107.344399
-62,12,107.368404
-53,3,107.377407
-52,2,107.383408
-54,4,107.39441
-52,2,107.400412
-52,2,107.405412
-52,2,107.409414
-53,3,107.416415
-57,7,107.429418
-52,2,107.434419
-56,6,107.446422
-56,6,107.459425
-52,2,107.464426
-63,13,107.489432
-52,2,107.493433
-59,9,107.511437
-55,5,107.523439
-57,7,107.537443
-52,2,107.541443
-52,2,107.546444
-53,3,107.554446
-52,2,107.558447
-52,2,107.562448
-52,2,107.566449
-52,2,107.57145
-54,4,107.578451
-52,2,107.583453
-53,3,107.589454
-52,2,107.593455
-52,2,107.597456
-55,5,107.607458
-54,4,107.61446
-54,4,107.622462
-52,2,107.627462
-53,3,107.633106
-52,2,107.637611
-52,2,107.641612
-52,2,107.645613
-52,2,107.652614
-52,2,107.657615
-53,3,107.663617
-52,2,107.667617
-54,4,107.675619
-54,4,107.682621
-52,2,107.687622
-52,2,107.691623
-53,3,107.697624
-52,2,107.701625
-53,3,107.707626
-55,5,107.716629
-54,4,107.726631
-52,2,107.730632
-53,3,107.736633
-52,2,107.743635
-52,2,107.747635
-52,2,107.752636
-52,2,107.756637
-52,2,107.760638
-53,3,107.766639
-53,3,107.772641
-52,2,107.776642
-52,2,107.780643
-52,2,107.786644
-52,2,107.790645
-52,2,107.794646
-52,2,107.799647
-52,2,107.803648
-54,4,107.81165
-55,5,107.820651
-52,2,107.825654
-53,3,107.831655
-55,5,107.840657
-56,6,107.851659
-53,3,107.85766
-52,2,107.862661
-52,2,107.866662
-53,3,107.873664
-56,6,107.884666
-55,5,107.894668
-52,2,107.898669
-52,2,107.90267
-55,5,107.912673
-52,2,107.917673
-52,2,107.922674
-52,2,107.929676
-54,4,107.936678
-52,2,107.941679
-52,2,107.949681
-54,4,107.957682
-52,2,107.962684
-52,2,107.966684
-52,2,107.971686
-52,2,107.975687
-52,2,107.980687
-53,3,107.986689
-56,6,107.997691
-52,2,108.001693
-55,5,108.011694
-54,4,108.018696
-52,2,108.024697
-52,2,108.028698
-52,2,108.0337
-52,2,108.0377
-52,2,108.041701
-52,2,108.046702
-52,2,108.052704
-53,3,108.058705
-52,2,108.062706
-52,2,108.066706
-54,4,108.075708
-54,4,108.08471
-52,2,108.088712
-55,5,108.097713
-52,2,108.104715
-53,3,108.110716
-52,2,108.114717
-54,4,108.122719
-53,3,108.128721
-54,4,108.135722
-52,2,108.139723
-52,2,108.144725
-53,3,108.150725
-52,2,108.156727
-52,2,108.161728
-58,8,108.175731
-52,2,108.181733
-63,13,108.206738
-53,3,108.212739
-53,3,108.21874
-54,4,108.226742
-60,10,108.245746
-53,3,108.251748
-52,2,108.255749
-52,2,108.26275
-52,2,108.266751
-63,13,108.290757
-56,6,108.301759
-52,2,108.30676
-54,4,108.314762
-52,2,108.318763
-52,2,108.323764
-59,9,108.339767
-52,2,108.344769
-56,6,108.355771
-57,7,108.368774
-52,2,108.373775
-56,6,108.384778
-53,3,108.390779
-53,3,108.396781
-53,3,108.402781
-53,3,108.408783
-53,3,108.414784
-52,2,108.418785
-52,2,108.425787
-52,2,108.429787
-53,3,108.435789
-53,3,108.441791
-52,2,108.445791
-52,2,108.449792
-55,5,108.459794
-54,4,108.467796
-62,12,108.489801
-52,2,108.496803
-52,2,108.503804
-53,3,108.510806
-52,2,108.514806
-52,2,108.518808
-52,2,108.522808
-52,2,108.526809
-52,2,108.531811
-54,4,108.540812
-54,4,108.551815
-52,2,108.555816
-63,13,108.578821
-53,3,108.584822
-53,3,108.590823
-53,3,108.596828
-52,2,108.602829
-55,5,108.612832
-52,2,108.616832
-52,2,108.620833
-54,4,108.630836
-53,3,108.639838
-54,4,108.64884
-54,4,108.656842
-56,6,108.668844
-52,2,108.672845
-52,2,108.677846
-63,13,108.700851
-56,6,108.711854
-62,12,108.733859
-55,5,108.742861
-53,3,108.748862
-60,10,108.766866
-52,2,108.770867
-52,2,108.777868
-52,2,108.78287
-52,2,108.789871
-52,2,108.793872
-56,6,108.806875
-54,4,108.814877
-56,6,108.825879
-52,2,108.83088
-53,3,108.836882
-56,6,108.848885
-61,11,108.869889
-54,4,108.877891
-54,4,108.885893
-57,7,108.897895
-52,2,108.902896
-52,2,108.906897
-56,6,108.9179
-52,2,108.921901
-53,3,108.927902
-53,3,108.933904
-55,5,108.943906
-57,7,108.956908
-52,2,108.96191
-53,3,108.966911
-52,2,108.971912
-52,2,108.975913
-54,4,108.983915
-54,4,108.991917
-54,4,108.999918
-54,4,109.006919
-55,5,109.016922
-54,4,109.024924
-66,16,109.05293
-53,3,109.058931
-52,2,109.063932
-52,2,109.069934
-54,4,109.077935
-54,4,109.085937
-53,3,109.091939
-52,2,109.096939
-52,2,109.102941
-53,3,109.108942
-54,4,109.116944
-57,7,109.131948
-55,5,109.140949
-54,4,109.148951
-52,2,109.153953
-52,2,109.157953
-53,3,109.163955
-57,7,109.176957
-52,2,109.180959
-61,11,109.201102
-52,2,109.206103
-54,4,109.214106
-59,9,109.231109
-58,8,109.247113
-54,4,109.255114
-55,5,109.265116
-52,2,109.269118
-61,11,109.289122
-57,7,109.302125
-52,2,109.306126
-52,2,109.310126
-52,2,109.314128
-52,2,109.319129
-58,8,109.333132
-58,8,109.348135
-53,3,109.354136
-52,2,109.358137
-52,2,109.363138
-52,2,109.367139
-55,5,109.378142
-54,4,109.387144
-73,23,109.428153
-52,2,109.433154
-52,2,109.437155
-55,5,109.446157
-52,2,109.453158
-53,3,109.45916
-56,6,109.470162
-52,2,109.474163
-52,2,109.479164
-53,3,109.485166
-60,10,109.503169
-52,2,109.507171
-57,7,109.520174
-54,4,109.528175
-52,2,109.532176
-63,13,109.558182
-54,4,109.566184
-56,6,109.577186
-53,3,109.583188
-53,3,109.589189
-52,2,109.59319
-52,2,109.59719
-54,4,109.605192
-53,3,109.611194
-53,3,109.620196
-52,2,109.624197
-53,3,109.630198
-55,5,109.6392
-52,2,109.644201
-52,2,109.649202
-62,12,109.671207
-56,6,109.68221
-52,2,109.687211
-54,4,109.695212
-54,4,109.702214
-52,2,109.707215
-63,13,109.73022
-53,3,109.736222
-55,5,109.746224
-52,2,109.753226
-69,19,109.787233
-54,4,109.794235
-62,12,109.816239
-54,4,109.824241
-52,2,109.828242
-52,2,109.833243
-55,5,109.844246
-52,2,109.848247
-52,2,109.853248
-52,2,109.857248
-52,2,109.86125
-54,4,109.869252
-54,4,109.876253
-55,5,109.886255
-60,10,109.904259
-53,3,109.91026
-55,5,109.920265
-52,2,109.924266
-52,2,109.928267
-53,3,109.934268
-52,2,109.938269
-55,5,109.948271
-54,4,109.955273
-52,2,109.959274
-53,3,109.965275
-52,2,109.969276
-52,2,109.974277
-56,6,109.98528
-52,2,109.98928
-58,8,110.004284
-52,2,110.008285
-52,2,110.012286
-52,2,110.016286
-53,3,110.022288
-52,2,110.026289
-52,2,110.03129
-52,2,110.035291
-52,2,110.042293
-61,11,110.062297
-52,2,110.066298
-52,2,110.070298
-54,4,110.0793
-52,2,110.085302
-52,2,110.090303
-52,2,110.094304
-52,2,110.100305
-52,2,110.104307
-52,2,110.108307
-65,15,110.135313
-53,3,110.142315
-63,13,110.16632
-52,2,110.170321
-57,7,110.184325
-52,2,110.188325
-52,2,110.192326
-52,2,110.196326
-56,6,110.208329
-52,2,110.21233
-54,4,110.219332
-52,2,110.224333
-53,3,110.230334
-58,8,110.244338
-54,4,110.252339
-54,4,110.259341
-52,2,110.264342
-59,9,110.280345
-60,10,110.298349
-52,2,110.304351
-54,4,110.312353
-64,14,110.340359
-58,8,110.356363
-52,2,110.360486
-52,2,110.364482
-53,3,110.370483
-52,2,110.374484
-52,2,110.379485
-52,2,110.384486
-57,7,110.397489
-54,4,110.405491
-52,2,110.409492
-52,2,110.413492
-52,2,110.418494
-52,2,110.422495
-53,3,110.428496
-54,4,110.435497
-52,2,110.440499
-58,8,110.455502
-54,4,110.464504
-52,2,110.469505
-52,2,110.473506
-52,2,110.477507
-58,8,110.49251
-52,2,110.496511
-52,2,110.500512
-52,2,110.506513
-52,2,110.510514
-54,4,110.518516
-54,4,110.526518
-52,2,110.531519
-55,5,110.540521
-52,2,110.544522
-52,2,110.548522
-56,6,110.560525
-53,3,110.566527
-54,4,110.573528
-54,4,110.582531
-52,2,110.587531
-54,4,110.594533
-52,2,110.599534
-52,2,110.603535
-54,4,110.610536
-56,6,110.621539
-52,2,110.628541
-52,2,110.634542
-52,2,110.638543
-65,15,110.665549
-56,6,110.677551
-52,2,110.683553
-52,2,110.687554
-54,4,110.695556
-57,7,110.708558
-52,2,110.712559
-57,7,110.727563
-52,2,110.731564
-59,9,110.749568
-52,2,110.753568
-54,4,110.76157
-52,2,110.767571
-53,3,110.773573
-52,2,110.777574
-70,20,110.813582
-55,5,110.822585
-52,2,110.827585
-53,3,110.833586
-53,3,110.839587
-52,2,110.844589
-55,5,110.853591
-56,6,110.868594
-53,3,110.874596
-52,2,110.878596
-52,2,110.882597
-54,4,110.890599
-58,8,110.904602
-52,2,110.909603
-52,2,110.913604
-57,7,110.926607
-52,2,110.930608
-52,2,110.936609
-52,2,110.94061
-52,2,110.944611
-52,2,110.948612
-55,5,110.958614
-54,4,110.965616
-52,2,110.969616
-52,2,110.974618
-52,2,110.978618
-53,3,110.98462
-55,5,110.993622
-53,3,110.999623
-52,2,111.003624
-52,2,111.007625
-56,6,111.019628
-58,8,111.034631
-52,2,111.038632
-52,2,111.043633
-55,5,111.053635
-52,2,111.057636
-54,4,111.065638
-52,2,111.069639
-59,9,111.085643
-52,2,111.090644
-55,5,111.099646
-54,4,111.107647
-52,2,111.111648
-52,2,111.115649
-56,6,111.126652
-56,6,111.138654
-54,4,111.146656
-56,6,111.905946
-59,9,111.927951
-52,2,111.932952
-53,3,111.940954
-52,2,111.945955
-52,2,111.951956
-52,2,111.958958
-52,2,111.965959
-52,2,111.97096
-54,4,111.982963
-52,2,111.987964
-53,3,111.995094
-52,2,112.000095
-52,2,112.005096
-52,2,112.010097
-56,6,112.0231
-52,2,112.028101
-52,2,112.033102
-53,3,112.043104
-53,3,112.050106
-52,2,112.055107
-52,2,112.060108
-52,2,112.065109
-57,7,112.080113
-58,8,112.099117
-53,3,112.106118
-60,10,112.128123
-53,3,112.135125
-54,4,112.144127
-53,3,112.151128
-56,6,112.164132
-54,4,112.174134
-53,3,112.181135
-53,3,112.189137
-52,2,112.195139
-54,4,112.205141
-52,2,112.210142
-52,2,112.215143
-53,3,112.222144
-52,2,112.227145
-52,2,112.232147
-53,3,112.241148
-54,4,112.250151
-52,2,112.255152
-54,4,112.264154
-54,4,112.274156
-53,3,112.281158
-54,4,112.290159
-52,2,112.295161
-53,3,112.302162
-56,6,112.318166
-52,2,112.323167
-52,2,112.328168
-53,3,112.33517
-55,5,112.347172
-54,4,112.356174
-54,4,112.366176
-55,5,112.379179
-58,8,112.397183
-52,2,112.403185
-52,2,112.408186
-52,2,112.412187
-54,4,112.422189
-52,2,112.42719
-55,5,112.438192
-52,2,112.444194
-52,2,112.449195
-61,11,112.474201
-52,2,112.479202
-52,2,112.484204
-52,2,112.491205
-54,4,112.500207
-52,2,112.507208
-52,2,112.512209
-52,2,112.51721
-52,2,112.522211
-57,7,112.538215
-53,3,112.545217
-52,2,112.550218
-52,2,112.555219
-52,2,112.563221
-52,2,112.568221
-55,5,112.580225
-53,3,112.587226
-53,3,112.594228
-52,2,112.599228
-55,5,112.611231
-53,3,112.618233
-52,2,112.623234
-54,4,112.632236
-52,2,112.637237
-52,2,112.642238
-52,2,112.647239
-53,3,112.654241
-52,2,112.660242
-57,7,112.675246
-52,2,112.680246
-54,4,112.689248
-52,2,112.69525
-52,2,112.700251
-52,2,112.705252
-52,2,112.710253
-52,2,112.715255
-65,15,112.749262
-53,3,112.758264
-52,2,112.763265
-53,3,112.770267
-52,2,112.775268
-52,2,112.780269
-52,2,112.78527
-53,3,112.792271
-53,3,112.800273
-53,3,112.807275
-52,2,112.812276
-52,2,112.820278
-54,4,112.83028
-52,2,112.835281
-57,7,112.851285
-56,6,112.864288
-52,2,112.869289
-52,2,112.87429
-53,3,112.881291
-52,2,112.886292
-52,2,112.894294
-52,2,112.899295
-58,8,112.9173
-52,2,112.922301
-53,3,112.929302
-52,2,112.934303
-52,2,112.939305
-52,2,112.944305
-54,4,112.953308
-53,3,112.961309
-52,2,112.96631
-53,3,112.973312
-62,12,112.999318
-53,3,113.007319
-52,2,113.012321
-54,4,113.021322
-52,2,113.026324
-53,3,113.033325
-52,2,113.039326
-55,5,113.050329
-53,3,113.058331
-53,3,113.065333
-54,4,113.074335
-52,2,113.079459
-52,2,113.085461
-53,3,113.092462
-58,8,113.110466
-52,2,113.115468
-53,3,113.122469
-52,2,113.12747
-52,2,113.132471
-52,2,113.137472
-54,4,113.148475
-52,2,113.154476
-52,2,113.159477
-52,2,113.164478
-52,2,113.16948
-52,2,113.174481
-53,3,113.181483
-56,6,113.196486
-52,2,113.203488
-53,3,113.210489
-52,2,113.21749
-53,3,113.224492
-53,3,113.231493
-53,3,113.238495
-52,2,113.243496
-52,2,113.249497
36,14,113.279504
-52,2,113.284517
-53,3,113.291511
-53,3,113.298513
-55,5,113.309515
-52,2,113.314517
-59,9,113.337522
-52,2,113.342522
-52,2,113.347524
-52,2,113.352525
-54,4,113.361527
-53,3,113.368528
-53,3,113.37553
-66,16,113.412538
-53,3,113.41954
-52,2,113.424541
-52,2,113.431542
-53,3,113.439544
-54,4,113.448546
-52,2,113.454548
-56,6,113.46755
-52,2,113.472552
-52,2,113.478553
-52,2,113.483554
-55,5,113.495557
-52,2,113.500558
-53,3,113.50756
-64,14,113.538567
-52,2,113.543567
-52,2,113.548569
-54,4,113.558571
-52,2,113.563572
-52,2,113.568573
-52,2,113.573574
-52,2,113.578575
-52,2,113.584577
-52,2,113.589683
-54,4,113.598685
-52,2,113.603687
-52,2,113.608687
-55,5,113.621691
-52,2,113.627692
-53,3,113.634693
-54,4,113.643695
-65,15,113.676702
-52,2,113.680704
-52,2,113.685705
-52,2,113.691706
-52,2,113.695707
-53,3,113.703709
-53,3,113.71071
-52,2,113.715712
-55,5,113.726714
-53,3,113.733716
-53,3,113.740717
-54,4,113.749719
-52,2,113.75472
-54,4,113.763722
-53,3,113.771724
-52,2,113.776725
-52,2,113.783727
-53,3,113.791728
-52,2,113.79673
-52,2,113.801731
-52,2,113.806731
-52,2,113.813733
-53,3,113.820735
-52,2,113.825736
-52,2,113.830737
-55,5,113.84274
-54,4,113.851742
-55,5,113.862744
-52,2,113.867745
-52,2,113.873747
-52,2,113.878748
-53,3,113.88575
-52,2,113.890751
-52,2,113.895751
-53,3,113.905754
-52,2,113.910755
-52,2,113.915756
-52,2,113.920757
-54,4,113.930759
-52,2,113.935761
-52,2,113.940762
-52,2,113.946763
-52,2,113.951764
-54,4,113.960766
-52,2,113.966768
-54,4,113.97577
-55,5,113.987772
-52,2,113.992773
-52,2,113.997774
-52,2,114.002776
-53,3,114.009777
-52,2,114.014778
-55,5,114.026781
-52,2,114.031782
-52,2,114.036783
-52,2,114.041784
-52,2,114.048785
-59,9,114.06879
-52,2,114.073792
-52,2,114.078792
-52,2,114.084794
-52,2,114.089795
-53,3,114.097796
-52,2,114.102797
-53,3,114.110799
-54,4,114.120802
-52,2,114.125803
-52,2,114.130804
-52,2,114.135805
-54,4,114.145808
-52,2,114.150808
-52,2,114.15581
-52,2,114.161811
-52,2,114.166811
-52,2,114.172813
-52,2,114.180815
-55,5,114.193818
-54,4,114.20282
-52,2,114.207821
-52,2,114.213823
-56,6,114.227825
-58,8,114.24583
-55,5,114.257832
-52,2,114.262833
-52,2,114.268835
-52,2,114.273836
-53,3,114.281838
-52,2,114.286839
-52,2,114.294841
-52,2,114.299842
-52,2,114.304842
-52,2,114.310844
-52,2,114.315845
-52,2,114.320846
-65,15,114.354854
-52,2,114.359855
-52,2,114.364856
-52,2,114.369857
-53,3,114.377859
-52,2,114.38286
-52,2,114.387861
-52,2,114.392863
-62,12,114.419868
-52,2,114.42487
-53,3,114.432871
-54,4,114.441873
-54,4,114.453876
-52,2,114.458877
-52,2,114.463878
-52,2,114.468995
-53,3,114.476996
-56,6,114.490999
-54,4,114.500001
-53,3,114.507003
-53,3,114.514005
-52,2,114.520005
-56,6,114.533009
-53,3,114.544011
-53,3,114.551013
-52,2,114.558014
-52,2,114.564016
-52,2,114.569017
-56,6,114.58302
-52,2,114.588021
-54,4,114.598023
-52,2,114.603024
-52,2,114.608025
-52,2,114.615027
-52,2,114.621028
-52,2,114.62603
-54,4,114.637032
-53,3,114.645034
-58,8,114.663038
-52,2,114.668039
-56,6,114.682042
-52,2,114.689043
-54,4,114.699046
-52,2,114.704047
-52,2,114.711048
-52,2,114.71605
-52,2,114.722051
-53,3,114.729052
-54,4,114.738055
-53,3,114.746056
-52,2,114.751057
-53,3,114.758059
-53,3,114.76506
-52,2,114.771062
-52,2,114.776063
-52,2,114.782064
-54,4,114.792066
-52,2,114.798068
-52,2,114.803069
-53,3,114.813071
-52,2,114.819072
-54,4,114.828074
-52,2,114.833076
-57,7,114.850079
-56,6,114.864083
-52,2,114.869083
-52,2,114.874085
-52,2,114.879086
-54,4,114.890088
-52,2,114.89709
-54,4,114.906092
-52,2,114.911093
-52,2,114.917094
-53,3,114.924096
-52,2,114.932098
-52,2,114.937099
-55,5,114.949102
-52,2,114.954103
-55,5,114.966106
-52,2,114.971106
-54,4,114.982109
-54,4,114.991111
-53,3,114.999113
-52,2,115.004114
-52,2,115.009115
-52,2,115.015116
-52,2,115.020117
-52,2,115.025119
-59,9,115.046123
-53,3,115.053124
-52,2,115.059126
-52,2,115.064127
-52,2,115.069128
-55,5,115.081131
-54,4,115.090133
-52,2,115.095134
-52,2,115.102136
-52,2,115.107137
-53,3,115.115139
-52,2,115.120139
-52,2,115.125141
-57,7,115.141144
-52,2,115.146146
-52,2,115.151147
-54,4,115.161149
-52,2,115.16615
-52,2,115.171151
-53,3,115.181153
-53,3,115.189155
-52,2,115.194156
-52,2,115.199158
-52,2,115.204159
-53,3,115.21216
-52,2,115.217161
-52,2,115.222162
-52,2,115.227164
-52,2,115.232165
-61,11,115.25717
-59,9,115.278175
-52,2,115.284176
-54,4,115.294179
-53,3,115.30118
-52,2,115.306181
-52,2,115.311182
-59,9,115.334188
-52,2,115.340189
-53,3,115.34719
-52,2,115.352191
-52,2,115.358193
-52,2,115.363194
-53,3,115.370196
-52,2,115.375197
-53,3,115.383198
-55,5,115.395201
-52,2,115.400203
-60,10,115.423208
-52,2,115.428208
-52,2,115.43421
-52,2,115.440211
-52,2,115.446213
-52,2,115.451213
-52,2,115.457215
-53,3,115.464217
-52,2,115.469217
-52,2,115.474219
-52,2,115.47922
-52,2,115.485221
-60,10,115.508226
-52,2,115.513227
-58,8,115.531232
-53,3,115.539233
-59,9,115.559237
-53,3,115.56724
-52,2,115.57224
-55,5,115.584244
-52,2,115.589244
-58,8,115.608248
-52,2,115.613249
-52,2,115.620251
-54,4,115.630253
-54,4,115.640255
-54,4,115.649258
-52,2,115.655259
-52,2,115.66026
-52,2,115.665261
-52,2,115.670262
-54,4,115.680265
-52,2,115.686266
-52,2,115.691268
-53,3,115.698268
-52,2,115.70327
-52,2,115.709272
-53,3,115.716273
-56,6,115.731276
-52,2,115.737277
-53,3,115.745279
-52,2,115.75028
-54,4,115.760282
-52,2,115.765284
-52,2,115.770285
-52,2,115.775285
-52,2,115.780287
-53,3,115.787288
-57,7,115.805437
-53,3,115.813433
-62,12,115.84144
-52,2,115.846441
-53,3,115.853442
-54,4,115.863445
-52,2,115.871446
-53,3,115.879448
-52,2,115.88445
-53,3,115.891451
-53,3,115.899453
-54,4,115.909456
-52,2,115.916457
-54,4,115.926459
-52,2,115.93146
-54,4,115.943462
-52,2,115.949464
-52,2,115.954465
-52,2,115.959466
-52,2,115.964467
-52,2,115.970469
-55,5,115.981471
-53,3,115.989473
-52,2,115.994475
-52,2,115.999475
-52,2,116.004477
-52,2,116.012597
-54,4,116.023599
-61,11,116.049605
-52,2,116.054606
-52,2,116.059608
-54,4,116.068609
-53,3,116.076611
-52,2,116.081612
-54,4,116.091615
-52,2,116.096616
-54,4,116.105618
-53,3,116.113619
-52,2,116.11862
-52,2,116.123622
-52,2,116.129623
-52,2,116.134624
-52,2,116.139626
-52,2,116.144626
-52,2,116.151628
-52,2,116.157629
-52,2,116.162631
-52,2,116.167631
-55,5,116.179634
-52,2,116.184635
-52,2,116.190636
-53,3,116.197638
-52,2,116.20364
-52,2,116.209641
-56,6,116.224644
-54,4,116.233646
-52,2,116.238647
-52,2,116.244649
-53,3,116.25165
-55,5,116.265653
-59,9,116.285658
-52,2,116.291659
-52,2,116.296661
-52,2,116.301661
-52,2,116.306663
-52,2,116.312664
-52,2,116.318665
-55,5,116.330668
-52,2,116.335669
-54,4,116.344671
-52,2,116.351672
-52,2,116.356674
-56,6,116.370677
-53,3,116.378678
-54,4,116.38768
-52,2,116.395682
-53,3,116.402684
-54,4,116.412686
-52,2,116.417687
-53,3,116.424689
-52,2,116.42969
-52,2,116.434691
-55,5,116.446694
-52,2,116.451695
-55,5,116.463697
-52,2,116.468699
-52,2,116.4747
-52,2,116.479701
-52,2,116.484702
-52,2,116.489703
-53,3,116.497705
-54,4,116.506707
-52,2,116.511708
-56,6,116.525712
-52,2,116.532713
-52,2,116.537715
-54,4,116.547716
-54,4,116.557718
-52,2,116.56272
-52,2,116.567721
-52,2,116.573722
-55,5,116.585725
-52,2,116.590726
-53,3,116.597727
-53,3,116.604729
-53,3,116.612731
-57,7,116.628734
-54,4,116.637736
-53,3,116.645738
-52,2,116.650739
-52,2,116.656741
-52,2,116.662742
-52,2,116.668743
-52,2,116.673744
-54,4,116.682746
-52,2,116.688748
-52,2,116.693749
-54,4,116.702751
-53,3,116.711753
-59,9,116.731757
-52,2,116.737759
-55,5,116.749761
-52,2,116.754763
-52,2,116.759763
-53,3,116.766765
-56,6,116.780768
-52,2,116.785769
-53,3,116.793771
-64,14,116.825779
-57,7,116.841782
-52,2,116.846783
-55,5,116.858786
-52,2,116.863786
-53,3,116.870788
-52,2,116.875789
-52,2,116.882791
-56,6,116.895908
-52,2,116.900909
-52,2,116.90591
-52,2,116.911911
-52,2,116.917913
-52,2,116.922914
-60,10,116.944919
-52,2,116.94992
-54,4,116.959922
-52,2,116.964923
-52,2,116.970925
-52,2,116.975926
-52,2,116.980927
-53,3,116.988929
-52,2,116.99393
-52,2,117.000931
-52,2,117.005933
-52,2,117.010934
-52,2,117.824248
-52,2,117.830249
-52,2,117.83625
-56,6,117.850253
-67,17,117.888263
-52,2,117.893263
-52,2,117.898264
-52,2,117.903265
-52,2,117.908266
-53,3,117.915268
-53,3,117.92327
-52,2,117.928271
-52,2,117.933272
-53,3,117.940274
-52,2,117.945274
-52,2,117.950276
-53,3,117.958278
-52,2,117.963279
-52,2,117.96828
-52,2,117.973281
-52,2,117.978282
-53,3,117.986284
-52,2,117.991285
-52,2,117.996286
-52,2,118.001287
-53,3,118.00929
-52,2,118.01429
-52,2,118.019291
-53,3,118.026293
-52,2,118.031294
-52,2,118.036295
-52,2,118.041296
-65,15,118.075304
-53,3,118.082305
-56,6,118.096308
-52,2,118.10231
-55,5,118.114312
-54,4,118.124315
-54,4,118.133317
-52,2,118.138318
-54,4,118.14832
-54,4,118.158322
-55,5,118.169325
-52,2,118.174326
-52,2,118.180327
-52,2,118.185328
-53,3,118.19333
-52,2,118.199331
-52,2,118.204332
-52,2,118.210334
-52,2,118.215335
-52,2,118.220336
-54,4,118.229338
-52,2,118.234339
-55,5,118.246342
-55,5,118.257344
-56,6,118.273348
-52,2,118.278349
-57,7,118.294353
-52,2,118.300354
-52,2,118.305355
-53,3,118.312356
-52,2,118.317358
-52,2,118.322359
-52,2,118.32836
-52,2,118.335362
-53,3,118.343363
-52,2,118.348364
-52,2,118.353366
-52,2,118.360367
-53,3,118.367369
-54,4,118.377372
-52,2,118.382372
-52,2,118.387374
-52,2,118.392375
-52,2,118.397376
-54,4,118.407378
-52,2,118.412379
-52,2,118.420381
-53,3,118.427383
-54,4,118.437385
-57,7,118.454388
-54,4,118.46339
-52,2,118.468391
-54,4,118.478394
-52,2,118.484395
-52,2,118.489396
-52,2,118.494397
-52,2,118.499398
-52,2,118.5044
-52,2,118.5094
-52,2,118.514402
-55,5,118.526404
-52,2,118.531405
-52,2,118.536407
-53,3,118.543408
-56,6,118.557411
-53,3,118.564413
-52,2,118.569414
-54,4,118.582417
-52,2,118.587418
-57,7,118.603421
-54,4,118.612423
-52,2,118.617425
-55,5,118.629947
-53,3,118.637949
-52,2,118.642951
-52,2,118.647952
-53,3,118.654953
-55,5,118.667956
-53,3,118.674957
-52,2,118.679959
-56,6,118.693962
-52,2,118.698963
-52,2,118.703964
-52,2,118.708965
-52,2,118.713966
-56,6,118.72997
-52,2,118.734971
-52,2,118.739972
-60,10,118.762977
-52,2,118.767979
-52,2,118.772979
-55,5,118.784982
-52,2,118.791984
-52,2,118.797985
-52,2,118.802986
-52,2,118.807987
-52,2,118.812988
-52,2,118.81799
-52,2,118.823991
-52,2,118.829992
-52,2,118.834993
-52,2,118.839994
-52,2,118.844996
-52,2,118.849997
-52,2,118.857999
-52,2,118.863
-53,3,118.870001
-52,2,118.878004
-52,2,118.883004
-52,2,118.888005
-53,3,118.896007
-54,4,118.905009
-52,2,118.91001
-52,2,118.915011
-52,2,118.920012
-52,2,118.925013
-52,2,118.930014
-53,3,118.938017
-52,2,118.943017
-52,2,118.948019
-52,2,118.95402
-53,3,118.961021
-52,2,118.966023
-53,3,118.973024
-54,4,118.983026
-52,2,118.989028
-52,2,118.99703
-52,2,119.002031
-54,4,119.013033
-52,2,119.019034
-52,2,119.024035
-53,3,119.031037
-52,2,119.036038
-52,2,119.041039
-53,3,119.048041
-52,2,119.055042
-52,2,119.061044
-53,3,119.068045
-52,2,119.074047
-52,2,119.081048
-53,3,119.08805
-53,3,119.095051
-52,2,119.100053
-53,3,119.108054
-52,2,119.113055
-52,2,119.118057
-58,8,119.136061
-53,3,119.143062
-53,3,119.152064
-52,2,119.157065
-58,8,119.17607
-52,2,119.181071
-52,2,119.186072
-59,9,119.207076
-52,2,119.212077
-52,2,119.217078
-52,2,119.22208
-52,2,119.228081
-57,7,119.244085
-52,2,119.249085
-52,2,119.255087
-52,2,119.260088
-53,3,119.26709
-52,2,119.272091
-61,11,119.297096
-52,2,119.302098
-52,2,119.307099
-52,2,119.3121
-53,3,119.319101
-52,2,119.324102
-60,10,119.347107
-52,2,119.352109
-52,2,119.35711
-52,2,119.362111
-52,2,119.367112
-58,8,119.386117
-52,2,119.391117
-54,4,119.402119
-54,4,119.412122
-53,3,119.419123
-52,2,119.426126
-52,2,119.431126
-54,4,119.440128
-52,2,119.44713
-53,3,119.454131
-52,2,119.459133
-52,2,119.464134
-53,3,119.471135
-52,2,119.477136
-52,2,119.482138
-52,2,119.489139
-52,2,119.49514
-52,2,119.500142
-52,2,119.507143
-52,2,119.512145
-52,2,119.518146
-54,4,119.529148
-52,2,119.534149
-53,3,119.542152
-52,2,119.547152
-52,2,119.552153
-52,2,119.557155
-52,2,119.563156
-53,3,119.571157
-52,2,119.577159
-52,2,119.58216
-52,2,119.587161
-52,2,119.592162
-55,5,119.603165
-53,3,119.612167
-52,2,119.617168
-53,3,119.62517
-52,2,119.63017
-52,2,119.636172
-52,2,119.642173
-52,2,119.647175
-52,2,119.652175
-52,2,119.657177
-52,2,119.662178
-52,2,119.667179
-63,13,119.696186
-53,3,119.704187
-54,4,119.713189
-52,2,119.718191
-53,3,119.726192
-52,2,119.731193
-52,2,119.736195
-52,2,119.741195
-52,2,119.746197
-52,2,119.751198
-52,2,119.756199
-54,4,119.766201
-52,2,119.771202
-52,2,119.778204
-52,2,119.784205
-52,2,119.789206
-52,2,119.796208
-55,5,119.80721
-52,2,119.812211
-52,2,119.818213
-52,2,119.823214
-52,2,119.828215
-59,9,119.84822
-52,2,119.85322
-52,2,119.859222
-53,3,119.866223
-54,4,119.875226
-52,2,119.880226
-54,4,119.891229
-54,4,119.901231
-52,2,119.906232
-53,3,119.913234
-52,2,119.919235
-58,8,119.937239
-58,8,119.955243
-52,2,119.962245
-52,2,119.967246
-52,2,119.972247
-55,5,119.98425
-52,2,119.990251
-53,3,119.998253
-52,2,120.003254
-52,2,120.010255
-52,2,120.015257
-52,2,120.023258
-52,2,120.02926
-52,2,120.034261
-53,3,120.041263
-52,2,120.046264
-57,7,120.062267
-52,2,120.067268
-53,3,120.07727
-52,2,120.082272
-56,6,120.096275
-56,6,120.110277
-52,2,120.115279
-52,2,120.12028
-53,3,120.127282
-62,12,120.154287
-53,3,120.162289
-52,2,120.16729
-57,7,120.183294
-52,2,120.191296
-52,2,120.198298
-52,2,120.203299
-52,2,120.2093
-52,2,120.214301
-52,2,120.219302
-52,2,120.225303
-52,2,120.230304
-54,4,120.240307
-52,2,120.246308
-56,6,120.260311
-52,2,120.265312
-52,2,120.270314
-54,4,120.280316
-52,2,120.285317
-52,2,120.290318
-52,2,120.297319
-56,6,120.311322
-52,2,120.317324
-52,2,120.322325
-53,3,120.330327
-52,2,120.335328
-54,4,120.344331
-56,6,120.358334
-53,3,120.365335
-52,2,120.372336
-53,3,120.380338
-52,2,120.385339
-52,2,120.39034
-56,6,120.404343
-52,2,120.410345
-53,3,120.417346
-52,2,120.423347
-53,3,120.43135
-52,2,120.436351
-53,3,120.445353
-53,3,120.452354
-52,2,120.458356
-52,2,120.464357
-52,2,120.469358
-54,4,120.47936
-53,3,120.486362
-52,2,120.491363
-55,5,120.503366
-52,2,120.510367
-52,2,120.515368
-52,2,120.520369
-52,2,120.52537
-59,9,120.546375
-52,2,120.551376
-52,2,120.556378
-52,2,120.561378
-52,2,120.56638
-52,2,120.573381
-53,3,120.580383
-54,4,120.589385
-52,2,120.594386
-52,2,120.600387
-59,9,120.620392
-52,2,120.626393
-52,2,120.631394
-52,2,120.636395
-53,3,120.644397
-53,3,120.651398
-54,4,120.662401
-53,3,120.670403
-52,2,120.675404
-52,2,120.680405
-52,2,120.685406
-53,3,120.692408
-53,3,120.70141
-52,2,120.706411
-52,2,120.711412
-52,2,120.718414
-52,2,120.723415
-53,3,120.730416
-63,13,120.760423
-52,2,120.766424
-53,3,120.774426
-52,2,120.779427
-54,4,120.788429
-52,2,120.795431
-52,2,120.801432
-52,2,120.806433
-52,2,120.811434
-54,4,120.820436
-53,3,120.828438
-52,2,120.833439
-52,2,120.83944
-52,2,120.844441
-55,5,120.855444
-52,2,120.860445
-52,2,120.865447
-52,2,120.870447
-56,6,120.884451
-53,3,120.892452
-54,4,120.901454
-54,4,120.911456
-52,2,120.916458
-53,3,120.924459
-53,3,120.931461
-52,2,120.937462
-52,2,120.942463
-52,2,120.947464
-52,2,120.952466
-54,4,120.961468
-52,2,120.967469
-52,2,120.97247
-52,2,120.977471
-56,6,120.991474
-52,2,120.998476
-52,2,121.003477
-52,2,121.010478
-54,4,121.020481
-53,3,121.027483
-52,2,121.032483
-52,2,121.037485
-55,5,121.049487
-54,4,121.059489
-52,2,121.064491
-55,5,121.075493
-52,2,121.081494
-52,2,121.086496
-53,3,121.094497
-52,2,121.099499
-54,4,121.110501
-56,6,121.124504
-54,4,121.134506
-52,2,121.139507
-52,2,121.144509
-52,2,121.15151
-54,4,121.161512
-55,5,121.172515
-52,2,121.177516
-54,4,121.190519
-53,3,121.198521
-53,3,121.205522
-52,2,121.210523
-52,2,121.215524
-53,3,121.222526
-53,3,121.230528
-53,3,121.237529
-52,2,121.24253
-52,2,121.248532
-53,3,121.256534
-53,3,121.263535
-52,2,121.268536
-52,2,121.275538
-54,4,121.28454
-54,4,121.294542
-52,2,121.301543
-54,4,121.311546
-57,7,121.327549
-53,3,121.334551
-52,2,121.339552
-53,3,121.346554
-52,2,121.353555
-58,8,121.371559
-52,2,121.37656
-54,4,121.386563
-52,2,121.391564
-52,2,121.396565
-52,2,121.401566
-52,2,121.406567
-52,2,121.411568
-52,2,121.416569
-53,3,121.424571
-52,2,121.429572
-52,2,121.435573
-52,2,121.441575
-52,2,121.446576
-52,2,121.451577
-52,2,121.456578
-52,2,121.462579
-52,2,121.467581
-52,2,121.472582
-52,2,121.480583
-54,4,121.489586
-52,2,121.495587
-52,2,121.500588
-52,2,121.506589
-52,2,121.513591
-52,2,121.519592
-52,2,121.524594
-52,2,121.529594
-52,2,121.534596
-53,3,121.542597
-52,2,121.547598
-53,3,121.5546
-52,2,121.559601
-52,2,121.564602
-52,2,121.569603
-53,3,121.579606
-53,3,121.586607
-52,2,121.591608
-52,2,121.59761
-52,2,121.602611
-52,2,121.607612
-56,6,121.621615
-52,2,121.626616
-54,4,121.636618
-52,2,121.641619
-52,2,121.646621
-53,3,121.653622
-52,2,121.658624
-52,2,121.663624
-54,4,121.674627
-52,2,121.680628
-54,4,121.69063
-52,2,121.696632
41,9,121.716636
-53,3,121.724638
-52,2,121.729639
-54,4,121.738642
-53,3,121.748643
-52,2,121.754645
-52,2,121.760646
-52,2,121.765647
-52,2,121.771648
-52,2,121.776649
-52,2,121.782651
-52,2,121.787652
-54,4,121.798655
-55,5,121.810657
-53,3,121.817659
-56,6,121.831662
-53,3,121.838664
-54,4,121.848666
-52,2,121.853667
-52,2,121.858668
-52,2,121.865669
-52,2,121.870671
-52,2,121.875672
-53,3,121.882673
-52,2,121.888675
-54,4,121.897676
-54,4,121.909679
-52,2,121.91568
-52,2,121.920681
-53,3,121.927683
-52,2,121.932684
-57,7,121.948688
-52,2,121.954689
-52,2,121.95969
-55,5,121.971693
-52,2,121.976694
-52,2,121.982696
-52,2,121.988697
-52,2,121.993698
-52,2,122.000217
-52,2,122.005218
-52,2,122.010219
-52,2,122.016221
-56,6,122.030224
-52,2,122.035224
-52,2,122.040226
-52,2,122.045227
-52,2,122.050228
-52,2,122.055229
-52,2,122.06023
-52,2,122.066231
-52,2,122.071233
-52,2,122.076234
-52,2,122.081235
-52,2,122.087236
-52,2,122.092237
-54,4,122.101239
-55,5,122.113242
-52,2,122.118243
-52,2,122.124244
-52,2,122.131246
-54,4,122.141249
-52,2,122.146249
-52,2,122.15125
-52,2,122.156251
-54,4,122.167254
-52,2,122.172255
-58,8,122.19126
-52,2,122.197261
-52,2,122.202262
-55,5,122.213264
-52,2,122.220266
-52,2,122.226267
-52,2,122.231268
-52,2,122.236269
-52,2,122.24127
-61,11,122.266276
-52,2,122.271277
-52,2,122.276278
-52,2,122.28128
-52,2,122.287281
-52,2,122.292282
-52,2,122.298283
-53,3,122.306285
-52,2,122.311286
-54,4,122.321288
-52,2,122.326289
-52,2,122.33129
-52,2,122.336292
-52,2,122.341293
-55,5,122.353295
-52,2,122.360297
-52,2,122.366298
-53,3,122.3743
-56,6,122.388304
-53,3,122.395305
-53,3,122.403307
-52,2,122.408308
-52,2,122.414309
-52,2,122.419311
-52,2,122.425311
-52,2,122.433314
-52,2,122.438315
-52,2,122.445316
-52,2,122.450317
-52,2,122.455318
-52,2,122.46032
-52,2,122.466321
-54,4,122.477324
-52,2,122.482324
-52,2,122.487325
-54,4,122.498328
-52,2,122.503329
-55,5,122.515332
-54,4,122.525334
-54,4,122.534336
-54,4,122.544338
-52,2,122.54934
-52,2,122.55434
-52,2,122.560342
-52,2,122.565343
-52,2,122.570344
-53,3,122.578346
-53,3,122.586347
-52,2,122.593349
-52,2,122.598351
-53,3,122.606352
-52,2,122.611353
-54,4,122.620355
-53,3,122.628357
-52,2,122.636358
-52,2,122.64136
-52,2,122.647361
-52,2,122.652362
-53,3,122.661364
-59,9,122.682369
-61,11,122.707375
-52,2,122.712376
-52,2,122.718377
-52,2,122.723378
-52,2,122.728379
-52,2,122.73338
-52,2,122.739382
-53,3,122.746383
-54,4,122.755385
-52,2,122.761387
-52,2,122.766388
-52,2,122.771389
-53,3,122.77839
-52,2,122.784392
-53,3,122.791394
-52,2,122.797395
-52,2,122.802395
-53,3,122.809398
-53,3,122.816399
-54,4,122.826401
-52,2,122.831402
-52,2,122.836403
-56,6,122.852407
-53,3,122.861409
-52,2,122.86741
-53,3,122.874412
-52,2,122.879413
-52,2,122.884414
-52,2,122.889416
-57,7,122.906419
-52,2,122.91142
-53,3,122.918422
-54,4,122.928424
-52,2,122.933425
-52,2,122.938426
-53,3,122.945427
-53,3,122.95343
-52,2,122.95843
-52,2,122.964432
-52,2,122.969433
-52,2,122.974435
-52,2,122.980435
-54,4,122.989438
-52,2,122.994438
-56,6,123.008442
-52,2,123.013443
-53,3,123.021444
-52,2,123.026446
-52,2,123.031447
-52,2,123.839751
-52,2,123.845753
-52,2,123.850754
-52,2,123.856755
-52,2,123.862757
-53,3,123.869758
-52,2,123.874759
-57,7,123.890763
-53,3,123.897765
-52,2,123.902766
-53,3,123.910767
-53,3,123.917769
-52,2,123.92277
-52,2,123.929772
-52,2,123.935773
-54,4,123.945775
-52,2,123.952777
-53,3,123.959778
-52,2,123.964779
-52,2,123.969781
-52,2,123.974782
-54,4,123.986784
-55,5,123.997787
-54,4,124.007789
-52,2,124.01279
-52,2,124.020792
-53,3,124.027794
-52,2,124.032794
-52,2,124.037796
-52,2,124.042797
-54,4,124.052799
-52,2,124.057801
-52,2,124.062801
-52,2,124.067803
-52,2,124.073804
-52,2,124.078805
-52,2,124.083806
-55,5,124.095809
-52,2,124.10081
-54,4,124.110812
-52,2,124.117814
-54,4,124.127816
-52,2,124.132817
-52,2,124.137818
-52,2,124.14382
-52,2,124.148821
-53,3,124.158823
-52,2,124.163824
-56,6,124.177827
-52,2,124.182828
-54,4,124.195831
-52,2,124.200832
-53,3,124.207834
-52,2,124.213835
-52,2,124.218836
-54,4,124.228838
-53,3,124.23584
-52,2,124.240841
-53,3,124.247843
-54,4,124.257845
-52,2,124.262846
-52,2,124.267847
-52,2,124.272848
-52,2,124.27785
-52,2,124.284851
-54,4,124.293853
-52,2,124.300854
-53,3,124.307856
-55,5,124.319859
-52,2,124.32486
-52,2,124.331861
-54,4,124.341864
-53,3,124.349865
-52,2,124.354867
-53,3,124.361868
-52,2,124.366869
-52,2,124.37387
-52,2,124.381872
-54,4,124.391875
-52,2,124.396876
-52,2,124.401877
-52,2,124.406878
-55,5,124.419881
-52,2,124.424882
-52,2,124.429883
-52,2,124.434884
-52,2,124.439886
-52,2,124.444887
-52,2,124.449888
-52,2,124.455889
-52,2,124.46089
-54,4,124.470892
-52,2,124.475893
-52,2,124.480895
-52,2,124.486896
-52,2,124.491897
-53,3,124.498899
-52,2,124.5049
-52,2,124.510901
-53,3,124.518903
-54,4,124.527905
-55,5,124.539908
-53,3,124.54691
-52,2,124.55191
-52,2,124.556911
-52,2,124.561912
-53,3,124.569915
-57,7,124.585918
-53,3,124.59292
-52,2,124.599921
-54,4,124.610924
-53,3,124.617925
-54,4,124.627928
-52,2,124.632928
-52,2,124.63793
-52,2,124.642931
-53,3,124.649932
-54,4,124.659935
-52,2,124.667936
-52,2,124.672937
-52,2,124.677939
-52,2,124.68294
-52,2,124.687941
-52,2,124.693942
-56,6,124.707945
-52,2,124.715947
-52,2,124.722949
-52,2,124.72995
-53,3,124.738953
-52,2,124.743953
-52,2,124.749955
-52,2,124.754956
-59,9,124.77496
-53,3,124.781962
-52,2,124.787963
-52,2,124.794965
-52,2,124.801966
-53,3,124.808968
-52,2,124.813969
-52,2,124.81897
-57,7,124.834974
-52,2,124.839975
-52,2,124.844976
-52,2,124.851095
-52,2,124.856092
-55,5,124.868095
-52,2,124.874096
-52,2,124.879097
-52,2,124.884098
-52,2,124.889099
-52,2,124.894101
-52,2,124.899102
-52,2,124.906103
-52,2,124.911105
-54,4,124.921107
-53,3,124.928109
-52,2,124.93311
-52,2,124.938111
-53,3,124.946112
-53,3,124.954114
-52,2,124.959116
-52,2,124.964116
-55,5,124.976119
-54,4,124.985121
-52,2,124.991122
-52,2,124.996123
-52,2,125.002125
-52,2,125.007126
-56,6,125.021129
-52,2,125.02613
-52,2,125.031131
-52,2,125.036132
-52,2,125.041133
-52,2,125.046134
-52,2,125.051136
-58,8,125.069139
-52,2,125.074141
-52,2,125.079142
-52,2,125.084143
-52,2,125.090145
-52,2,125.095145
-52,2,125.100147
-52,2,125.106149
-52,2,125.111149
-52,2,125.11615
-52,2,125.121151
-52,2,125.127152
-52,2,125.132154
-52,2,125.137155
-52,2,125.142156
-52,2,125.148158
-52,2,125.154159
-59,9,125.174163
-52,2,125.181165
-53,3,125.189167
-54,4,125.199169
-52,2,125.20617
-52,2,125.211171
-52,2,125.216172
-52,2,125.222174
-52,2,125.227175
-52,2,125.232176
-58,8,125.25118
-52,2,125.257181
-52,2,125.262183
-52,2,125.268184
-58,8,125.287188
-52,2,125.29219
-52,2,125.297191
-55,5,125.309194
-52,2,125.315194
-52,2,125.320196
-53,3,125.327197
-52,2,125.334199
-52,2,125.3392
-53,3,125.346202
-52,2,125.351203
-56,6,125.366206
-52,2,125.371207
-52,2,125.377209
-52,2,125.382209
-52,2,125.387211
-53,3,125.395212
-52,2,125.400213
-52,2,125.405215
-52,2,125.411216
-54,4,125.420218
-52,2,125.42522
-52,2,125.430221
-53,3,125.437222
-52,2,125.442223
-52,2,125.447224
-52,2,125.453225
-52,2,125.459227
-52,2,125.464228
-54,4,125.47323
-79,29,125.537244
-52,2,125.542246
-53,3,125.550247
-53,3,125.557249
-52,2,125.56225
-52,2,125.567251
-54,4,125.577253
-52,2,125.582254
-52,2,125.587255
-52,2,125.592257
-52,2,125.597258
-52,2,125.602258
-52,2,125.60826
-52,2,125.615262
-52,2,125.620263
-52,2,125.626264
-53,3,125.634266
-52,2,125.639267
-52,2,125.644268
-52,2,125.649269
-52,2,125.655271
-52,2,125.661272
-52,2,125.666273
-52,2,125.671274
-52,2,125.676275
-54,4,125.685277
-52,2,125.690279
-52,2,125.69628
-52,2,125.702281
-54,4,125.711283
-52,2,125.717284
-52,2,125.722285
-52,2,125.727286
-52,2,125.732288
-52,2,125.737288
-52,2,125.74229
-58,8,125.760294
-52,2,125.767295
-52,2,125.772296
-52,2,125.777298
-52,2,125.783299
-52,2,125.7883
-52,2,125.793301
-52,2,125.800303
-52,2,125.805304
-54,4,125.815307
-52,2,125.820307
-52,2,125.825308
-56,6,125.839311
-53,3,125.846313
-53,3,125.856316
-52,2,125.861316
-52,2,125.866318
-53,3,125.873319
-52,2,125.87832
-52,2,125.883322
-52,2,125.889323
-52,2,125.894324
-52,2,125.899325
-52,2,125.904326
-52,2,125.911328
-52,2,125.916328
-52,2,125.92233
-54,4,125.932332
-52,2,125.937333
-52,2,125.944335
-53,3,125.952337
-53,3,125.959338
-53,3,125.96634
-52,2,125.971341
-53,3,125.978343
-52,2,125.984344
-52,2,125.989345
-52,2,125.994346
-52,2,125.999347
-52,2,126.004348
-52,2,126.009349
-52,2,126.015351
-52,2,126.020352
-52,2,126.025353
-57,7,126.041356
-52,2,126.046358
-52,2,126.051359
-52,2,126.05736
-52,2,126.062361
-52,2,126.067362
-52,2,126.072363
-52,2,126.077364
-54,4,126.089367
-53,3,126.097369
-52,2,126.10237
-53,3,126.110372
-53,3,126.117373
-54,4,126.126375
-52,2,126.132377
-52,2,126.137378
-54,4,126.14638
-53,3,126.154382
-52,2,126.159383
-53,3,126.166384
-53,3,126.173386
-52,2,126.179388
-53,3,126.187389
-53,3,126.195391
-52,2,126.200392
-55,5,126.211394
-52,2,126.217396
-52,2,126.222397
-52,2,126.227398
-52,2,126.232399
-52,2,126.238401
-57,7,126.255405
-53,3,126.263406
-52,2,126.268407
-52,2,126.274409
-52,2,126.27941
-53,3,126.287411
-52,2,126.293413
-54,4,126.302415
-52,2,126.307416
-52,2,126.312417
-52,2,126.317419
-52,2,126.322419
-53,3,126.330421
-52,2,126.335422
-52,2,126.340424
-53,3,126.347425
-52,2,126.352426
-52,2,126.360428
-54,4,126.36943
-53,3,126.377431
-52,2,126.382432
-52,2,126.387434
-52,2,126.392435
-52,2,126.398436
-52,2,126.403437
-52,2,126.408438
-52,2,126.41344
-53,3,126.420441
-55,5,126.432443
-52,2,126.439445
-52,2,126.444446
-52,2,126.449448
-53,3,126.45845
-52,2,126.463451
-60,10,126.486456
-52,2,126.491457
-53,3,126.498459
-52,2,126.50346
-54,4,126.513462
-52,2,126.518463
-54,4,126.530466
-52,2,126.535467
-52,2,126.540468
-52,2,126.545469
-52,2,126.55047
-52,2,126.558472
-54,4,126.568474
-52,2,126.573475
-52,2,126.578476
-53,3,126.585478
-52,2,126.590479
-52,2,126.59548
-54,4,126.606483
-52,2,126.611484
-52,2,126.616485
-65,15,126.649492
-52,2,126.654493
-52,2,126.659494
-52,2,126.664495
-52,2,126.669497
-52,2,126.675498
-64,14,126.706505
-52,2,126.711506
-56,6,126.725509
-52,2,126.730511
-54,4,126.740513
-52,2,126.745513
-52,2,126.750515
-52,2,126.757516
-52,2,126.762518
-52,2,126.767519
-53,3,126.77452
-52,2,126.779521
-52,2,126.785522
-54,4,126.795525
-52,2,126.800526
-52,2,126.806527
-52,2,126.811528
-52,2,126.81653
-52,2,126.821531
-52,2,126.826532
-52,2,126.831533
-54,4,126.841535
-52,2,126.846536
-52,2,126.851537
-52,2,126.859539
-56,6,126.873542
-54,4,126.882544
-52,2,126.890547
-52,2,126.895547
-52,2,126.900548
-52,2,126.905549
-52,2,126.910551
-52,2,126.916552
-52,2,126.921553
-52,2,126.926554
-52,2,126.931555
-52,2,126.938558
-52,2,126.943558
-55,5,126.95556
-52,2,126.960562
-52,2,126.965562
-54,4,126.974565
-52,2,126.979566
-52,2,126.987567
-52,2,126.994569
-52,2,126.99957
-52,2,127.004571
-53,3,127.011573
-53,3,127.019575
-52,2,127.024575
-52,2,127.029577
-53,3,127.036579
-52,2,127.04158
-52,2,127.048581
-53,3,127.056583
-53,3,127.063585
-52,2,127.068586
-52,2,127.073587
-54,4,127.08359
-52,2,127.088591
-52,2,127.093591
-52,2,127.098593
-52,2,127.103594
-52,2,127.108595
-54,4,127.118597
-54,4,127.127599
-52,2,127.1326
-58,8,127.151604
-55,5,127.163607
-52,2,127.168608
-52,2,127.174609
-52,2,127.17961
-53,3,127.187612
-53,3,127.195614
-52,2,127.200615
-52,2,127.205616
-53,3,127.212618
-52,2,127.217619
-52,2,127.22262
-52,2,127.227621
-52,2,127.233623
-55,5,127.244625
-52,2,127.249626
-52,2,127.257628
-52,2,127.262629
-52,2,127.26763
-52,2,127.272631
-53,3,127.279633
-53,3,127.287635
-52,2,127.292636
-52,2,127.297637
-52,2,127.303638
-52,2,127.30864
-52,2,127.31364
-59,9,127.334645
-53,3,127.342647
-52,2,127.348649
-55,5,127.360651
-53,3,127.367652
-52,2,127.372654
-52,2,127.377654
-56,6,127.391658
-52,2,127.396659
-56,6,127.410662
-52,2,127.415663
-54,4,127.425665
-52,2,127.431667
-52,2,127.437668
-53,3,127.44567
-52,2,127.450671
-53,3,127.458673
-52,2,127.463674
-54,4,127.472676
-52,2,127.478677
-52,2,127.485679
-52,2,127.49168
-52,2,127.496681
-52,2,127.502682
-52,2,127.507684
-52,2,127.512685
-52,2,127.518686
-52,2,127.523687
-52,2,127.529688
-52,2,127.53469
-52,2,127.539691
-52,2,127.544692
-52,2,127.551693
-53,3,127.559696
-52,2,127.564696
-52,2,127.571698
-62,12,127.598705
-52,2,127.605705
-53,3,127.613707
-52,2,127.618709
-60,10,127.640713
-52,2,127.645714
-52,2,127.653716
-54,4,127.664719
-56,6,127.678722
-52,2,127.683723
-52,2,127.688724
-52,2,127.693725
-52,2,127.699726
-52,2,127.704727
-52,2,127.709728
-52,2,127.71573
-52,2,127.721731
-52,2,127.726733
-55,5,127.738736
-54,4,127.747737
-52,2,127.752738
-52,2,127.75874
-61,11,127.782746
-52,2,127.787746
-52,2,127.793747
-53,3,127.801749
-52,2,127.80675
-52,2,127.811752
-52,2,127.816753
-52,2,127.821754
-52,2,127.826755
-53,3,127.833756
-52,2,127.838758
-52,2,127.84676
-52,2,127.85176
-52,2,127.856761
-53,3,127.863763
-54,4,127.873765
-54,4,127.882767
-52,2,127.889769
-52,2,127.89577
-54,4,127.904772
-52,2,127.910775
-53,3,127.918776
-52,2,127.923777
-54,4,127.933779
-52,2,127.93878
-53,3,127.945781
-52,2,127.950783
-52,2,127.955784
-52,2,127.962785
-52,2,127.967786
-52,2,127.973788
-52,2,127.978789
-52,2,127.98379
-52,2,127.988791
-52,2,127.993792
-52,2,127.998793
-54,4,128.008796
-52,2,128.015797
-52,2,128.020798
-52,2,128.025799
-52,2,128.0308
-52,2,128.036802
-52,2,128.042803
-52,2,128.049804
-54,4,128.059807
-52,2,128.064808
-53,3,128.071812
-52,2,128.076813
-55,5,128.089816
-55,5,128.100819
-52,2,128.10582
-52,2,128.111821
-56,6,128.126825
-52,2,128.132826
-52,2,128.137827
-54,4,128.146829
-52,2,128.15283
-54,4,128.161833
-52,2,128.166834
-52,2,128.172835
-52,2,128.178837
-52,2,128.184837
-54,4,128.19584
-53,3,128.202842
-52,2,128.207843
-56,6,128.221846
-52,2,128.226847
-52,2,128.232848
-53,3,128.24085
-55,5,128.252853
-52,2,128.257854
-52,2,128.262855
-52,2,128.270857
-52,2,128.275858
-52,2,128.281859
-52,2,128.286861
-52,2,128.291861
-52,2,128.297863
-53,3,128.304864
-52,2,128.310866
-53,3,128.317867
-52,2,128.322869
-56,6,128.336872
-52,2,128.342394
-53,3,128.349396
-53,3,128.356398
-54,4,128.3664
-52,2,128.371402
-57,7,128.387405
-56,6,128.402408
-52,2,128.40741
-52,2,128.41241
-54,4,128.423413
-56,6,128.437416
-52,2,128.442417
-54,4,128.451419
-52,2,128.458421
-52,2,128.463422
-52,2,128.468423
-55,5,128.480426
-52,2,128.485426
-52,2,128.493428
-52,2,128.49943
-52,2,128.505431
-53,3,128.513433
-54,4,128.522435
-52,2,128.528436
-53,3,128.536438
-52,2,128.54444
-52,2,128.551441
-54,4,128.561444
-52,2,128.566445
-52,2,128.571446
-52,2,128.576447
-55,5,128.58845
-52,2,128.596451
-52,2,128.603453
-52,2,128.608454
-61,11,128.63246
-52,2,128.63746
-52,2,128.644462
-52,2,128.649463
-54,4,128.659466
-52,2,128.664467
-55,5,128.678469
-54,4,128.687472
-52,2,128.692474
-57,7,128.708476
-53,3,128.716478
-54,4,128.725603
-53,3,128.732605
-52,2,128.737606
-52,2,128.743607
-56,6,128.759611
-52,2,128.764612
-52,2,128.769613
-53,3,128.779615
-52,2,128.785616
-52,2,128.790617
-52,2,128.795619
-53,3,128.803621
-52,2,128.808622
-52,2,128.815623
-52,2,128.820625
-52,2,128.825626
-52,2,128.830627
-54,4,128.839629
-54,4,128.849632
-52,2,128.854632
-52,2,128.859633
-52,2,128.864635
-53,3,128.871636
-52,2,128.876637
-52,2,128.881638
-53,3,128.88964
-52,2,128.894641
-52,2,128.899642
-53,3,128.906644
-52,2,128.912645
-52,2,128.917646
-53,3,128.925648
-55,5,128.93765
-52,2,128.942652
-52,2,128.947653
-52,2,128.952654
-52,2,128.957655
-54,4,128.968657
-52,2,128.973658
-52,2,128.98066
-52,2,128.986661
-52,2,128.992663
-52,2,128.997664
-52,2,129.003665
-52,2,129.008666
-56,6,129.022669
-52,2,129.027671
-53,3,129.035672
-52,2,129.040674
-52,2,129.046675
-52,2,129.052676
-52,2,129.057677
-52,2,129.062678
-54,4,129.071681
-52,2,129.076681
-52,2,129.081683
-52,2,129.086684
-52,2,129.092685
-52,2,129.097686
-53,3,129.912003
-52,2,129.917004
-52,2,129.922005
-52,2,129.930006
-52,2,129.937008
-52,2,129.942009
-52,2,129.947011
-54,4,129.957013
-53,3,129.965015
-53,3,129.972016
-53,3,129.980018
-52,2,129.985019
-52,2,129.99002
-52,2,129.996021
-56,6,130.010025
-52,2,130.015025
-52,2,130.021027
-52,2,130.026028
-56,6,130.039031
-52,2,130.045033
-52,2,130.050034
-52,2,130.055034
-53,3,130.062036
-52,2,130.068038
-52,2,130.073039
-52,2,130.08004
-52,2,130.085041
-52,2,130.090042
-52,2,130.095044
-54,4,130.104046
-52,2,130.110047
-53,3,130.117049
-53,3,130.12505
-52,2,130.130051
-53,3,130.137053
-52,2,130.142054
-52,2,130.147055
-52,2,130.152057
-52,2,130.157057
-52,2,130.165059
-52,2,130.170061
-52,2,130.175061
-52,2,130.182063
-54,4,130.193066
-52,2,130.198066
-52,2,130.203068
-53,3,130.210069
-52,2,130.21507
-52,2,130.223072
-52,2,130.228073
-53,3,130.235075
-52,2,130.241076
-52,2,130.246077
-52,2,130.253079
-52,2,130.25808
-52,2,130.263081
-52,2,130.268082
-52,2,130.273083
-53,3,130.280085
-52,2,130.285086
-53,3,130.293087
-52,2,130.298089
-52,2,130.30309
-52,2,130.308091
-52,2,130.315093
-52,2,130.320094
-57,7,130.336097
-52,2,130.341098
-52,2,130.3461
-56,6,130.360103
-56,6,130.374106
-52,2,130.379107
-53,3,130.386108
-52,2,130.391109
-52,2,130.39611
-52,2,130.401112
-52,2,130.406113
-52,2,130.412115
-53,3,130.419116
-52,2,130.424117
-52,2,130.429118
-52,2,130.435119
-52,2,130.440121
-52,2,130.445122
-52,2,130.450123
-54,4,130.460125
-52,2,130.466126
-52,2,130.472129
-54,4,130.48113
-52,2,130.486131
-52,2,130.491132
-52,2,130.496133
-52,2,130.502135
-52,2,130.507136
-53,3,130.514137
-52,2,130.519138
-52,2,130.52514
-52,2,130.530141
-54,4,130.541143
-52,2,130.546144
-52,2,130.551145
-54,4,130.560148
-54,4,130.57215
-52,2,130.579151
-52,2,130.584153
-52,2,130.590154
-52,2,130.595155
-52,2,130.600157
-53,3,130.607157
-52,2,130.612159
-52,2,130.61716
-53,3,130.625162
-58,8,130.645166
-53,3,130.652168
-52,2,130.657169
-52,2,130.66217
-53,3,130.671172
-52,2,130.676173
-52,2,130.682174
-52,2,130.687176
-52,2,130.692177
-52,2,130.697178
-52,2,130.702179
-53,3,130.710181
-52,2,130.715182
-52,2,130.720183
-52,2,130.725184
-53,3,130.732186
-54,4,130.744188
-52,2,130.75019
-53,3,130.757191
-52,2,130.762192
-52,2,130.767193
-52,2,130.773195
-52,2,130.778196
-53,3,130.786198
-52,2,130.793199
-56,6,130.808345
-52,2,130.815341
-52,2,130.820342
-53,3,130.828344
-54,4,130.837346
-53,3,130.844347
-52,2,130.850349
-52,2,130.85535
-52,2,130.862351
-52,2,130.868353
-52,2,130.874354
-52,2,130.880355
-53,3,130.888357
-52,2,130.893358
-55,5,130.907362
-52,2,130.912363
-54,4,130.921365
-52,2,130.927366
-52,2,130.932367
-52,2,130.937368
-52,2,130.942369
-52,2,130.947371
-53,3,130.955372
-52,2,130.961373
-52,2,130.968375
-52,2,130.973376
-52,2,130.978377
-52,2,130.983378
-52,2,130.988379
-52,2,130.995381
-54,4,131.004383
-52,2,131.009384
-53,3,131.017386
-52,2,131.022388
-52,2,131.027388
-52,2,131.034389
-53,3,131.041391
-52,2,131.046393
-52,2,131.053394
-52,2,131.058395
-52,2,131.065397
-52,2,131.072398
-53,3,131.0794
-52,2,131.084401
-52,2,131.089402
-54,4,131.100405
-53,3,131.108406
-52,2,131.113407
-52,2,131.118408
-52,2,131.12641
-53,3,131.133412
-52,2,131.139413
-52,2,131.144414
-52,2,131.149415
-52,2,131.155417
-52,2,131.160418
-52,2,131.165419
-52,2,131.17042
-52,2,131.176421
-52,2,131.181423
-52,2,131.186424
-52,2,131.192425
-57,7,131.208429
-52,2,131.21343
-52,2,131.218431
-53,3,131.226433
-52,2,131.231434
-52,2,131.236435
-52,2,131.241436
-52,2,131.247437
-52,2,131.254439
-52,2,131.26044
-57,7,131.276444
-52,2,131.281445
-52,2,131.286446
-56,6,131.300449
-52,2,131.30545
-52,2,131.310452
-52,2,131.316453
-52,2,131.321454
-52,2,131.326455
-53,3,131.333457
-52,2,131.339458
-54,4,131.34946
-53,3,131.357462
-52,2,131.362463
-52,2,131.367464
-52,2,131.372466
-52,2,131.377466
-52,2,131.383468
-54,4,131.39547
-52,2,131.400472
-52,2,131.405473
-52,2,131.411474
-52,2,131.416475
-52,2,131.421476
-54,4,131.433479
-52,2,131.43948
-52,2,131.444482
-52,2,131.449482
-52,2,131.454484
-52,2,131.461485
-52,2,131.466486
-52,2,131.471488
-52,2,131.476489
-55,5,131.488491
-53,3,131.495493
-52,2,131.501494
-52,2,131.506495
-52,2,131.511496
-55,5,131.523499
-52,2,131.5285
-52,2,131.533501
-52,2,131.539502
-53,3,131.548504
-52,2,131.556507
-52,2,131.563508
-52,2,131.568509
-53,3,131.57651
-52,2,131.582512
-52,2,131.588122
-52,2,131.593627
-52,2,131.598628
-52,2,131.603629
-52,2,131.60863
-52,2,131.613631
-52,2,131.618632
-64,14,131.65064
-52,2,131.655641
-52,2,131.660642
-52,2,131.665643
-52,2,131.670644
-52,2,131.675646
-52,2,131.680647
-58,8,131.69965
-52,2,131.704651
-52,2,131.709653
-52,2,131.714654
-52,2,131.722656
-52,2,131.727657
-52,2,131.733658
-52,2,131.738659
-52,2,131.74366
-52,2,131.748662
-54,4,131.761664
-53,3,131.768666
-56,6,131.782669
-52,2,131.78767
-54,4,131.798673
-52,2,131.803674
-52,2,131.808675
-52,2,131.814676
-52,2,131.819677
-52,2,131.824678
-52,2,131.83068
-52,2,131.836681
-52,2,131.841683
-52,2,131.848684
-52,2,131.853685
-53,3,131.860687
-52,2,131.866688
-54,4,131.876691
-52,2,131.881691
-52,2,131.888693
-56,6,131.902696
-52,2,131.909697
-52,2,131.914699
-52,2,131.919699
-52,2,131.927701
-52,2,131.932703
-52,2,131.939704
-52,2,131.944705
-52,2,131.951707
-52,2,131.957708
-52,2,131.962709
-54,4,131.972712
-52,2,131.979713
-54,4,131.989715
-66,16,132.025723
-52,2,132.030725
-52,2,132.036726
-59,9,132.05773
-52,2,132.062732
-52,2,132.068733
-52,2,132.073734
-52,2,132.080736
-52,2,132.086737
-52,2,132.091738
-56,6,132.105741
-52,2,132.110742
-54,4,132.120745
-52,2,132.125745
-52,2,132.130747
-52,2,132.135748
-52,2,132.14075
-52,2,132.14575
-52,2,132.151751
-52,2,132.156752
-53,3,132.164876
-54,4,132.174874
-52,2,132.179875
-52,2,132.184877
-52,2,132.190878
-53,3,132.19888
-52,2,132.203881
-52,2,132.208882
-52,2,132.213883
-52,2,132.219885
-58,8,132.238889
-52,2,132.24389
-53,3,132.251892
-53,3,132.258893
-52,2,132.264894
-52,2,132.270896
-52,2,132.275897
-52,2,132.280898
-52,2,132.286899
-55,5,132.298902
-52,2,132.303903
-54,4,132.313905
-52,2,132.318907
-52,2,132.324908
-52,2,132.330909
-52,2,132.33591
-52,2,132.340911
-52,2,132.346913
-52,2,132.352914
-52,2,132.359915
-52,2,132.364917
-53,3,132.372919
-52,2,132.37792
-52,2,132.382921
-52,2,132.387922
-53,3,132.394923
-52,2,132.399925
-54,4,132.409926
-55,5,132.421929
-52,2,132.42693
-52,2,132.431931
-52,2,132.436933
-53,3,132.444934
-54,4,132.453936
-54,4,132.463939
-52,2,132.46994
-52,2,132.474941
-54,4,132.484943
-52,2,132.489945
-52,2,132.494946
-54,4,132.504948
-52,2,132.51195
-54,4,132.520952
-55,5,132.532955
-52,2,132.537955
-53,3,132.545957
-52,2,132.550958
-52,2,132.555959
-52,2,132.560961
-52,2,132.565962
-52,2,132.571963
-54,4,132.581965
-52,2,132.586966
-52,2,132.591967
-52,2,132.596968
-52,2,132.601969
-52,2,132.606971
-52,2,132.612972
-54,4,132.621974
-52,2,132.626975
-53,3,132.634977
-52,2,132.639978
-52,2,132.645979
-52,2,132.651981
-52,2,132.656982
-52,2,132.661983
-52,2,132.667984
-52,2,132.672986
-53,3,132.679987
-52,2,132.684988
-54,4,132.69499
-53,3,132.701992
-52,2,132.706993
-52,2,132.711994
-53,3,132.719996
-56,6,132.733999
-52,2,132.739
-52,2,132.744001
-52,2,132.749002
-52,2,132.754004
-52,2,132.759005
-52,2,132.765006
-52,2,132.770007
-52,2,132.775009
-52,2,132.780009
-52,2,132.785011
-52,2,132.791012
-52,2,132.796012
-52,2,132.801014
-54,4,132.811016
-52,2,132.816017
-52,2,132.821019
-52,2,132.826019
-52,2,132.831021
-52,2,132.836022
-54,4,132.846024
-52,2,132.851026
-53,3,132.859027
-52,2,132.864028
-52,2,132.869029
-52,2,132.87603
-52,2,132.881032
-52,2,132.886033
-52,2,132.891034
-52,2,132.897035
-52,2,132.902037
-52,2,132.907037
-52,2,132.912039
-52,2,132.91704
-52,2,132.922041
-52,2,132.928043
-52,2,132.933044
-52,2,132.938044
-52,2,132.943046
-53,3,132.950047
-52,2,132.955049
-52,2,132.96105
-52,2,132.966051
-52,2,132.971052
-52,2,132.976053
-52,2,132.982054
-52,2,132.987056
-52,2,132.992057
-53,3,133.002059
-52,2,133.00806
-53,3,133.015062
-52,2,133.020063
-52,2,133.026064
-53,3,133.033066
-52,2,133.038067
-52,2,133.043068
-52,2,133.048069
-52,2,133.053071
-52,2,133.059072
-52,2,133.064073
-52,2,133.069074
-52,2,133.074075
-52,2,133.079076
-52,2,133.086077
-53,3,133.09308
-52,2,133.099081
-53,3,133.106082
-54,4,133.116084
-53,3,133.123086
-52,2,133.128087
-52,2,133.133088
-52,2,133.13909
-55,5,133.152092
-52,2,133.157094
-52,2,133.162095
-52,2,133.167096
-52,2,133.172097
-52,2,133.177098
-52,2,133.182099
-52,2,133.188101
-54,4,133.198102
-54,4,133.208105
-52,2,133.213106
-52,2,133.218107
-53,3,133.226109
-53,3,133.23311
-52,2,133.238111
-52,2,133.243113
-52,2,133.249114
-52,2,133.254115
-52,2,133.259116
-52,2,133.264117
-52,2,133.270118
-52,2,133.27512
-52,2,133.280121
-54,4,133.291124
-52,2,133.299125
-52,2,133.304126
-53,3,133.311128
-56,6,133.325131
-52,2,133.330132
-53,3,133.338134
-52,2,133.343135
-52,2,133.348136
-54,4,133.358138
-53,3,133.365139
-56,6,133.379143
-52,2,133.384144
-52,2,133.390145
-52,2,133.395147
-52,2,133.400147
-53,3,133.407149
-53,3,133.415151
-52,2,133.420152
-52,2,133.425153
-52,2,133.430154
-52,2,133.435155
-52,2,133.440156
-52,2,133.445158
-53,3,133.45316
-52,2,133.45816
-52,2,133.463162
-52,2,133.469163
-52,2,133.474164
-52,2,133.479165
-52,2,133.486167
-52,2,133.491168
-52,2,133.496169
-52,2,133.50217
-52,2,133.507171
-52,2,133.512173
-52,2,133.517174
-52,2,133.524176
-52,2,133.529176
-52,2,133.534178
-52,2,133.539179
-52,2,133.54518
-54,4,133.554182
-52,2,133.562184
-52,2,133.567185
-52,2,133.572186
-53,3,133.580188
-53,3,133.58919
-53,3,133.597192
-52,2,133.602193
-52,2,133.607194
-52,2,133.613195
-52,2,133.619196
-52,2,133.624197
-52,2,133.6322
-52,2,133.639201
-52,2,133.645202
-52,2,133.650203
-52,2,133.656205
-52,2,133.661206
-52,2,133.666207
-52,2,133.671312
-52,2,133.678313
-53,3,133.686315
-52,2,133.691316
-52,2,133.696317
-52,2,133.702318
-52,2,133.70932
-52,2,133.714321
-58,8,133.733325
-53,3,133.740327
-52,2,133.748328
-52,2,133.75333
-52,2,133.758331
-52,2,133.765332
-52,2,133.771334
-52,2,133.776335
-52,2,133.781336
-52,2,133.787337
-52,2,133.793339
-52,2,133.79834
-54,4,133.808342
-52,2,133.813343
-52,2,133.818344
-52,2,133.823346
-54,4,133.833348
-52,2,133.838349
-52,2,133.84335
-52,2,133.849351
-53,3,133.856353
-52,2,133.861354
-52,2,133.866355
-52,2,133.871356
-52,2,133.876357
-52,2,133.882358
-55,5,133.894361
-52,2,133.899362
-52,2,133.904363
-52,2,133.909364
-52,2,133.914366
-52,2,133.919366
-53,3,133.927368
-52,2,133.932369
-52,2,133.938371
-52,2,133.943372
-52,2,133.949373
-52,2,133.954375
-52,2,133.959375
-52,2,133.964377
-52,2,133.969378
-52,2,133.974379
-52,2,133.98038
-52,2,133.985382
-55,5,133.997384
-52,2,134.002385
-52,2,134.007386
-52,2,134.012388
-52,2,134.017389
-52,2,134.02239
-52,2,134.028391
-52,2,134.033393
-52,2,134.040394
-52,2,134.045395
-52,2,134.053396
-53,3,134.060398
-52,2,134.0664
-52,2,134.071401
-52,2,134.077402
-52,2,134.083403
-52,2,134.088404
-52,2,134.096406
-54,4,134.106409
-54,4,134.116411
-57,7,134.132414
-52,2,134.138415
-52,2,134.143417
-52,2,134.148418
-52,2,134.153419
-52,2,134.15842
-56,6,134.172423
-56,6,134.187426
-52,2,134.193428
-52,2,134.200429
-53,3,134.207431
-53,3,134.216433
-52,2,134.221434
-52,2,134.227435
-52,2,134.232437
-54,4,134.243439
-52,2,134.24944
-52,2,134.254441
-52,2,134.261443
-52,2,134.266444
-52,2,134.271445
-52,2,134.276446
-52,2,134.281447
-52,2,134.287449
-52,2,134.29245
-52,2,134.298451
-53,3,134.305453
-52,2,134.311454
-55,5,134.322457
-52,2,134.328458
-52,2,134.333459
-52,2,134.341461
-52,2,134.346462
-56,6,134.360465
-52,2,134.365466
-53,3,134.373468
-53,3,134.38047
-52,2,134.385471
-52,2,134.392472
-60,10,134.414477
-52,2,134.420479
-52,2,134.42848
-52,2,134.433481
-52,2,134.438482
-52,2,134.444484
-52,2,134.449485
-58,8,134.469489
-55,5,134.480492
-53,3,134.488494
-52,2,134.493495
-52,2,134.498496
-52,2,134.503497
-52,2,134.508498
-52,2,134.514499
-52,2,134.5195
-54,4,134.529503
-52,2,134.534504
-53,3,134.542506
-52,2,134.548507
-56,6,134.56351
-52,2,134.568511
-53,3,134.577513
-56,6,134.591517
-52,2,134.597518
-52,2,134.603519
-52,2,134.60952
-52,2,134.614522
-52,2,134.619523
-52,2,134.624524
-52,2,134.629525
-52,2,134.634526
-52,2,134.640528
-52,2,134.645529
-52,2,134.65053
-52,2,134.656531
-52,2,134.661532
-53,3,134.668534
-52,2,134.674535
-52,2,134.679536
-52,2,134.684537
-52,2,134.689538
-52,2,134.69454
-52,2,134.702541
-52,2,134.707542
-52,2,134.712543
-53,3,134.719545
-52,2,134.724546
-53,3,134.732548
-55,5,134.744551
-52,2,134.749552
-52,2,134.754553
-52,2,134.761555
-53,3,134.768556
-52,2,134.775558
-52,2,134.781559
-55,5,134.796562
-56,6,134.810565
-52,2,134.815567
-52,2,134.820568
-52,2,134.825569
-52,2,134.83057
-53,3,134.838572
-52,2,134.843573
-52,2,134.848574
-52,2,134.854575
-52,2,134.859576
-52,2,134.864578
-53,3,134.87458
-52,2,134.880581
-52,2,134.885582
-52,2,134.891583
-52,2,134.896707
-52,2,134.901704
-52,2,134.908705
-52,2,134.914707
-52,2,134.919708
-52,2,134.924709
-53,3,134.931711
-52,2,134.936712
-53,3,134.944714
-52,2,134.949715
-52,2,134.954716
-53,3,134.961718
-53,3,134.97172
-52,2,134.977721
-52,2,134.982722
-52,2,134.987723
-53,3,134.994725
-52,2,134.999726
-52,2,135.004727
-54,4,135.014729
-54,4,135.024731
-52,2,135.030733
-54,4,135.040735
-53,3,135.047737
-52,2,135.052738
-52,2,135.057739
-52,2,135.063741
-52,2,135.068742
-52,2,135.073742
-52,2,135.078743
-52,2,135.083745
-52,2,135.088746
-52,2,135.094747
-52,2,135.099748
-53,3,135.10675
-52,2,135.111752
-52,2,135.116752
-52,2,135.121753
-52,2,135.127754
-53,3,135.134756
-52,2,135.141758
-52,2,135.147759
-52,2,135.15376
-52,2,135.158761
-52,2,135.163763
-52,2,135.168764
-52,2,135.174765
-53,3,135.181767
-52,2,135.187768
-52,2,135.193769
-52,2,135.19877
-52,2,135.203771
-52,2,135.208773
-52,2,135.214774
-52,2,135.220775
-52,2,135.225776
-52,2,135.231778
-52,2,135.236779
-52,2,135.24278
-52,2,135.247781
-52,2,135.253783
-53,3,135.260784
-54,4,135.270786
-52,2,136.075965
-54,4,136.085968
-52,2,136.090969
-52,2,136.096971
-53,3,136.103972
-52,2,136.111974
-52,2,136.116975
-52,2,136.123977
-52,2,136.130978
-52,2,136.135979
-52,2,136.14098
-52,2,136.145982
-52,2,136.152983
-52,2,136.157984
-52,2,136.162985
-53,3,136.170987
-52,2,136.177989
-53,3,136.184991
-54,4,136.194993
-52,2,136.199993
-52,2,136.204995
-52,2,136.209996
-52,2,136.214997
-52,2,136.219998
-52,2,136.225999
-52,2,136.231001
-52,2,136.236002
-52,2,136.241003
-52,2,136.246004
-52,2,136.251005
-52,2,136.256141
-52,2,136.261135
-54,4,136.270137
-55,5,136.28214
-52,2,136.287141
-52,2,136.292143
-52,2,136.299144
-52,2,136.304145
-52,2,136.309146
-52,2,136.314148
-52,2,136.320149
-52,2,136.32515
-52,2,136.330151
-54,4,136.339153
-52,2,136.345154
-68,18,136.387164
-52,2,136.392165
-53,3,136.399166
-52,2,136.407169
-52,2,136.412169
-52,2,136.417171
-53,3,136.425172
-52,2,136.430174
-52,2,136.435174
-52,2,136.440176
-52,2,136.446177
-52,2,136.451178
-52,2,136.456179
-52,2,136.46118
-53,3,136.468182
-52,2,136.473183
-52,2,136.479184
-52,2,136.484186
-52,2,136.489186
-52,2,136.497188
-52,2,136.502189
-52,2,136.50719
-52,2,136.512192
-52,2,136.518193
-52,2,136.523194
-52,2,136.528195
-52,2,136.533196
-52,2,136.538197
-53,3,136.546199
-52,2,136.5512
-54,4,136.560202
-52,2,136.567204
-52,2,136.572205
-52,2,136.577206
-52,2,136.582207
-53,3,136.589209
-52,2,136.59421
-53,3,136.601212
-52,2,136.607213
-52,2,136.612214
-53,3,136.619215
-52,2,136.624217
-52,2,136.629218
-53,3,136.63722
-52,2,136.642221
-52,2,136.647222
-52,2,136.652223
-54,4,136.661225
-52,2,136.666226
-52,2,136.671227
-52,2,136.676228
-52,2,136.681229
-52,2,136.687231
-52,2,136.692232
-52,2,136.698233
-52,2,136.703234
-52,2,136.708235
-52,2,136.713237
-52,2,136.718237
-52,2,136.723238
-52,2,136.72824
-52,2,136.733241
-52,2,136.739242
-52,2,136.744244
-52,2,136.749245
-52,2,136.754246
-52,2,136.759247
-52,2,136.765248
-52,2,136.770249
-52,2,136.775251
-52,2,136.782252
-52,2,136.787253
-52,2,136.793254
-52,2,136.799256
-52,2,136.805257
-52,2,136.810258
-52,2,136.816259
-52,2,136.821261
-54,4,136.830262
-52,2,136.835264
-52,2,136.840265
-53,3,136.847266
-52,2,136.853267
-52,2,136.858269
-52,2,136.86327
-55,5,136.875273
-53,3,136.882274
-52,2,136.887275
-52,2,136.892277
-54,4,136.901278
-52,2,136.90628
-52,2,136.912281
-52,2,136.917282
-61,11,136.941287
-52,2,136.947289
-52,2,136.95229
-52,2,136.957291
-52,2,136.962292
-52,2,136.967293
-52,2,136.973294
-52,2,136.978295
-52,2,136.983297
-52,2,136.988298
-54,4,136.9973
-52,2,137.002301
-52,2,137.008302
-52,2,137.013303
-53,3,137.021305
-52,2,137.026306
-53,3,137.033308
-52,2,137.038309
-52,2,137.044311
-52,2,137.049311
-52,2,137.054312
-52,2,137.059314
-52,2,137.065315
-52,2,137.070316
-52,2,137.075317
-52,2,137.080318
-52,2,137.085322
-52,2,137.090323
-53,3,137.097325
-52,2,137.102326
-52,2,137.107327
-52,2,137.112329
-52,2,137.117329
-52,2,137.12333
-52,2,137.128331
-52,2,137.133332
-52,2,137.138334
-58,8,137.156338
-55,5,137.16834
-52,2,137.174342
-52,2,137.179343
-52,2,137.184344
-52,2,137.190345
-52,2,137.196347
-52,2,137.201348
-54,4,137.21035
-52,2,137.217351
-52,2,137.222353
-52,2,137.228354
-52,2,137.233355
-52,2,137.238356
-53,3,137.245358
-52,2,137.250359
-52,2,137.25536
-52,2,137.262362
-52,2,137.268363
-52,2,137.273364
-52,2,137.278365
-52,2,137.286367
-53,3,137.293368
-54,4,137.302371
-52,2,137.308372
-52,2,137.313373
-52,2,137.318374
-52,2,137.323375
-52,2,137.328376
-52,2,137.333377
-52,2,137.340379
-52,2,137.34638
-52,2,137.351381
-52,2,137.356382
-52,2,137.361383
-52,2,137.367385
-52,2,137.372386
-52,2,137.378387
-52,2,137.383389
-53,3,137.39039
-53,3,137.397391
-52,2,137.404393
-55,5,137.416396
-52,2,137.422397
-52,2,137.427398
-52,2,137.4324
-52,2,137.4374
-52,2,137.442402
-52,2,137.447402
-52,2,137.452404
-52,2,137.457405
-54,4,137.467407
-52,2,137.473409
-52,2,137.47941
-52,2,137.485411
-52,2,137.490412
-52,2,137.495413
-52,2,137.500415
-52,2,137.508417
-52,2,137.513417
-52,2,137.518419
-52,2,137.52342
-54,4,137.533422
-52,2,137.538423
-53,3,137.545424
-52,2,137.550426
-52,2,137.555427
-52,2,137.561428
-52,2,137.566429
-52,2,137.57143
-52,2,137.577432
-52,2,137.582433
-52,2,137.587434
-52,2,137.592436
-54,4,137.602438
-53,3,137.609439
-52,2,137.61444
-52,2,137.620441
-52,2,137.624971
-54,4,137.634969
-52,2,137.63997
-52,2,137.644971
-53,3,137.652973
-52,2,137.657974
-52,2,137.662975
-52,2,137.667976
-52,2,137.672977
-52,2,137.677978
-52,2,137.682979
-52,2,137.689981
-52,2,137.695982
-52,2,137.700983
-52,2,137.705985
-57,7,137.721988
-52,2,137.727989
-52,2,137.734991
-52,2,137.739992
-52,2,137.744993
-52,2,137.749994
-52,2,137.754996
-52,2,137.759996
-52,2,137.764998
-52,2,137.770999
-52,2,137.776
-53,3,137.783002
-52,2,137.788003
-52,2,137.794004
-52,2,137.799005
-52,2,137.804006
-52,2,137.809007
-52,2,137.816009
-52,2,137.82101
-52,2,137.826011
-52,2,137.831013
-52,2,137.836013
-53,3,137.844015
-52,2,137.849016
-52,2,137.854017
-52,2,137.859019
-52,2,137.86402
-52,2,137.869021
-52,2,137.874022
-52,2,137.879023
-52,2,137.884024
-52,2,137.890025
-52,2,137.895027
-54,4,137.904028
-52,2,137.909029
-53,3,137.916031
-52,2,137.921032
-52,2,137.927034
-52,2,137.932035
-52,2,137.938036
-52,2,137.943038
-52,2,137.948039
-52,2,137.95304
-56,6,137.967042
-52,2,137.972044
-54,4,137.981045
-52,2,137.986047
-53,3,137.994049
-52,2,137.999049
-52,2,138.004051
-52,2,138.009052
-52,2,138.016054
-52,2,138.022055
-52,2,138.027056
-52,2,138.033058
-52,2,138.038059
-53,3,138.04506
-52,2,138.050061
-52,2,138.055063
-52,2,138.060064
-52,2,138.065065
-54,4,138.075068
-52,2,138.080068
-52,2,138.085069
-52,2,138.090183
-52,2,138.095185
-52,2,138.101186
-52,2,138.106187
-53,3,138.113189
-53,3,138.12119
-52,2,138.126191
-52,2,138.131192
-52,2,138.136193
-52,2,138.141195
-52,2,138.146195
-52,2,138.151197
-54,4,138.161199
-52,2,138.1662
-52,2,138.172202
-53,3,138.179203
-52,2,138.184204
-52,2,138.190206
-52,2,138.196207
-52,2,138.201208
-52,2,138.206209
-52,2,138.21121
-52,2,138.216212
-52,2,138.221212
-52,2,138.226213
-52,2,138.232215
-52,2,138.237216
-52,2,138.244218
-52,2,138.249219
-52,2,138.25422
-52,2,138.259221
-52,2,138.264222
-54,4,138.273225
-52,2,138.279225
-52,2,138.286227
-52,2,138.291228
-54,4,138.30123
-57,7,138.317234
-52,2,138.322235
-52,2,138.328236
-53,3,138.335238
-52,2,138.34124
-52,2,138.347241
-52,2,138.352242
-52,2,138.357243
-52,2,138.362244
-53,3,138.369246
-52,2,138.375247
-52,2,138.380248
-55,5,138.392367
-52,2,138.397368
-52,2,138.402369
-52,2,138.40937
-52,2,138.414372
-54,4,138.423374
-52,2,138.428375
-52,2,138.434376
-53,3,138.441378
-52,2,138.446378
-53,3,138.45338
-52,2,138.458382
-52,2,138.463382
-52,2,138.469384
-53,3,138.476386
-52,2,138.481387
-52,2,138.486388
-52,2,138.491389
-52,2,138.49639
-52,2,138.501391
-52,2,138.506392
-52,2,138.512393
-52,2,138.517395
-52,2,138.522395
-52,2,138.527397
-54,4,138.537399
-52,2,138.5424
-53,3,138.549402
-52,2,138.554403
-52,2,138.559404
-52,2,138.565406
-56,6,138.578408
-52,2,138.58341
-52,2,138.58841
-52,2,138.594412
-52,2,138.599413
-52,2,138.604414
-53,3,138.612416
-53,3,138.619417
-53,3,138.626419
-52,2,138.63142
-52,2,138.639422
-52,2,138.644423
-61,11,138.669429
-52,2,138.67443
-52,2,138.680542
-52,2,138.686543
-52,2,138.691544
-52,2,138.696545
-52,2,138.701547
-52,2,138.706548
-52,2,138.713549
-52,2,138.71855
-52,2,138.723552
-52,2,138.728553
-52,2,138.733554
-52,2,138.738555
-52,2,138.745557
-52,2,138.750557
-55,5,138.76156
-53,3,138.769562
-52,2,138.774563
-52,2,138.779564
-52,2,138.784565
-52,2,138.789566
-52,2,138.794567
-52,2,138.801569
-52,2,138.80657
-52,2,138.811571
-52,2,138.816572
-52,2,138.822574
-52,2,138.827575
-55,5,138.838577
-52,2,138.844578
-52,2,138.849579
-52,2,138.854581
-52,2,138.859582
-52,2,138.864583
-52,2,138.869584
-52,2,138.875586
-52,2,138.880586
-52,2,138.885588
-54,4,138.894589
-52,2,138.899591
-52,2,138.904592
-52,2,138.910593
-56,6,138.923596
-52,2,138.931598
-52,2,138.937599
-52,2,138.9426
-52,2,138.947602
-52,2,138.954603
-52,2,138.961604
-52,2,138.966606
-52,2,138.972607
-53,3,138.979609
-52,2,138.98461
-52,2,138.990611
-52,2,138.995612
-52,2,139.000613
-52,2,139.005615
-52,2,139.010615
-53,3,139.018617
-52,2,139.023619
-52,2,139.02862
-52,2,139.033621
-52,2,139.038622
-52,2,139.043623
-52,2,139.048624
-52,2,139.053625
-53,3,139.061627
-52,2,139.066628
-52,2,139.071629
-54,4,139.081631
-52,2,139.087632
-52,2,139.092748
-52,2,139.096749
-52,2,139.10275
-53,3,139.110752
-52,2,139.115753
-52,2,139.122755
-52,2,139.128756
-53,3,139.135758
-52,2,139.140758
-52,2,139.14576
-52,2,139.15076
-53,3,139.157763
-52,2,139.163764
-52,2,139.168765
-52,2,139.173766
-52,2,139.178767
-52,2,139.183768
-52,2,139.189769
-52,2,139.194771
-52,2,139.200772
-52,2,139.206773
-52,2,139.211774
-52,2,139.216775
-52,2,139.221776
-52,2,139.226778
-53,3,139.23478
-52,2,139.23978
-52,2,139.244782
-54,4,139.253784
-53,3,139.260785
-52,2,139.266787
-52,2,139.271787
-52,2,139.276788
-52,2,139.28179
-53,3,139.288791
-52,2,139.293793
-52,2,139.298794
-52,2,139.303795
-52,2,139.308796
-52,2,139.314798
-52,2,139.320798
-52,2,139.3268
-52,2,139.331801
-52,2,139.337803
-52,2,139.342803
-53,3,139.350805
-54,4,139.359807
-52,2,139.364808
-55,5,139.376811
-52,2,139.383813
-52,2,139.390814
-54,4,139.399816
-59,9,139.422822
-52,2,139.428823
-52,2,139.433824
-61,11,139.457829
-52,2,139.463831
-52,2,139.469832
-52,2,139.474833
-52,2,139.479834
-52,2,139.484835
-52,2,139.489837
-52,2,139.494837
-52,2,139.499839
-52,2,139.504839
-52,2,139.510841
-52,2,139.515842
-53,3,139.522844
-52,2,139.528845
-52,2,139.533846
-52,2,139.538847
-53,3,139.546849
-52,2,139.55185
-52,2,139.556851
-52,2,139.561852
-52,2,139.566854
-52,2,139.571855
-52,2,139.576856
-52,2,139.581857
-52,2,139.586858
-52,2,139.591859
-52,2,139.59686
-52,2,139.601861
-52,2,139.606862
-52,2,139.612864
-52,2,139.617865
-52,2,139.622866
-52,2,139.627867
-52,2,139.633869
-52,2,139.63987
-52,2,139.644871
-57,7,139.660875
-54,4,139.669877
-53,3,139.677878
-56,6,139.691882
-52,2,139.698883
-52,2,139.703884
-52,2,139.709885
-52,2,139.715887
-52,2,139.720888
-52,2,139.725889
-52,2,139.73089
-53,3,139.738892
-52,2,139.743894
-52,2,139.748894
-52,2,139.753896
-63,13,139.782902
-52,2,139.787903
-52,2,139.795905
-53,3,139.803907
-52,2,139.808908
-54,4,139.817909
-52,2,139.822911
-54,4,139.832913
-52,2,139.837914
-52,2,139.842915
-52,2,139.848916
-52,2,139.853918
-52,2,139.858918
-66,16,139.894927
-52,2,139.899928
-53,3,139.90793
-52,2,139.912931
-57,7,139.928935
-52,2,139.933936
-52,2,139.939937
-54,4,139.948939
-52,2,139.95394
-52,2,139.958941
-53,3,139.965943
-52,2,139.971944
-52,2,139.976945
-52,2,139.981946
-52,2,139.986947
-52,2,139.991948
-52,2,139.99795
-52,2,140.002951
-52,2,140.007952
-52,2,140.012953
-52,2,140.018954
-54,4,140.027956
-52,2,140.032957
-52,2,140.037958
-53,3,140.04496
-52,2,140.050961
-52,2,140.055963
-52,2,140.060964
-52,2,140.066965
-52,2,140.071966
-53,3,140.078968
-52,2,140.083969
-53,3,140.092971
-53,3,140.100973
-52,2,140.105974
-52,2,140.110976
-52,2,140.115976
-52,2,140.120977
-52,2,140.126091
-52,2,140.131108
-52,2,140.13611
-52,2,140.141111
-52,2,140.146111
-52,2,140.151113
-52,2,140.156114
-52,2,140.163115
-52,2,140.169116
-52,2,140.174118
-52,2,140.179119
-52,2,140.18412
-52,2,140.190122
-53,3,140.198123
-52,2,140.203124
-52,2,140.208126
-52,2,140.213126
-52,2,140.218127
-52,2,140.225129
-52,2,140.23013
-52,2,140.235132
-52,2,140.240132
-52,2,140.246134
-52,2,140.251135
-52,2,140.256136
-52,2,140.262137
-52,2,140.268139
-52,2,140.27314
-52,2,140.278141
-52,2,140.284143
-53,3,140.291144
-55,5,140.302146
-52,2,140.307147
-52,2,140.313149
-52,2,140.31815
-52,2,140.323151
-52,2,140.330153
-52,2,140.336154
-52,2,140.343156
-52,2,140.35031
-52,2,140.355311
-60,10,140.378316
-52,2,140.383317
-52,2,140.389318
-52,2,140.39432
-54,4,140.404322
-54,4,140.413324
-52,2,140.421326
-52,2,140.427327
-52,2,140.432328
-52,2,140.437329
-52,2,140.444331
-52,2,140.449332
-52,2,140.454334
-52,2,140.459334
-54,4,140.469336
-52,2,140.474338
-54,4,140.483339
-52,2,140.489341
-52,2,140.494343
-52,2,140.500344
-52,2,140.505345
-52,2,140.510345
-53,3,140.520348
-52,2,140.525349
-52,2,140.53035
-52,2,140.535351
-52,2,140.540353
-52,2,140.545354
-52,2,140.551355
-54,4,140.560357
-52,2,140.565358
-54,4,140.57536
-52,2,140.580361
-52,2,140.585362
-52,2,140.592364
-52,2,140.598365
-52,2,140.604367
-52,2,140.609368
-52,2,140.614369
-53,3,140.621371
-54,4,140.631373
-52,2,140.636374
-52,2,140.642375
-52,2,140.647376
-52,2,140.652377
-52,2,140.657378
-52,2,140.66238
-52,2,140.667381
-54,4,140.677383
-53,3,140.684385
-52,2,140.689386
-53,3,140.696387
-52,2,140.701388
-52,2,140.70639
-52,2,140.71139
-52,2,140.717392
-52,2,140.722393
-52,2,140.727394
-52,2,140.732395
-54,4,140.743398
-52,2,140.748399
-52,2,140.7544
-52,2,140.759401
-55,5,140.771404
-52,2,140.776496
-52,2,140.782514
-52,2,140.787515
-52,2,140.795517
-52,2,140.800518
-52,2,140.805519
-52,2,140.81052
-54,4,140.820523
-52,2,140.825524
-52,2,140.832525
-52,2,140.837526
-52,2,140.845528
-52,2,140.850529
-52,2,140.855531
-52,2,140.860532
-52,2,140.865533
-53,3,140.873535
-52,2,140.878536
-55,5,140.890538
-52,2,140.895539
-52,2,140.900541
-52,2,140.905542
-55,5,140.917544
-52,2,140.922545
-52,2,140.928547
-52,2,140.933548
-52,2,140.939549
-52,2,140.946551
-55,5,140.958553
-52,2,140.964555
-52,2,140.969556
-52,2,140.974557
-52,2,140.979558
-52,2,140.98456
-52,2,140.98956
-52,2,140.995562
-52,2,141.000563
-52,2,141.005564
-52,2,141.013566
-52,2,141.018567
-53,3,141.025568
-52,2,141.030569
-54,4,141.040571
-52,2,141.045573
-52,2,141.050574
-52,2,141.056576
-52,2,141.061576
-52,2,141.066578
-52,2,141.072579
-52,2,141.07758
-52,2,141.082581
-52,2,141.087582
-52,2,141.092583
-52,2,141.098585
-52,2,141.105586
-52,2,141.110587
-53,3,141.117589
-52,2,141.12359
-52,2,141.129592
-52,2,141.135593
-52,2,141.140594
-52,2,141.147595
-52,2,141.153597
-52,2,141.158598
-53,3,141.1666
-52,2,141.173602
-52,2,141.178605
-52,2,141.183606
-52,2,141.189607
-52,2,141.197609
-52,2,141.204611
-52,2,141.209612
-52,2,141.214613
-52,2,141.219614
-52,2,141.224615
-52,2,141.229616
-53,3,141.237618
-52,2,141.242619
-52,2,141.24762
-52,2,141.252622
-52,2,141.257622
-52,2,141.262624
-52,2,141.268625
-54,4,141.279627
-52,2,141.284629
-52,2,141.28963
-52,2,141.294631
-52,2,141.299632
-52,2,141.305633
-52,2,141.310634
-52,2,141.316636
-52,2,141.321637
-52,2,141.327638
-52,2,141.33464
-53,3,141.341641
-52,2,141.347643
-52,2,141.355644
-56,6,141.369648
-57,7,142.190973
-52,2,142.195975
-53,3,142.203976
-52,2,142.208977
-52,2,142.215979
-52,2,142.220981
-55,5,142.232983
-52,2,142.237983
-53,3,142.244985
-52,2,142.249986
-52,2,142.255988
-52,2,142.260989
-52,2,142.26699
-52,2,142.271991
-52,2,142.276992
-52,2,142.281994
-52,2,142.287995
-52,2,142.294996
-52,2,142.299997
-52,2,142.304998
-52,2,142.311
-53,3,142.318002
-53,3,142.326003
-52,2,142.331004
-54,4,142.340006
-52,2,142.345008
-52,2,142.350009
-55,5,142.362011
-52,2,142.367013
-52,2,142.374014
-53,3,142.382015
-52,2,142.387017
-56,6,142.40102
-52,2,142.407022
-52,2,142.412022
-53,3,142.41917
-52,2,142.424166
-52,2,142.430168
-52,2,142.435169
-52,2,142.44017
-52,2,142.445171
-52,2,142.450172
-52,2,142.455173
-52,2,142.461174
-52,2,142.467176
-52,2,142.472177
-52,2,142.477178
-52,2,142.48218
-52,2,142.488181
-52,2,142.493181
-52,2,142.498183
-52,2,142.503184
-52,2,142.508185
-52,2,142.516187
-52,2,142.521188
-52,2,142.526189
-53,3,142.53319
-52,2,142.539192
-52,2,142.544193
-52,2,142.549194
-52,2,142.554195
-52,2,142.559196
-52,2,142.564198
-52,2,142.570199
-52,2,142.5752
-52,2,142.580201
-52,2,142.585202
-55,5,142.599205
-52,2,142.604206
-52,2,142.609208
-53,3,142.61721
-52,2,142.62221
-52,2,142.627212
-52,2,142.633213
-52,2,142.638214
-52,2,142.643215
-52,2,142.648216
-52,2,142.653217
-55,5,142.66422
-52,2,142.670221
-52,2,142.675223
-52,2,142.680223
-52,2,142.685225
-52,2,142.690226
-52,2,142.695227
-52,2,142.700228
-52,2,142.70723
-52,2,142.71323
-55,5,142.726234
-52,2,142.731235
-52,2,142.736236
-54,4,142.746238
-52,2,142.751239
-52,2,142.75624
-52,2,142.761241
-52,2,142.766243
-52,2,142.771244
-52,2,142.776245
-52,2,142.781246
-52,2,142.787247
-52,2,142.792248
-53,3,142.80025
-52,2,142.805252
-52,2,142.810252
-52,2,142.815253
-52,2,142.820255
-52,2,142.825256
-54,4,142.836258
-52,2,142.842259
-52,2,142.847261
-52,2,142.852262
-53,3,142.859263
-52,2,142.864265
-55,5,142.876267
-52,2,142.883269
-54,4,142.89227
-52,2,142.897272
-54,4,142.907274
-56,6,142.921277
-52,2,142.927279
-52,2,142.93228
-52,2,142.938281
-52,2,142.943282
-52,2,142.951284
-52,2,142.958286
-53,3,142.965287
-52,2,142.970288
-52,2,142.97529
-52,2,142.98029
-52,2,142.985291
-52,2,142.990293
-52,2,142.995294
-52,2,143.001295
-52,2,143.006297
-52,2,143.011297
-52,2,143.016298
-52,2,143.0213
-52,2,143.0263
-52,2,143.031302
-52,2,143.036303
-52,2,143.041304
-52,2,143.048306
-52,2,143.054307
-52,2,143.059308
-54,4,143.06831
-53,3,143.075446
-52,2,143.083447
-52,2,143.090448
-54,4,143.100451
-52,2,143.105452
-52,2,143.110453
-52,2,143.116454
-52,2,143.121455
-53,3,143.128457
-52,2,143.133458
-53,3,143.14046
-52,2,143.147461
-52,2,143.152462
-52,2,143.157464
-52,2,143.162464
-52,2,143.168466
-52,2,143.173467
-52,2,143.178468
-52,2,143.183469
-52,2,143.189471
-52,2,143.194472
-52,2,143.199473
-52,2,143.205474
-52,2,143.210475
-52,2,143.215477
-52,2,143.220477
-52,2,143.226479
-52,2,143.23148
-52,2,143.237482
-52,2,143.243482
-52,2,143.248484
-52,2,143.253485
-52,2,143.258486
-52,2,143.263487
-52,2,143.269489
-52,2,143.274489
-54,4,143.283492
-52,2,143.288493
-54,4,143.297607
-53,3,143.305609
-52,2,143.31061
-52,2,143.315611
-52,2,143.320612
-53,3,143.327614
-54,4,143.337616
-54,4,143.346618
-52,2,143.352619
-52,2,143.35862
-52,2,143.363621
-54,4,143.372624
-52,2,143.377625
-52,2,143.382626
-52,2,143.387627
-52,2,143.394629
-52,2,143.399629
-52,2,143.404631
-52,2,143.409631
-52,2,143.415633
-52,2,143.420634
-52,2,143.425636
-52,2,143.430637
-52,2,143.435637
-52,2,143.440639
-52,2,143.44664
-52,2,143.451641
-52,2,143.456642
-52,2,143.461643
-52,2,143.466645
-52,2,143.471646
-52,2,143.477647
-52,2,143.482648
-52,2,143.48765
-52,2,143.494651
-52,2,143.500653
-52,2,143.505654
-52,2,143.511655
-52,2,143.516656
-52,2,143.521657
-52,2,143.526658
-52,2,143.531659
-52,2,143.537661
-52,2,143.542661
-52,2,143.547663
-54,4,143.556665
-52,2,143.561666
-52,2,143.566667
-52,2,143.571668
-52,2,143.576669
-52,2,143.58367
-52,2,143.588671
-52,2,143.593673
-52,2,143.600674
-52,2,143.605676
-52,2,143.610677
-52,2,143.616678
-52,2,143.621679
-52,2,143.62668
-52,2,143.631681
-52,2,143.636683
-52,2,143.642684
-52,2,143.647685
-52,2,143.652686
-52,2,143.657688
-52,2,143.662688
-52,2,143.66769
-52,2,143.67269
-52,2,143.680692
-52,2,143.685694
-52,2,143.690695
-52,2,143.695696
-52,2,143.700697
-52,2,143.705698
-53,3,143.712699
-52,2,143.717701
-52,2,143.723702
-52,2,143.729703
-52,2,143.734704
-52,2,143.739705
-52,2,143.744707
-52,2,143.749708
-52,2,143.754709
-52,2,143.75971
-52,2,143.764711
-52,2,143.770712
-52,2,143.775714
-52,2,143.780715
-53,3,143.787717
-54,4,143.798718
-52,2,143.80372
-52,2,143.808721
-53,3,143.815722
-52,2,143.820724
-52,2,143.827725
-52,2,143.832726
-52,2,143.837728
-52,2,143.842728
-52,2,143.84773
-52,2,143.852731
-52,2,143.857733
-52,2,143.862733
-52,2,143.868735
-55,5,143.879737
-52,2,143.884738
-52,2,143.889739
-52,2,143.89574
-53,3,143.902742
-52,2,143.907743
-52,2,143.912744
-52,2,143.917745
-52,2,143.923747
-52,2,143.928748
-52,2,143.933748
-52,2,143.93875
-52,2,143.943751
-52,2,143.948752
-52,2,143.954753
-52,2,143.959754
-52,2,143.964756
-52,2,143.969757
-53,3,143.976758
-53,3,143.98376
-52,2,143.989761
-52,2,143.994762
-52,2,143.999763
-52,2,144.006765
-52,2,144.011766
-54,4,144.020768
-52,2,144.025769
-52,2,144.03077
-52,2,144.036772
-53,3,144.044774
-52,2,144.049775
-52,2,144.054776
-52,2,144.059777
-52,2,144.064778
-52,2,144.069779
-52,2,144.07478
-52,2,144.079782
-52,2,144.084783
-53,3,144.092785
-52,2,144.097785
-54,4,144.106787
-52,2,144.112789
-52,2,144.11779
-52,2,144.122791
-52,2,144.127792
-52,2,144.132793
-52,2,144.137794
-52,2,144.142795
-52,2,144.147797
-53,3,144.155799
-52,2,144.160799
-55,5,144.171802
-53,3,144.179803
-52,2,144.184805
-52,2,144.189806
-52,2,144.195807
-52,2,144.200808
-52,2,144.20781
-52,2,144.215812
-52,2,144.220813
-52,2,144.225814
-52,2,144.232815
-52,2,144.238817
-52,2,144.243818
-52,2,144.248819
-52,2,144.25482
-52,2,144.259822
-52,2,144.264822
-52,2,144.269824
-52,2,144.274825
-52,2,144.281826
-52,2,144.287828
-52,2,144.293829
-52,2,144.29883
-52,2,144.303831
-54,4,144.313833
-52,2,144.318835
-52,2,144.324836
-52,2,144.329837
-53,3,144.337839
-52,2,144.34284
-52,2,144.347841
-52,2,144.352842
-52,2,144.357844
-52,2,144.362844
-52,2,144.367846
-52,2,144.372847
-52,2,144.378848
-52,2,144.38585
-52,2,144.390851
39,11,144.415856
-52,2,144.420857
-53,3,144.428462
-52,2,144.432976
-52,2,144.438977
-52,2,144.443978
-52,2,144.44898
-52,2,144.45398
-52,2,144.458982
-52,2,144.463983
-52,2,144.468984
-52,2,144.473985
-54,4,144.483987
-52,2,144.488988
-53,3,144.49699
-52,2,144.501991
-52,2,144.506992
-52,2,144.511993
-52,2,144.517995
-52,2,144.522996
-52,2,144.527997
-52,2,144.533998
-52,2,144.538999
-52,2,144.546001
-53,3,144.553003
-52,2,144.558004
-52,2,144.564005
-52,2,144.569006
-52,2,144.574007
-52,2,144.579008
-52,2,144.58401
-52,2,144.589011
-52,2,144.595012
-52,2,144.600013
-52,2,144.605014
-53,3,144.612016
-52,2,144.617017
-52,2,144.622018
-52,2,144.62802
-54,4,144.637022
-52,2,144.644023
-52,2,144.650024
-52,2,144.655025
-52,2,144.660027
-52,2,144.665028
-52,2,144.670029
-52,2,144.67603
-52,2,144.683032
-52,2,144.688033
-52,2,144.693034
-52,2,144.698035
-52,2,144.705037
-52,2,144.710037
-53,3,144.71804
-52,2,144.72304
-52,2,144.728042
-53,3,144.736044
-53,3,144.745045
-52,2,144.750047
-52,2,144.755048
-52,2,144.760049
-52,2,144.76505
-52,2,144.770051
-52,2,144.775053
-52,2,144.780054
-52,2,144.786055
-52,2,144.792056
-53,3,144.800058
-52,2,144.805059
-52,2,144.81006
-52,2,144.818062
-52,2,144.823063
-52,2,144.828064
-52,2,144.833065
-52,2,144.838067
-52,2,144.843067
-52,2,144.849069
-52,2,144.856071
-52,2,144.862072
-52,2,144.867073
-52,2,144.872074
-52,2,144.877075
-53,3,144.885077
-52,2,144.890078
-52,2,144.895079
-54,4,144.904081
-52,2,144.910082
-52,2,144.915083
-52,2,144.920084
-52,2,144.925086
-52,2,144.930087
-52,2,144.935088
-52,2,144.940089
-52,2,144.94609
-52,2,144.951092
-52,2,144.957093
-52,2,144.962094
-52,2,144.967095
-52,2,144.973096
-52,2,144.978098
-52,2,144.983099
-52,2,144.9881
-52,2,144.993101
-52,2,144.998102
-54,4,145.008105
-53,3,145.015106
-53,3,145.022107
-54,4,145.032109
-52,2,145.037111
-52,2,145.042112
-52,2,145.048113
-52,2,145.054114
-53,3,145.061116
-52,2,145.066118
-52,2,145.071118
-52,2,145.07712
-52,2,145.08212
-52,2,145.087122
-52,2,145.092123
-53,3,145.099124
-54,4,145.109127
-52,2,145.114128
-55,5,145.12513
-52,2,145.130132
-52,2,145.136133
-56,6,145.153136
-52,2,145.160138
-52,2,145.166139
-52,2,145.172141
-52,2,145.177142
-52,2,145.182143
-52,2,145.187144
-52,2,145.192145
-52,2,145.197146
-53,3,145.205148
-53,3,145.21215
-52,2,145.217151
-52,2,145.222152
-52,2,145.230154
-52,2,145.235155
-52,2,145.240156
-52,2,145.247158
-52,2,145.252159
-56,6,145.266162
-55,5,145.279165
-52,2,145.284166
-54,4,145.296169
-52,2,145.30217
-52,2,145.307171
-52,2,145.312172
-52,2,145.318173
-52,2,145.324175
-52,2,145.332176
-52,2,145.337178
-53,3,145.34618
-52,2,145.35118
-52,2,145.357182
-52,2,145.362183
-52,2,145.369185
-52,2,145.374186
-54,4,145.384188
-52,2,145.389192
-52,2,145.394193
-52,2,145.399194
-52,2,145.404195
-52,2,145.409197
-54,4,145.421199
-52,2,145.426201
-52,2,145.433202
-52,2,145.438203
-52,2,145.443204
-52,2,145.448205
-52,2,145.453206
-52,2,145.459208
-52,2,145.46621
-53,3,145.474211
-52,2,145.479212
-52,2,145.484213
-52,2,145.489214
-52,2,145.494215
-52,2,145.499217
-52,2,145.505218
-52,2,145.511219
-52,2,145.51622
-52,2,145.521221
-52,2,145.526223
-52,2,145.532223
-52,2,145.537225
-52,2,145.542226
-52,2,145.548228
-52,2,145.553229
-52,2,145.560231
-52,2,145.565231
-52,2,145.570232
-52,2,145.576234
-54,4,145.585236
-54,4,145.597238
-54,4,145.60724
-52,2,145.612242
-52,2,145.617244
-52,2,145.624245
-52,2,145.631246
-53,3,145.639248
-52,2,145.644249
-52,2,145.650249
-52,2,145.655252
-52,2,145.660253
-52,2,145.665254
-52,2,145.672256
-52,2,145.677256
-53,3,145.686259
-54,4,145.696261
-52,2,145.701262
-52,2,145.706263
-52,2,145.712264
-52,2,145.718266
-52,2,145.723266
-53,3,145.730268
-52,2,145.735269
-52,2,145.74027
-53,3,145.748272
-52,2,145.753274
-52,2,145.758275
-54,4,145.768276
-52,2,145.773278
-52,2,145.778279
-52,2,145.78328
-52,2,145.789281
-52,2,145.794282
-52,2,145.799284
-52,2,145.804285
-52,2,145.810286
-52,2,145.815287
-55,5,145.827374
-54,4,145.836376
-52,2,145.841377
-52,2,145.846379
-52,2,145.85238
-52,2,145.857381
-52,2,145.862382
-52,2,145.867383
-52,2,145.872384
-52,2,145.877385
-52,2,145.883387
-53,3,145.894389
-52,2,145.90039
-52,2,145.909393
-52,2,145.916394
-54,4,145.932397
-52,2,145.939399
-52,2,145.945401
-52,2,145.953402
-52,2,145.960403
-52,2,145.969405
-52,2,145.976407
-52,2,145.983409
-53,3,145.994411
-52,2,146.002413
-52,2,146.010415
-52,2,146.017416
-52,2,146.024418
-52,2,146.03142
-54,4,146.045423
-52,2,146.052424
-52,2,146.059426
-52,2,146.065427
-52,2,146.072428
-52,2,146.07843
-52,2,146.083431
-52,2,146.088433
-52,2,146.093433
-52,2,146.098435
-52,2,146.104436
-52,2,146.109437
-52,2,146.114438
-52,2,146.119439
-54,4,146.129441
-52,2,146.135442
-52,2,146.140444
-52,2,146.145445
-52,2,146.152447
-52,2,146.158448
-53,3,146.16645
-52,2,146.17145
-52,2,146.176452
-52,2,146.184453
-52,2,146.190455
-52,2,146.195456
-52,2,146.200457
-52,2,146.206459
-53,3,146.21346
-52,2,146.218461
-52,2,146.224462
-52,2,146.230464
-52,2,146.235465
-52,2,146.240466
-52,2,146.245467
-54,4,146.25547
-52,2,146.261471
-53,3,146.273473
-53,3,146.283476
-52,2,146.290477
-52,2,146.296479
-52,2,146.303481
-52,2,146.312482
-52,2,146.318484
-52,2,146.323485
-52,2,146.330486
-52,2,146.337488
-52,2,146.344489
-54,4,146.358492
-52,2,146.365494
-52,2,146.372495
-52,2,146.379497
-53,3,146.3905
-52,2,146.396501
-52,2,146.404503
-52,2,146.410504
-53,3,146.420506
-52,2,146.427508
-53,3,146.438511
-52,2,146.444512
-52,2,146.450513
-52,2,146.455514
-52,2,146.460515
-52,2,146.466517
-52,2,146.471518
-52,2,146.47652
-52,2,146.48152
-52,2,146.486522
-52,2,146.492042
-52,2,146.497044
-52,2,146.503045
-52,2,146.508046
-52,2,146.513046
-54,4,146.522048
-52,2,146.52905
-52,2,146.537052
-52,2,146.542053
-52,2,146.550055
-52,2,146.555056
-52,2,146.560057
-52,2,146.566058
-52,2,146.57306
-52,2,146.579061
-52,2,146.584063
-52,2,146.589064
-52,2,146.594064
-52,2,146.600066
-52,2,146.605067
-52,2,146.610068
-53,3,146.617071
-52,2,146.623071
-52,2,146.628072
-52,2,146.633073
-53,3,146.640075
-52,2,146.645076
-53,3,146.654078
-52,2,146.65908
-52,2,146.66608
-52,2,146.672082
-52,2,146.677084
-52,2,146.682084
-52,2,146.688086
-52,2,146.693087
-52,2,146.698088
-56,6,146.712091
-54,4,146.721093
-52,2,146.729095
-52,2,146.734096
-52,2,146.739097
-52,2,146.744098
-52,2,146.749099
-52,2,146.757101
-52,2,146.763102
-58,8,146.781106
-52,2,146.787108
-53,3,146.794109
-52,2,146.79911
-52,2,146.804111
-52,2,146.810112
-56,6,146.824116
-54,4,146.834118
-52,2,146.84112
-52,2,146.846121
-53,3,146.854123
-52,2,146.859124
-52,2,146.864125
-52,2,146.869126
-52,2,146.874127
-52,2,146.879128
-52,2,146.88513
-53,3,146.892131
-52,2,146.897132
-53,3,146.904134
-52,2,146.909135
-52,2,146.914136
-52,2,146.920137
-53,3,146.927139
-53,3,146.93414
-52,2,146.941142
-52,2,146.947144
-52,2,146.953144
-53,3,146.961146
-52,2,146.967148
-52,2,146.972149
-53,3,146.979151
-52,2,146.984151
-52,2,146.989153
-52,2,146.994154
-52,2,147.000155
-52,2,147.005156
-52,2,147.010157
-52,2,147.015158
-52,2,147.02116
-53,3,147.028161
-52,2,147.033163
-52,2,147.038163
-54,4,147.048166
-52,2,147.055167
-55,5,147.06617
-52,2,147.074172
-52,2,147.081173
-52,2,147.087174
-52,2,147.092176
-52,2,147.097177
-52,2,147.102178
-52,2,147.107179
-52,2,147.11218
-54,4,147.121182
-56,6,147.135185
-52,2,147.141187
-53,3,147.148188
-52,2,147.153189
-54,4,147.163195
-52,2,147.169197
-54,4,147.179199
-52,2,147.1852
-52,2,147.190201
-52,2,147.195202
-52,2,147.201204
-53,3,147.208206
-52,2,147.213206
-52,2,147.218207
-52,2,147.223208
-52,2,147.23021
-52,2,147.235211
-52,2,147.241212
-52,2,147.247214
-54,4,147.256216
-52,2,147.263217
-52,2,147.269219
-52,2,147.27422
-52,2,147.279221
-53,3,147.287223
-52,2,147.292224
-52,2,147.297225
-52,2,147.302226
-52,2,147.307227
-52,2,147.312229
-52,2,147.31723
-52,2,147.322231
-52,2,147.327232
-55,5,147.339235
-52,2,147.346236
-52,2,147.352237
-52,2,147.357239
-52,2,147.36224
-52,2,147.367241
-52,2,147.373242
-52,2,147.380244
-52,2,147.385244
-54,4,147.395247
-55,5,147.40625
-52,2,147.412251
-52,2,147.417253
-52,2,147.422253
-53,3,147.431255
-52,2,147.436256
-52,2,147.441257
-52,2,147.449259
-52,2,147.454261
-53,3,147.461262
-52,2,147.466263
-52,2,147.473264
-52,2,147.478266
-52,2,147.483267
-52,2,147.488268
-52,2,147.494269
-53,3,147.501271
-52,2,147.506272
-52,2,147.511273
-52,2,147.516274
-52,2,147.521275
-52,2,147.527277
-52,2,147.532278
-52,2,147.537279
-52,2,147.543397
-52,2,147.549398
-52,2,147.554399
-52,2,147.560401
-52,2,147.566402
-54,4,147.578405
-52,2,147.583406
-52,2,147.588407
-52,2,147.593408
-52,2,147.59941
-52,2,147.604411
-52,2,147.611412
-53,3,147.620414
-52,2,147.625415
-53,3,147.632417
-52,2,147.638418
-52,2,147.643419
-53,3,147.650421
-52,2,147.656422
-52,2,147.661423
-52,2,147.666424
-53,3,147.674427
-52,2,148.548629
-52,2,148.554631
-54,4,148.566632
-52,2,148.572634
-52,2,148.578635
-52,2,148.584637
-52,2,148.590638
-52,2,148.59664
-52,2,148.60264
-52,2,148.608641
-52,2,148.615643
-52,2,148.621644
-52,2,148.627646
-52,2,148.634648
-61,11,148.665655
-52,2,148.671656
-52,2,148.676657
-52,2,148.681658
-52,2,148.686659
-52,2,148.691661
-52,2,148.696661
-52,2,148.701663
-52,2,148.707664
-52,2,148.711665
-53,3,148.719666
-54,4,148.728668
-54,4,148.73767
-52,2,148.742671
-52,2,148.747673
-52,2,148.752674
-54,4,148.761676
-52,2,148.766677
-52,2,148.771678
-52,2,148.777679
-52,2,148.782681
-52,2,148.787682
-52,2,148.792683
-52,2,148.797684
-52,2,148.802685
-52,2,148.807686
-52,2,148.814687
-52,2,148.819689
-52,2,148.82469
-52,2,148.829691
-52,2,148.834692
-52,2,148.839693
-52,2,148.844694
-52,2,148.849696
-52,2,148.854697
-52,2,148.859698
-52,2,148.864699
-52,2,148.8697
-52,2,148.874701
-52,2,148.879702
-52,2,148.884703
-52,2,148.889705
-52,2,148.894705
-52,2,148.899714
-52,2,148.903711
-52,2,148.908712
-52,2,148.913713
-52,2,148.918714
-53,3,148.925715
-52,2,148.930717
-52,2,148.937718
-52,2,148.943719
-52,2,148.948721
-52,2,148.953722
-52,2,148.958723
-52,2,148.963724
-52,2,148.968725
-52,2,148.973726
-52,2,148.979728
-53,3,148.986729
-53,3,148.995731
-52,2,149.000732
-52,2,149.007734
-52,2,149.012735
-52,2,149.017736
-52,2,149.022737
-52,2,149.027739
-52,2,149.032739
-52,2,149.037741
-52,2,149.042742
-52,2,149.047743
-52,2,149.052744
-52,2,149.057745
-53,3,149.064747
-52,2,149.072748
-53,3,149.08075
-54,4,149.092753
-52,2,149.098754
-53,3,149.106756
-52,2,149.113758
-52,2,149.12176
-52,2,149.128761
-52,2,149.134762
-52,2,149.140764
-53,3,149.150766
-52,2,149.156767
-52,2,149.162768
-52,2,149.17077
-52,2,149.176772
-54,4,149.186774
-52,2,149.191775
-52,2,149.198776
-52,2,149.204778
-53,3,149.212779
-54,4,149.223782
-52,2,149.229784
-52,2,149.235785
-52,2,149.240785
-52,2,149.246787
-52,2,149.253789
-52,2,149.26079
-52,2,149.267792
-52,2,149.275794
-52,2,149.281795
-52,2,149.286796
-52,2,149.291797
-52,2,149.296799
-52,2,149.301799
-52,2,149.3068
-52,2,149.311802
-53,3,149.318803
-52,2,149.323804
-52,2,149.328805
-52,2,149.333807
-53,3,149.340808
-52,2,149.345809
-52,2,149.350811
-52,2,149.355811
-52,2,149.360813
-52,2,149.365814
-52,2,149.371815
-52,2,149.376817
-52,2,149.381817
-53,3,149.39082
-52,2,149.39582
-52,2,149.400822
-59,9,149.420826
-52,2,149.425828
-52,2,149.430828
-52,2,149.43583
-52,2,149.440831
-52,2,149.446832
-54,4,149.455834
-53,3,149.462835
-53,3,149.469837
-52,2,149.474838
-52,2,149.47984
-52,2,149.487841
-52,2,149.492842
-52,2,149.496843
-52,2,149.501844
-52,2,149.506845
-53,3,149.513847
-52,2,149.518848
-52,2,149.523849
-53,3,149.531851
-52,2,149.536853
-52,2,149.541853
-52,2,149.549855
-52,2,149.554856
-52,2,149.559857
-54,4,149.56886
-52,2,149.573859
-52,2,149.579862
-52,2,149.584862
-52,2,149.589864
-52,2,149.594865
-52,2,149.600867
-55,5,149.611868
-52,2,149.61687
-52,2,149.621871
-52,2,149.626872
-52,2,149.632873
-52,2,149.637875
-52,2,149.642875
-53,3,149.651877
-52,2,149.658879
-52,2,149.66388
-52,2,149.668881
-52,2,149.675883
-52,2,149.680885
-53,3,149.687886
-52,2,149.692887
-52,2,149.697888
-52,2,149.701889
-52,2,149.70689
-52,2,149.711891
-52,2,149.716892
-52,2,149.721893
-53,3,149.728895
-52,2,149.733896
-52,2,149.738897
-52,2,149.745898
-52,2,149.7509
-52,2,149.7559
-52,2,149.760902
-52,2,149.767904
-52,2,149.772905
-52,2,149.777906
-52,2,149.782907
-52,2,149.788908
-52,2,149.793909
-52,2,149.79891
-53,3,149.805912
-52,2,149.810913
-52,2,149.815914
-52,2,149.820915
-52,2,149.825916
-52,2,149.830917
-52,2,149.835919
-52,2,149.84092
-52,2,149.845921
-52,2,149.850922
-52,2,149.856924
-52,2,149.861924
-52,2,149.865925
-53,3,149.872927
-52,2,149.877928
-52,2,149.883929
-52,2,149.889931
-54,4,149.898933
-53,3,149.905934
-52,2,149.910935
-52,2,149.915936
-53,3,149.924939
-52,2,149.92994
-52,2,149.93394
-52,2,149.939942
-52,2,149.944943
-52,2,149.949944
-55,5,149.960947
-52,2,149.965948
-52,2,149.972949
-52,2,149.977951
-52,2,149.982951
-52,2,149.986953
-52,2,149.991953
-52,2,149.999956
-52,2,150.004957
-54,4,150.013958
-52,2,150.01996
-53,3,150.026961
-53,3,150.033963
-52,2,150.040965
-52,2,150.046966
-52,2,150.052967
-52,2,150.058968
-53,3,150.068971
-52,2,150.073972
-52,2,150.079973
-52,2,150.085974
-52,2,150.091975
-54,4,150.102978
-52,2,150.110981
-52,2,150.117982
-54,4,150.129985
-52,2,150.137986
-52,2,150.143988
-52,2,150.149989
-52,2,150.15599
-52,2,150.161991
-52,2,150.167993
-52,2,150.175994
-52,2,150.181996
-52,2,150.188997
-52,2,150.193999
-52,2,150.201
-52,2,150.207002
-52,2,150.212002
-52,2,150.221005
-52,2,150.227006
-52,2,150.233007
-52,2,150.238009
-53,3,150.24701
-52,2,150.252012
-52,2,150.257013
-52,2,150.265014
-53,3,150.272016
-52,2,150.277017
-52,2,150.282018
-52,2,150.288019
-54,4,150.297022
-52,2,150.302023
-52,2,150.307024
-52,2,150.312025
-52,2,150.317026
-52,2,150.322027
-54,4,150.33303
-52,2,150.339031
-52,2,150.344032
-52,2,150.349033
-55,5,150.360036
-52,2,150.365036
-52,2,150.372038
-52,2,150.37804
-52,2,150.382041
-52,2,150.388042
-55,5,150.399044
-52,2,150.404045
-52,2,150.410047
-52,2,150.415048
-54,4,150.42605
-55,5,150.440053
-52,2,150.446055
-52,2,150.453056
-52,2,150.459058
-52,2,150.465059
-52,2,150.473061
-52,2,150.478062
-52,2,150.485063
-52,2,150.491065
-52,2,150.497066
-52,2,150.504067
-52,2,150.510069
-54,4,150.522072
-52,2,150.528073
-52,2,150.534075
-52,2,150.540076
-53,3,150.549078
-56,6,150.567081
-52,2,150.573083
-52,2,150.580085
-52,2,150.586086
-52,2,150.592088
-52,2,150.597088
-52,2,150.60309
-54,4,150.613092
-52,2,150.618094
-52,2,150.623094
-52,2,150.628096
-52,2,150.633096
-52,2,150.638098
-52,2,150.643098
-52,2,150.6481
-52,2,150.654101
-52,2,150.659103
-52,2,150.663103
-52,2,150.668104
-52,2,150.673105
-52,2,150.678107
-52,2,150.683108
-52,2,150.68811
-52,2,150.69311
-52,2,150.698112
-52,2,150.703112
-52,2,150.708114
-52,2,150.713115
-52,2,150.718116
-53,3,150.725117
-52,2,150.730119
-52,2,150.735209
-52,2,150.740232
-52,2,150.747233
-52,2,150.752234
-52,2,150.757235
-52,2,150.761236
-52,2,150.766237
-52,2,150.771239
-52,2,150.77624
-52,2,150.781241
-52,2,150.786242
-52,2,150.791243
-52,2,150.796244
-52,2,150.801245
-52,2,150.806246
-52,2,150.814249
-52,2,150.819249
-52,2,150.82425
-52,2,150.830252
-52,2,150.835253
-52,2,150.839254
-52,2,150.847255
-52,2,150.852257
-52,2,150.857258
-53,3,150.864259
-52,2,150.871261
-52,2,150.876262
-52,2,150.882263
-52,2,150.887264
-52,2,150.893266
-53,3,150.900267
-52,2,150.905269
-52,2,150.910269
-54,4,150.919272
-52,2,150.924273
-52,2,150.929274
-52,2,150.934275
-52,2,150.940277
-52,2,150.945277
-52,2,150.953279
-52,2,150.95928
-52,2,150.964282
-53,3,150.971283
-52,2,150.976284
-52,2,150.981285
-52,2,150.986287
-52,2,150.991288
-56,6,151.005291
-52,2,151.010293
-52,2,151.015293
-52,2,151.020294
-52,2,151.025295
-52,2,151.030297
-52,2,151.035298
-52,2,151.040299
-52,2,151.0453
-53,3,151.052301
-52,2,151.057303
-52,2,151.062304
-52,2,151.067305
-52,2,151.072306
-52,2,151.077307
-52,2,151.082308
-52,2,151.087309
-52,2,151.09231
-52,2,151.097311
-52,2,151.102313
-54,4,151.111315
-52,2,151.116316
-53,3,151.123317
-52,2,151.128319
-52,2,151.13332
-52,2,151.138321
-52,2,151.143321
-52,2,151.150322
-52,2,151.155324
-52,2,151.160326
-52,2,151.165327
-52,2,151.170328
-52,2,151.175329
-52,2,151.18133
-52,2,151.186332
-52,2,151.193333
-53,3,151.200335
-52,2,151.205335
-52,2,151.210337
-52,2,151.215338
-52,2,151.220339
-52,2,151.22534
-52,2,151.230341
-52,2,151.235342
-52,2,151.241343
-56,6,151.256347
-52,2,151.261348
-52,2,151.266349
-52,2,151.27235
-52,2,151.277351
-52,2,151.282353
-52,2,151.289354
-54,4,151.301357
-52,2,151.306358
-52,2,151.311359
-52,2,151.317361
-52,2,151.323363
-52,2,151.328363
-52,2,151.333364
-52,2,151.338365
-52,2,151.343366
-52,2,151.348367
-52,2,151.354369
-52,2,151.35937
-53,3,151.366371
-52,2,151.371373
-52,2,151.376374
-52,2,151.381375
-54,4,151.390378
-52,2,151.396378
-52,2,151.400379
-52,2,151.40538
-53,3,151.413382
-52,2,151.418383
-52,2,151.423384
-52,2,151.428385
-52,2,151.434386
-52,2,151.439388
-52,2,151.444389
-52,2,151.44939
-52,2,151.454391
-52,2,151.459392
-52,2,151.465393
-52,2,151.470395
-52,2,151.475396
-52,2,151.480397
-52,2,151.485398
-52,2,151.490399
-53,3,151.499401
-52,2,151.504402
-52,2,151.509403
-52,2,151.514405
-52,2,151.519405
-52,2,151.524407
-52,2,151.529408
-57,7,151.545411
-52,2,151.550413
-52,2,151.555413
-52,2,151.560415
-53,3,151.567416
-52,2,151.572417
-53,3,151.579419
-52,2,151.58442
-52,2,151.589421
-52,2,151.594422
-52,2,151.601424
-52,2,151.606425
-52,2,151.611426
-52,2,151.616427
-53,3,151.623428
-52,2,151.62843
-52,2,151.633431
-54,4,151.642433
-52,2,151.647434
-52,2,151.652435
-52,2,151.658437
-53,3,151.665438
-52,2,151.671439
-52,2,151.67644
-52,2,151.681442
-52,2,151.689444
-52,2,151.694444
-52,2,151.699445
-52,2,151.704447
-52,2,151.709448
-52,2,151.714449
-52,2,151.71945
-52,2,151.726452
-52,2,151.731453
-52,2,151.738455
-52,2,151.743455
-52,2,151.748457
-52,2,151.754458
-52,2,151.760459
-52,2,151.76546
-52,2,151.770462
-52,2,151.777463
-53,3,151.785465
-52,2,151.790466
-52,2,151.795467
-52,2,151.800468
-52,2,151.805469
-52,2,151.810471
-52,2,151.815471
-52,2,151.820473
-52,2,151.827474
-52,2,151.832475
-55,5,151.843478
-52,2,151.850479
-52,2,151.85548
-54,4,151.865483
-52,2,151.870484
-52,2,151.874485
-52,2,151.879486
-52,2,151.885487
-52,2,151.890489
-52,2,151.894489
-52,2,151.89949
-52,2,151.904491
-52,2,151.909492
-52,2,151.917494
-52,2,151.922495
-53,3,151.929497
-52,2,151.937498
-52,2,151.9425
-52,2,151.947501
-52,2,151.952502
-52,2,151.957504
-52,2,151.962504
-52,2,151.967505
-52,2,151.972507
-53,3,151.980509
-52,2,151.985509
-53,3,151.993511
-53,3,152.000513
-52,2,152.005514
-52,2,152.010515
-52,2,152.015516
-52,2,152.020517
-52,2,152.025518
-52,2,152.03052
-53,3,152.037521
-52,2,152.044523
-52,2,152.049524
-53,3,152.057526
-52,2,152.062526
-52,2,152.066527
-53,3,152.07553
-52,2,152.080531
-54,4,152.089533
-52,2,152.094534
-52,2,152.099535
-52,2,152.104536
-52,2,152.109537
-52,2,152.114538
-52,2,152.119539
-52,2,152.12454
-52,2,152.131542
-52,2,152.138544
-52,2,152.145545
-56,6,152.161548
-52,2,152.16655
-54,4,152.175552
-52,2,152.180553
-53,3,152.188555
-52,2,152.193556
-52,2,152.198557
-54,4,152.207559
-52,2,152.21256
-52,2,152.217561
-52,2,152.222562
-52,2,152.227563
-52,2,152.232564
-52,2,152.237566
-52,2,152.242567
-52,2,152.248568
-52,2,152.253569
-52,2,152.259571
-52,2,152.264572
-53,3,152.271574
-52,2,152.277575
-52,2,152.282575
-52,2,152.289577
-52,2,152.294579
-52,2,152.299579
-52,2,152.30458
-52,2,152.309581
-52,2,152.314583
-53,3,152.323585
-55,5,152.335588
-52,2,152.340589
-52,2,152.34559
-52,2,152.350591
-52,2,152.355592
-52,2,152.360594
-52,2,152.365594
-52,2,152.370596
-52,2,152.375596
-52,2,152.380598
-52,2,152.385598
-52,2,152.3906
-52,2,152.395601
-52,2,152.400602
-52,2,152.408604
-52,2,152.413605
-52,2,152.417606
-52,2,152.422607
-52,2,152.429609
-52,2,152.434609
-52,2,152.439611
-54,4,152.448613
-54,4,152.457615
-52,2,152.462616
-52,2,152.467617
-57,7,152.484621
-53,3,152.492623
-52,2,152.496624
-52,2,152.502625
-52,2,152.507626
-52,2,152.514627
-52,2,152.519629
-52,2,152.52463
-60,10,152.547635
-52,2,152.552636
-52,2,152.557637
-61,11,152.581643
-52,2,152.587644
-52,2,152.592645
-52,2,152.599647
-52,2,152.604647
-52,2,152.609648
-52,2,152.61465
-54,4,152.623652
-52,2,152.628653
-52,2,152.636655
-52,2,152.641656
-52,2,152.646657
-52,2,152.651658
-52,2,152.656659
-52,2,152.66066
-52,2,152.665661
-52,2,152.670663
-52,2,152.675663
-52,2,152.680665
-53,3,152.687666
-52,2,152.692667
-52,2,152.697668
-52,2,152.702669
-52,2,152.70767
-52,2,152.712672
-52,2,152.717673
-53,3,152.724675
-52,2,152.729676
-52,2,152.735677
-52,2,152.740679
-53,3,152.747679
-53,3,152.754681
-55,5,152.766686
-52,2,152.771688
-52,2,152.776688
-52,2,152.78169
-52,2,152.786691
-52,2,152.791692
-52,2,152.796693
-52,2,152.801694
-54,4,152.810697
-52,2,152.815697
-52,2,152.820698
-52,2,152.8257
-52,2,152.830701
-52,2,152.835701
-53,3,152.842703
-52,2,152.847704
-52,2,152.851705
-52,2,152.858707
-53,3,152.865709
-52,2,152.87071
-52,2,152.87571
-52,2,152.880712
-52,2,152.885713
-52,2,152.890714
-52,2,152.895715
-52,2,152.901716
-52,2,152.907718
-52,2,152.912719
-52,2,152.91972
-52,2,152.924722
-52,2,152.929723
-52,2,152.934724
-52,2,152.940725
-54,4,152.950728
-53,3,152.957729
-52,2,152.96273
-52,2,152.967731
-52,2,152.972732
-52,2,152.977733
-52,2,152.982735
-52,2,152.986736
-52,2,152.991736
-58,8,153.009741
-52,2,153.014742
-54,4,153.023744
-52,2,153.028745
-52,2,153.033746
-52,2,153.038748
-55,5,153.04975
-52,2,153.05475
-54,4,153.064753
-52,2,153.068754
-54,4,153.079756
-52,2,153.084757
-52,2,153.089758
-52,2,153.09476
-52,2,153.099761
-52,2,153.104762
-52,2,153.109763
-52,2,153.114764
-53,3,153.121766
-52,2,153.126767
-52,2,153.131768
-52,2,153.136769
-52,2,153.14177
-52,2,153.146771
-52,2,153.153773
-52,2,153.159774
-52,2,153.164775
-52,2,153.169776
-54,4,153.178779
-52,2,153.183779
-54,4,153.193782
-52,2,153.199783
-52,2,153.204784
-52,2,153.209785
-52,2,153.214786
-52,2,153.219787
-52,2,153.224789
-52,2,153.22979
-52,2,153.234791
-53,3,153.241792
-52,2,153.246794
-52,2,153.252795
-52,2,153.257796
-52,2,153.262797
-52,2,153.267798
-52,2,153.272799
-52,2,153.277801
-52,2,153.282801
-52,2,153.289803
-52,2,153.294804
-52,2,153.300805
-52,2,153.307807
-52,2,153.312808
-54,4,153.32181
-52,2,153.326811
-52,2,153.331812
-52,2,153.336813
-54,4,153.348816
-52,2,153.353817
-52,2,153.358819
-52,2,153.36482
-52,2,153.369821
-52,2,153.373822
-52,2,153.378823
-52,2,153.385824
-52,2,153.392826
-52,2,153.397827
-52,2,153.402828
-52,2,153.40783
-52,2,153.412831
-54,4,153.421833
-52,2,153.426834
-52,2,153.431835
-52,2,153.436836
-52,2,153.441837
-52,2,153.446838
-52,2,153.451839
-52,2,153.458841
-52,2,153.463842
-52,2,153.471844
-52,2,153.478846
-52,2,153.483846
-52,2,153.489848
-52,2,153.494849
-52,2,153.49985
-52,2,153.504851
-55,5,153.515853
-52,2,153.520855
-52,2,153.526856
-52,2,153.531857
-52,2,153.536858
-52,2,153.541859
-54,4,153.552862
-52,2,153.557863
-52,2,153.562864
-52,2,153.567865
-52,2,153.572866
-52,2,153.579868
-52,2,153.584869
-52,2,153.58987
-52,2,153.595871
-52,2,153.600873
-54,4,153.609874
-53,3,153.616876
-52,2,153.621877
-52,2,153.626878
-52,2,153.63288
-52,2,153.637881
-52,2,153.642882
-52,2,153.647883
-52,2,153.652884
-54,4,153.662886
-52,2,153.667887
-52,2,153.672888
-52,2,153.67789
-52,2,153.682891
-54,4,153.691893
-52,2,153.696894
-52,2,153.701895
-53,3,153.708897
-53,3,153.715898
-52,2,153.720902
-52,2,153.726904
-52,2,153.731905
-52,2,153.737906
-52,2,153.742908
-55,5,153.75691
-52,2,153.762911
-52,2,153.767913
-52,2,153.772914
-52,2,153.778915
-52,2,153.784916
-52,2,153.789917
-52,2,153.794919
-52,2,153.79992
-52,2,153.804921
-52,2,153.809922
-52,2,153.814923
-52,2,153.819924
-52,2,153.824925
-52,2,153.830926
-52,2,153.836928
-52,2,153.842929
-52,2,153.848931
-52,2,153.855932
-52,2,153.861934
-52,2,153.869935
-52,2,153.874937
-52,2,153.880938
-52,2,153.88694
-52,2,153.89294
-52,2,153.898942
-52,2,153.905943
-52,2,153.911945
-52,2,153.917946
-52,2,153.923947
-52,2,153.928949
-52,2,154.739249
-52,2,154.746251
-52,2,154.752253
-52,2,154.761255
-52,2,154.768256
-52,2,154.774257
-56,6,154.791262
-53,3,154.799263
-52,2,154.805265
-54,4,154.817267
-52,2,154.824269
-52,2,154.831271
-52,2,154.837271
-53,3,154.847274
-52,2,154.853276
-52,2,154.858276
-52,2,154.865278
-52,2,154.871279
-52,2,154.87728
-54,4,154.889283
-52,2,154.898285
-52,2,154.904286
-52,2,154.910288
-52,2,154.916289
-52,2,154.924291
-52,2,154.930292
-53,3,154.939295
-52,2,154.944295
-52,2,154.949296
-53,3,154.956298
-52,2,154.961299
-53,3,154.9683
-52,2,154.973302
-52,2,154.978303
-52,2,154.983304
-52,2,154.988305
-53,3,154.995306
-52,2,155.002308
-53,3,155.01031
-52,2,155.014311
-52,2,155.019312
-52,2,155.024314
-52,2,155.029314
-52,2,155.035316
-52,2,155.041317
-52,2,155.047318
-53,3,155.05432
-52,2,155.059321
-52,2,155.066322
-52,2,155.071324
-52,2,155.076325
-52,2,155.083326
-52,2,155.088327
-52,2,155.092329
-52,2,155.097329
-52,2,155.10233
-52,2,155.108332
-53,3,155.115334
-52,2,155.120334
-52,2,155.125336
-52,2,155.130337
-52,2,155.135338
-52,2,155.140339
-52,2,155.14534
-52,2,155.150341
-52,2,155.155343
-52,2,155.159343
-52,2,155.164345
-54,4,155.174347
-52,2,155.179348
-52,2,155.183349
-52,2,155.18935
-52,2,155.194351
-52,2,155.199352
-52,2,155.204353
-52,2,155.209355
-52,2,155.214355
-52,2,155.219357
-52,2,155.224358
-52,2,155.229359
-52,2,155.23436
-52,2,155.239361
-52,2,155.244362
-52,2,155.249363
-52,2,155.254364
-52,2,155.262366
-52,2,155.267368
-52,2,155.272368
-52,2,155.27737
-52,2,155.282371
-53,3,155.292374
-52,2,155.297374
-52,2,155.302375
-52,2,155.308376
-52,2,155.313378
-52,2,155.318378
-52,2,155.32338
-52,2,155.328381
-52,2,155.333382
-52,2,155.340384
-52,2,155.345385
-53,3,155.352386
-52,2,155.357388
-52,2,155.362389
-52,2,155.36739
-52,2,155.373391
-52,2,155.378392
-52,2,155.383393
-52,2,155.388394
-52,2,155.393396
-52,2,155.397396
-52,2,155.402397
-52,2,155.407398
-52,2,155.4124
-53,3,155.419402
-52,2,155.424402
-54,4,155.434405
-52,2,155.439406
-52,2,155.444407
-52,2,155.451409
-52,2,155.45641
-52,2,155.461411
-52,2,155.467412
-54,4,155.477414
-52,2,155.482415
-54,4,155.491418
-52,2,155.498419
-52,2,155.50342
-52,2,155.508421
-52,2,155.512422
-52,2,155.520424
-52,2,155.525424
-52,2,155.530426
-52,2,155.539428
-52,2,155.545429
-52,2,155.551431
-58,8,155.572435
-53,3,155.580437
-52,2,155.587439
-52,2,155.593441
-52,2,155.599442
-52,2,155.604442
-52,2,155.610444
-53,3,155.618446
-52,2,155.624447
-52,2,155.629449
-52,2,155.636449
-52,2,155.642451
-52,2,155.649453
-53,3,155.658455
-53,3,155.666456
-52,2,155.672457
-52,2,155.678459
-54,4,155.689466
-52,2,155.695466
-52,2,155.702468
-53,3,155.71047
-52,2,155.716471
-53,3,155.723472
-52,2,155.728474
-52,2,155.735475
-52,2,155.740476
-52,2,155.745477
-52,2,155.750479
-54,4,155.759481
-52,2,155.765483
-52,2,155.770483
-54,4,155.779485
-52,2,155.784486
-52,2,155.789487
-52,2,155.796489
-52,2,155.80149
-52,2,155.806491
-52,2,155.812493
-52,2,155.817494
-52,2,155.822495
-52,2,155.827496
-52,2,155.832497
-52,2,155.837498
-52,2,155.842499
-52,2,155.849501
-52,2,155.854502
-52,2,155.859503
-52,2,155.866504
-52,2,155.871506
-52,2,155.876507
-53,3,155.883508
-52,2,155.887509
-52,2,155.89251
-52,2,155.898512
-52,2,155.904513
-52,2,155.909515
-52,2,155.914515
-52,2,155.920516
-52,2,155.926518
-54,4,155.93652
-54,4,155.946522
-52,2,155.951524
-52,2,155.956525
-52,2,155.961526
-52,2,155.966527
-52,2,155.971528
-52,2,155.976529
-52,2,155.98153
-52,2,155.986531
-53,3,155.993533
-52,2,155.998534
-52,2,156.003535
-52,2,156.008536
-52,2,156.013537
-52,2,156.018538
-52,2,156.02454
-52,2,156.030541
-52,2,156.035542
-52,2,156.040543
-52,2,156.045544
-52,2,156.050545
-53,3,156.059548
-52,2,156.065549
-52,2,156.072551
-52,2,156.078552
-52,2,156.084553
-52,2,156.091555
-56,6,156.109559
-52,2,156.11656
-52,2,156.122561
-52,2,156.128563
-52,2,156.134564
-52,2,156.141567
-52,2,156.147567
-52,2,156.156569
-52,2,156.164571
-52,2,156.170572
-52,2,156.176574
-52,2,156.184576
-53,3,156.193577
-52,2,156.199579
-53,3,156.209581
-52,2,156.216583
-52,2,156.224585
-52,2,156.231586
-53,3,156.239588
-52,2,156.245589
-52,2,156.251591
-52,2,156.257592
-52,2,156.263593
-52,2,156.268595
-52,2,156.273595
-52,2,156.278596
-52,2,156.282598
-52,2,156.287598
-52,2,156.292599
-52,2,156.297601
-52,2,156.302602
-52,2,156.307603
-52,2,156.312604
-52,2,156.317605
-52,2,156.322606
-52,2,156.329608
-52,2,156.334609
-52,2,156.33961
-52,2,156.344611
-52,2,156.352613
-52,2,156.357615
-52,2,156.362615
-52,2,156.367616
-52,2,156.372617
-52,2,156.377618
-52,2,156.38362
-53,3,156.391622
-52,2,156.396623
-52,2,156.401624
-53,3,156.408625
-52,2,156.413626
-52,2,156.418628
-52,2,156.423629
-52,2,156.42863
-52,2,156.433631
-52,2,156.438632
-52,2,156.443633
-52,2,156.448635
-52,2,156.453635
-52,2,156.458636
-52,2,156.463638
-52,2,156.470639
-52,2,156.477641
-52,2,156.482642
-52,2,156.487643
-52,2,156.495645
-52,2,156.500646
-53,3,156.507648
-52,2,156.512649
-52,2,156.51765
-52,2,156.521651
-54,4,156.531653
-52,2,156.535654
-52,2,156.540655
-52,2,156.545656
-52,2,156.553658
-52,2,156.559659
-54,4,156.570662
-52,2,156.575663
-52,2,156.580664
-52,2,156.585665
-52,2,156.590667
-52,2,156.595667
-52,2,156.599668
-52,2,156.604669
-52,2,156.60967
-52,2,156.615672
-52,2,156.620673
-52,2,156.625674
-52,2,156.629675
-52,2,156.634676
-52,2,156.639677
-52,2,156.644678
-52,2,156.649679
-52,2,156.65568
-52,2,156.662682
-52,2,156.669684
-54,4,156.679686
-52,2,156.684687
-52,2,156.689688
-52,2,156.695689
-52,2,156.702691
-53,3,156.710693
-52,2,156.716694
-52,2,156.723696
-52,2,156.728697
-52,2,156.73781
-52,2,156.745812
-52,2,156.753814
-52,2,156.759816
-52,2,156.766817
-53,3,156.77882
-52,2,156.784821
-52,2,156.792823
-53,3,156.803825
-52,2,156.809827
-52,2,156.815828
-52,2,156.822829
-52,2,156.82883
-52,2,156.836833
-52,2,156.841834
-52,2,156.849835
-53,3,156.858837
-52,2,156.865839
-52,2,156.873841
-52,2,156.878842
-52,2,156.885843
-52,2,156.892845
-53,3,156.899847
-52,2,156.905848
-52,2,156.911849
-52,2,156.916851
-53,3,156.926852
-52,2,156.931854
-52,2,156.936855
-52,2,156.941856
-52,2,156.947857
-52,2,156.954859
-52,2,156.95986
-52,2,156.963861
-52,2,156.968862
-52,2,156.975863
-52,2,156.980865
-52,2,156.987866
-52,2,156.995868
-52,2,157.000869
-53,3,157.007871
-52,2,157.012872
-52,2,157.017873
-52,2,157.022874
-52,2,157.030876
-53,3,157.037877
-52,2,157.042879
-52,2,157.047879
-52,2,157.052881
-56,6,157.065883
-52,2,157.070885
-52,2,157.075886
-52,2,157.080887
-52,2,157.086888
-52,2,157.09289
-52,2,157.098891
-52,2,157.104893
-52,2,157.110894
-52,2,157.116895
-52,2,157.121897
-52,2,157.127897
-52,2,157.133898
-52,2,157.140901
-52,2,157.147902
-52,2,157.153903
-52,2,157.160905
-52,2,157.166906
-52,2,157.172907
-52,2,157.177909
-52,2,157.18391
-52,2,157.190912
-52,2,157.197913
-52,2,157.205914
-52,2,157.211917
-52,2,157.217917
-52,2,157.223919
-52,2,157.22992
-52,2,157.235922
-52,2,157.240923
-52,2,157.246924
-52,2,157.252925
-55,5,157.266928
-52,2,157.27493
-52,2,157.279932
-52,2,157.284933
-52,2,157.289934
-52,2,157.294935
-52,2,157.301936
-52,2,157.307938
-52,2,157.312939
-52,2,157.31794
-53,3,157.324941
-52,2,157.329943
-52,2,157.336944
-52,2,157.341946
-52,2,157.346946
-52,2,157.351948
-52,2,157.357949
-52,2,157.36195
-52,2,157.366951
-52,2,157.371952
-52,2,157.376953
-52,2,157.381954
-52,2,157.387955
-52,2,157.392957
-56,6,157.405959
-52,2,157.41096
-52,2,157.415962
-52,2,157.420963
-52,2,157.425964
-54,4,157.435966
-52,2,157.440967
-52,2,157.446969
-52,2,157.450969
-52,2,157.455971
-52,2,157.460972
-52,2,157.465973
-52,2,157.470974
-52,2,157.475975
-52,2,157.480976
-52,2,157.485977
-52,2,157.490978
-53,3,157.497981
-53,3,157.504982
-52,2,157.511983
-52,2,157.517984
-52,2,157.524986
-52,2,157.531988
-52,2,157.537989
-52,2,157.54399
-52,2,157.549992
-52,2,157.555993
-52,2,157.561995
-52,2,157.570996
-52,2,157.577998
-52,2,157.583999
-54,4,157.596002
-52,2,157.602003
-52,2,157.608005
-53,3,157.617007
-52,2,157.622008
-52,2,157.628009
-52,2,157.636011
-52,2,157.642012
-52,2,157.649014
-53,3,157.657016
-52,2,157.662017
-54,4,157.675019
-52,2,157.680021
-52,2,157.685022
-52,2,157.691023
-52,2,157.697025
-52,2,157.703026
-52,2,157.709027
-53,3,157.717029
-52,2,157.72303
-52,2,157.729032
-52,2,157.738034
-52,2,157.745035
-52,2,157.751036
-52,2,157.757038
-52,2,157.765039
-52,2,157.770041
-52,2,157.775042
-53,3,157.785044
-52,2,157.792046
-52,2,157.799047
-52,2,157.805049
-53,3,157.81305
-52,2,157.820052
-52,2,157.826053
-52,2,157.832055
-52,2,157.839056
-53,3,157.848058
-53,3,157.857061
-52,2,157.864062
-52,2,157.869063
-52,2,157.876065
-52,2,157.882066
-52,2,157.888067
-53,3,157.895069
-52,2,157.90007
-52,2,157.905071
-52,2,157.910072
-52,2,157.917073
-52,2,157.923075
-52,2,157.927076
-52,2,157.933077
-52,2,157.938078
-52,2,157.944079
-52,2,157.949081
-52,2,157.954082
-52,2,157.959083
-52,2,157.964084
-52,2,157.969085
-52,2,157.974086
-52,2,157.980088
-52,2,157.985089
-52,2,157.99009
-52,2,157.997091
-52,2,158.002093
-52,2,158.007094
-53,3,158.014095
-52,2,158.019096
-52,2,158.024097
-52,2,158.029099
-52,2,158.034099
-52,2,158.0381
-52,2,158.043102
-52,2,158.048102
-54,4,158.057105
-53,3,158.064238
-52,2,158.069234
-52,2,158.074235
-52,2,158.079236
-52,2,158.085237
-52,2,158.090239
-52,2,158.09524
-52,2,158.100241
-52,2,158.105242
-52,2,158.110243
-52,2,158.115244
-52,2,158.120245
-55,5,158.131248
-52,2,158.136249
-52,2,158.14125
-52,2,158.146251
-52,2,158.151252
-52,2,158.156253
-52,2,158.161254
-52,2,158.166255
-52,2,158.171257
-52,2,158.176257
-52,2,158.180259
-52,2,158.18726
-52,2,158.192261
-52,2,158.197263
-55,5,158.208265
-54,4,158.218267
-52,2,158.223269
-54,4,158.23227
-52,2,158.237271
-52,2,158.242273
-52,2,158.247273
-52,2,158.252275
-52,2,158.257276
-52,2,158.262277
-52,2,158.268278
-52,2,158.273279
-52,2,158.27828
-52,2,158.283282
-52,2,158.288394
-52,2,158.293395
-52,2,158.298396
-52,2,158.306398
-52,2,158.311399
-52,2,158.318401
-52,2,158.323401
-52,2,158.329403
-52,2,158.334404
-52,2,158.339405
-52,2,158.345407
-52,2,158.350408
-52,2,158.356409
-52,2,158.362411
-52,2,158.367412
-52,2,158.373413
-52,2,158.378414
-52,2,158.383415
-52,2,158.389416
-52,2,158.393417
-52,2,158.399418
-52,2,158.40442
-57,7,158.419423
-52,2,158.426425
-52,2,158.431426
-52,2,158.436427
-52,2,158.441428
-52,2,158.447429
-52,2,158.453431
-52,2,158.458432
-52,2,158.462433
-52,2,158.467433
-52,2,158.472435
-52,2,158.479436
-52,2,158.484438
-52,2,158.490439
-52,2,158.49544
-52,2,158.500442
-53,3,158.507443
-52,2,158.512444
-54,4,158.521446
-52,2,158.528447
-52,2,158.533448
-52,2,158.53845
-52,2,158.544451
-52,2,158.550453
-52,2,158.556454
-52,2,158.560455
-53,3,158.567456
-52,2,158.572457
-52,2,158.577458
-52,2,158.58346
-52,2,158.589461
-52,2,158.593462
-52,2,158.601464
-52,2,158.606465
-52,2,158.611466
-52,2,158.616467
-52,2,158.621468
-52,2,158.626469
-52,2,158.63147
-52,2,158.636472
-52,2,158.641473
-52,2,158.646474
-52,2,158.652476
-52,2,158.656476
-54,4,158.666478
-53,3,158.67348
-52,2,158.679481
-52,2,158.684482
-52,2,158.689483
-52,2,158.694484
-52,2,158.699486
-52,2,158.704486
-52,2,158.709488
-52,2,158.715489
-52,2,158.72049
-54,4,158.729492
-52,2,158.734493
-52,2,158.740495
-52,2,158.745496
-52,2,158.750497
-52,2,158.757499
-52,2,158.7635
-52,2,158.768501
-52,2,158.773502
-53,3,158.780504
-52,2,158.785505
-52,2,158.790506
-52,2,158.795507
-53,3,158.802509
-52,2,158.807509
-53,3,158.814512
-52,2,158.819512
-52,2,158.826514
-52,2,158.831516
-52,2,158.837516
-52,2,158.842518
-52,2,158.847518
-52,2,158.85252
-52,2,158.857521
-52,2,158.862522
-52,2,158.867523
-52,2,158.872524
-52,2,158.877525
-54,4,158.886527
-53,3,158.893529
-52,2,158.89853
-52,2,158.903531
-52,2,158.908532
-52,2,158.913533
-52,2,158.920535
-52,2,158.925654
-52,2,158.930656
-52,2,158.935657
-52,2,158.940658
-52,2,158.946659
-52,2,158.95166
-52,2,158.955662
-52,2,158.960663
-52,2,158.965663
-52,2,158.973665
-53,3,158.980667
-52,2,158.985668
-52,2,158.990669
-52,2,158.99567
-52,2,159.000671
-52,2,159.005672
-52,2,159.010674
-52,2,159.015674
-52,2,159.023677
-52,2,159.028677
-54,4,159.037679
-52,2,159.042681
-52,2,159.047682
-52,2,159.054683
-52,2,159.059685
-52,2,159.064685
-52,2,159.069686
-52,2,159.074687
-52,2,159.079689
-53,3,159.088691
-52,2,159.094692
-52,2,159.101693
-52,2,159.106694
-53,3,159.113696
-52,2,159.120698
-52,2,159.124698
-52,2,159.1297
-52,2,159.134701
-52,2,159.140702
-52,2,159.145703
-52,2,159.150705
-52,2,159.155706
-52,2,159.160707
-52,2,159.168709
-52,2,159.17371
-52,2,159.178711
-52,2,159.183712
-52,2,159.188713
-52,2,159.193714
-52,2,159.199716
-52,2,159.204717
-52,2,159.209718
-52,2,159.214719
-52,2,159.222721
-52,2,159.227722
-52,2,159.233723
-53,3,159.240725
-52,2,159.245726
-52,2,159.252728
-56,6,159.266731
-52,2,159.272732
-53,3,159.279733
-52,2,159.284734
-52,2,159.289736
-52,2,159.294737
-52,2,159.299738
-52,2,159.305739
-54,4,159.315741
-52,2,159.320743
-52,2,159.327744
-52,2,159.332746
-54,4,159.342748
-52,2,159.347749
-52,2,159.35375
-52,2,159.358751
-52,2,159.365753
-52,2,159.370754
-52,2,159.375755
-52,2,159.380756
-52,2,159.385757
-52,2,159.390759
-54,4,159.400761
-52,2,159.405761
-52,2,159.410763
-52,2,159.415764
-52,2,159.420765
-52,2,159.426766
-52,2,159.431767
-52,2,159.436768
-54,4,159.447771
-52,2,159.453772
-52,2,159.459774
-52,2,159.464775
-52,2,159.470776
-54,4,159.480779
-52,2,159.48578
-53,3,159.492781
-52,2,159.497782
-52,2,159.502784
-52,2,159.507785
-52,2,159.512786
-52,2,159.517787
-52,2,159.524788
-52,2,159.530789
-53,3,159.538791
-52,2,159.545793
-52,2,159.551794
-52,2,159.556795
-52,2,159.561796
-52,2,159.566797
-52,2,159.571799
-52,2,159.5768
-52,2,159.582802
-52,2,159.587802
-52,2,159.592804
-52,2,159.597804
-52,2,159.602806
-52,2,159.607807
-52,2,159.612808
-52,2,159.617809
-52,2,159.62281
-52,2,159.628811
-54,4,159.637813
-52,2,159.643815
-53,3,159.653817
-52,2,159.658818
-52,2,159.663819
-52,2,159.66982
-52,2,159.675822
-52,2,159.682824
-52,2,159.687824
-52,2,159.692826
-54,4,159.702828
-52,2,159.707829
-52,2,159.71283
-52,2,159.717831
-52,2,159.723832
-52,2,159.729834
-53,3,159.736835
-52,2,159.743837
-52,2,159.748838
-52,2,159.75684
-52,2,159.761841
-53,3,159.772844
-52,2,159.779845
-52,2,159.786847
-52,2,159.793848
-52,2,159.800983
-52,2,159.809985
-52,2,159.816986
-52,2,159.823987
-52,2,159.830989
-52,2,159.837991
-52,2,159.844992
-52,2,159.851993
-52,2,159.858996
-53,3,159.869998
-53,3,159.879
-52,2,159.886002
-52,2,159.893003
-52,2,159.900005
-53,3,159.913008
-52,2,159.92101
-52,2,159.928011
-52,2,159.939013
-52,2,159.946015
-52,2,159.951016
-52,2,159.956017
-52,2,159.961019
-52,2,159.96802
-52,2,159.973022
-52,2,159.978022
-52,2,159.983023
-52,2,159.988024
-52,2,159.993026
-52,2,159.999027
-52,2,160.004028
-52,2,160.009029
-52,2,160.01403
-52,2,160.021033
-52,2,160.026033
-52,2,160.031034
-52,2,160.038036
-52,2,160.043037
-52,2,160.048038
-52,2,160.054039
-52,2,160.05904
-52,2,160.064041
-52,2,160.069043
-52,2,160.074044
-52,2,160.079045
-53,3,160.087046
-52,2,160.092047
-53,3,160.099049
-52,2,160.10405
-52,2,160.109051
-54,4,160.119053
-52,2,160.124055
-52,2,160.129056
-53,3,160.13606
-54,4,160.146063
-52,2,160.151064
-52,2,160.156065
-52,2,160.161067
-52,2,160.166068
-52,2,160.171068
-52,2,160.17707
-52,2,160.182071
-52,2,160.188072
-52,2,160.193074
-52,2,160.198074
-52,2,160.204076
-52,2,160.210077
-52,2,160.215078
-52,2,160.220079
-52,2,160.226081
-52,2,160.231082
-52,2,160.236083
-52,2,160.241085
-52,2,160.246085
-52,2,160.253087
-52,2,160.258088
-52,2,160.265089
-52,2,160.270091
-52,2,160.276092
-52,2,160.281093
-52,2,160.286094
-52,2,160.291095
-52,2,160.296096
-52,2,160.302098
-52,2,160.3071
-52,2,160.3121
-52,2,160.318101
-52,2,160.323103
-52,2,160.329104
-52,2,160.335105
-52,2,160.341106
-53,3,160.348108
-52,2,160.353109
-52,2,160.35811
-52,2,160.363111
-52,2,160.368113
-52,2,161.167411
-52,2,161.173412
-52,2,161.178413
-52,2,161.184414
-52,2,161.189534
-52,2,161.194535
-52,2,161.202537
-52,2,161.209538
-52,2,161.21454
-52,2,161.220541
-52,2,161.225542
-52,2,161.230543
-52,2,161.236545
-52,2,161.241545
-52,2,161.246547
-52,2,161.251548
-52,2,161.25755
-52,2,161.26255
-52,2,161.267552
-52,2,161.272553
-53,3,161.280555
-52,2,161.285556
-52,2,161.290556
-52,2,161.297558
-52,2,161.302559
-52,2,161.30756
-52,2,161.312562
-52,2,161.317563
-52,2,161.322564
-52,2,161.327565
-52,2,161.332566
-52,2,161.337567
-52,2,161.342568
-52,2,161.347569
-52,2,161.352571
-53,3,161.362573
-52,2,161.367574
-53,3,161.374575
-52,2,161.379576
-52,2,161.384578
-52,2,161.389579
-52,2,161.39458
-53,3,161.402582
-52,2,161.410584
-52,2,161.415584
-52,2,161.420586
-52,2,161.425587
-52,2,161.433589
-52,2,161.43859
-52,2,161.443591
-52,2,161.448592
-52,2,161.453593
-52,2,161.458594
-52,2,161.463595
-52,2,161.468596
-52,2,161.473598
-52,2,161.478598
-52,2,161.4846
-53,3,161.492602
-52,2,161.498603
-52,2,161.504604
-52,2,161.512606
-52,2,161.517607
-52,2,161.522609
-52,2,161.527609
-52,2,161.532611
-52,2,161.538613
-52,2,161.543613
-52,2,161.550614
-52,2,161.555616
-52,2,161.560617
-52,2,161.565618
-52,2,161.57262
-52,2,161.577621
-52,2,161.582622
-52,2,161.588623
-52,2,161.593624
-52,2,161.598625
-52,2,161.604627
-52,2,161.609628
-52,2,161.614629
-52,2,161.621631
-52,2,161.626631
-52,2,161.633633
-52,2,161.639635
-52,2,161.644635
-52,2,161.649637
-52,2,161.654638
-52,2,161.659639
-54,4,161.668641
-52,2,161.673643
-52,2,161.678643
-52,2,161.684644
-52,2,161.689646
-52,2,161.694647
-52,2,161.700648
-52,2,161.705649
-52,2,161.71065
-53,3,161.717652
-52,2,161.724653
-52,2,161.729655
-52,2,161.735656
-52,2,161.741657
-54,4,161.75066
-52,2,161.757661
-52,2,161.763662
-52,2,161.769663
-52,2,161.774664
-52,2,161.779666
-52,2,161.784667
-52,2,161.790668
-52,2,161.795669
-54,4,161.805671
-53,3,161.812673
-52,2,161.817674
-52,2,161.823676
-52,2,161.829677
-52,2,161.834678
-52,2,161.839679
-52,2,161.84568
-52,2,161.850682
-52,2,161.855683
-52,2,161.860684
-52,2,161.865685
-52,2,161.870686
-52,2,161.875687
-52,2,161.881689
-52,2,161.88669
-53,3,161.893692
-52,2,161.898692
-52,2,161.904694
-52,2,161.909695
-52,2,161.914696
-52,2,161.919697
-52,2,161.924698
-53,3,161.9347
-52,2,161.940701
-52,2,161.946703
-52,2,161.951705
-53,3,161.959706
-52,2,161.964707
-53,3,161.971709
-52,2,161.976709
-52,2,161.981711
-52,2,161.987712
-52,2,161.992713
-52,2,161.997714
-53,3,162.004716
-52,2,162.009717
-52,2,162.016719
-52,2,162.02172
-52,2,162.027721
-52,2,162.032722
-52,2,162.037723
-52,2,162.042724
-54,4,162.052726
-52,2,162.057728
-52,2,162.062729
-52,2,162.06873
-52,2,162.074732
-52,2,162.079733
-52,2,162.085734
-52,2,162.090735
-52,2,162.095736
-52,2,162.100737
-52,2,162.105738
-52,2,162.110739
-52,2,162.115741
-52,2,162.121742
-52,2,162.126743
-52,2,162.132745
-53,3,162.142747
-56,6,162.15575
-52,2,162.161751
-52,2,162.166752
-52,2,162.171754
-52,2,162.176754
-52,2,162.181756
-52,2,162.186757
-52,2,162.192758
-52,2,162.197759
-52,2,162.20276
-52,2,162.209762
-52,2,162.214762
-53,3,162.221764
-52,2,162.228766
-52,2,162.233767
-52,2,162.239769
-52,2,162.245773
-52,2,162.250774
-52,2,162.255775
-52,2,162.260776
-52,2,162.265778
-52,2,162.270778
-52,2,162.27678
-52,2,162.283782
-52,2,162.288783
-52,2,162.294784
-52,2,162.299785
-52,2,162.304786
-52,2,162.309788
-52,2,162.314788
-52,2,162.32279
-55,5,162.334793
-52,2,162.339794
-52,2,162.345795
-52,2,162.352797
-52,2,162.357799
-52,2,162.3638
-52,2,162.3688
-52,2,162.374802
-52,2,162.379803
-52,2,162.384804
-52,2,162.391806
-52,2,162.396807
-53,3,162.404809
-52,2,162.40981
-52,2,162.414811
-52,2,162.420812
-52,2,162.425813
-52,2,162.430814
-52,2,162.435816
-52,2,162.440816
-52,2,162.445818
-52,2,162.450819
-52,2,162.45582
-52,2,162.460821
-52,2,162.466822
-54,4,162.477825
-52,2,162.483826
-52,2,162.488827
-52,2,162.493829
-52,2,162.49983
-52,2,162.504831
-52,2,162.510832
-52,2,162.515833
-52,2,162.522835
-52,2,162.528837
-52,2,162.534837
-52,2,162.540839
-52,2,162.54584
-52,2,162.550841
-52,2,162.556843
-52,2,162.561844
-52,2,162.567845
-52,2,162.572846
-52,2,162.579848
-52,2,162.584849
-52,2,162.59085
-52,2,162.597852
-52,2,162.602853
-52,2,162.607854
-52,2,162.612855
-52,2,162.617856
-52,2,162.622857
-52,2,162.628858
-52,2,162.63386
-52,2,162.638861
-52,2,162.643862
-52,2,162.648863
-52,2,162.654864
-52,2,162.659865
-52,2,162.664867
-52,2,162.671868
-52,2,162.676869
-52,2,162.681871
-52,2,162.686871
-52,2,162.691873
-54,4,162.700875
-52,2,162.706876
-52,2,162.711877
-52,2,162.718879
-52,2,162.72388
-52,2,162.728881
-52,2,162.735883
-54,4,162.744884
-52,2,162.749886
-52,2,162.755887
-52,2,162.760888
-52,2,162.765889
-53,3,162.774891
-54,4,162.784894
-52,2,162.789895
-52,2,162.796896
-52,2,162.801897
-54,4,162.811899
-52,2,162.816901
-52,2,162.821902
-54,4,162.833905
-52,2,162.838905
-52,2,162.844907
-52,2,162.849908
-54,4,162.85891
-52,2,162.864912
-52,2,162.869912
-52,2,162.874913
-52,2,162.879915
-52,2,162.884916
-52,2,162.889917
-52,2,162.894918
-52,2,162.900919
-52,2,162.90692
-52,2,162.911922
-52,2,162.916923
-52,2,162.921924
-52,2,162.926925
-52,2,162.931926
-54,4,162.941929
-52,2,162.94793
-52,2,162.952931
-52,2,162.957932
-52,2,162.962933
-52,2,162.968934
-52,2,162.973936
-52,2,162.979937
-52,2,162.984938
-52,2,162.989939
-52,2,162.99494
-52,2,162.999941
-52,2,163.004942
-52,2,163.009943
-52,2,163.014945
-52,2,163.019946
-52,2,163.024947
-52,2,163.032948
-52,2,163.03795
-52,2,163.042951
-52,2,163.049952
-52,2,163.055954
-54,4,163.064956
-52,2,163.069957
-52,2,163.074958
-52,2,163.080959
-52,2,163.085961
-52,2,163.092962
-52,2,163.098963
-52,2,163.103965
-52,2,163.109966
-52,2,163.114967
-52,2,163.120969
-52,2,163.125969
-52,2,163.13097
-52,2,163.136972
-53,3,163.144974
-52,2,163.149975
-52,2,163.154976
-52,2,163.159977
-52,2,163.164978
-52,2,163.170979
-52,2,163.17598
-52,2,163.180982
-52,2,163.185983
-52,2,163.191984
-52,2,163.196985
-52,2,163.201987
-52,2,163.206987
-52,2,163.211989
-52,2,163.21699
-53,3,163.224992
-52,2,163.229993
-52,2,163.234994
-52,2,163.239995
-52,2,163.244996
-52,2,163.249997
-53,3,163.257999
-52,2,163.263
-52,2,163.268001
-53,3,163.275003
-53,3,163.282005
-52,2,163.287005
-52,2,163.292007
-52,2,163.297007
-52,2,163.302009
-52,2,163.30901
-53,3,163.316012
-52,2,163.321013
-52,2,163.326014
-52,2,163.331016
-52,2,163.336016
-52,2,163.341018
-52,2,163.347019
-53,3,163.35402
-52,2,163.359021
-52,2,163.364022
-52,2,163.369024
-52,2,163.374026
-52,2,163.379026
-52,2,163.385027
-52,2,163.391029
-52,2,163.39603
-52,2,163.401031
-52,2,163.408033
-52,2,163.413033
-52,2,163.418035
-52,2,163.424036
-53,3,163.431037
-52,2,163.437039
-52,2,163.44204
-52,2,163.447041
-52,2,163.452043
-52,2,163.457043
-52,2,163.462045
-52,2,163.467046
-52,2,163.473047
-52,2,163.478048
-52,2,163.483049
-52,2,163.48805
-53,3,163.495051
-52,2,163.500053
-52,2,163.505054
-52,2,163.511055
-52,2,163.517056
-52,2,163.522058
-52,2,163.527059
-52,2,163.534061
-52,2,163.539061
-52,2,163.545063
-52,2,163.551064
-52,2,163.556065
-52,2,163.561067
-52,2,163.566068
-52,2,163.573069
-52,2,163.57807
-54,4,163.587072
-52,2,163.592073
-52,2,163.597075
-52,2,163.605076
-52,2,163.610077
-52,2,163.615078
-52,2,163.62008
-52,2,163.625081
-56,6,163.639084
-52,2,163.646086
-52,2,163.651087
-52,2,163.656087
-52,2,163.661089
-52,2,163.66609
-52,2,163.671091
-52,2,163.677092
-52,2,163.682094
-52,2,163.687095
-54,4,163.696097
-52,2,163.701097
-52,2,163.706099
-52,2,163.7121
-59,9,163.733105
-52,2,163.738106
-52,2,163.743107
-52,2,163.748108
-52,2,163.753109
-52,2,163.75811
-52,2,163.763111
-52,2,163.768112
-52,2,163.773114
-52,2,163.778115
-52,2,163.783116
-52,2,163.789117
-52,2,163.795119
-52,2,163.802121
-52,2,163.807121
-52,2,163.812123
-52,2,163.817124
-52,2,163.822125
-52,2,163.827126
-52,2,163.832127
-52,2,163.837128
-52,2,163.842129
-52,2,163.84813
-57,7,163.864135
-52,2,163.871135
-53,3,163.878137
-52,2,163.883138
-52,2,163.888247
-52,2,163.893244
-52,2,163.901245
-52,2,163.906246
-52,2,163.911248
-52,2,163.916249
-52,2,163.92125
-52,2,163.927251
-52,2,163.932252
-52,2,163.937254
-52,2,163.943255
-52,2,163.948256
-52,2,163.953257
-52,2,163.958258
-52,2,163.963259
-54,4,163.973261
-52,2,163.978263
-52,2,163.983263
-54,4,163.992267
-52,2,163.999267
-52,2,164.004269
-52,2,164.009269
-52,2,164.014271
-52,2,164.019272
-52,2,164.026273
-52,2,164.032275
-52,2,164.039276
-52,2,164.044278
-52,2,164.049278
-52,2,164.05428
-52,2,164.059281
-52,2,164.065282
-52,2,164.072284
-53,3,164.080285
-52,2,164.085286
-52,2,164.090287
-52,2,164.095289
-52,2,164.10029
-52,2,164.105291
-52,2,164.110292
-52,2,164.115293
-52,2,164.120295
-52,2,164.126296
-52,2,164.130297
-52,2,164.136298
-52,2,164.141299
-52,2,164.1463
-52,2,164.151301
-52,2,164.156302
-52,2,164.164304
-52,2,164.169305
-52,2,164.174307
-52,2,164.179307
-52,2,164.184309
-52,2,164.18931
-52,2,164.196311
-52,2,164.201312
-52,2,164.206314
-52,2,164.213315
-52,2,164.219316
-55,5,164.231319
-52,2,164.23632
-52,2,164.242322
-52,2,164.248323
-52,2,164.253325
-52,2,164.258325
-52,2,164.263326
-52,2,164.268327
-52,2,164.273329
-52,2,164.27833
-52,2,164.284331
-52,2,164.291332
-52,2,164.296334
-52,2,164.302335
-52,2,164.307336
-52,2,164.312338
-52,2,164.317339
-52,2,164.32234
-52,2,164.327341
-52,2,164.333342
-52,2,164.338343
-52,2,164.343344
-52,2,164.350346
-52,2,164.356347
-52,2,164.362349
-52,2,164.367349
-52,2,164.372351
-52,2,164.377352
-52,2,164.382353
-53,3,164.389354
-52,2,164.395355
-52,2,164.400357
-52,2,164.406358
-52,2,164.41136
-52,2,164.41636
-52,2,164.421361
-52,2,164.426363
-53,3,164.433364
-52,2,164.439365
-52,2,164.444367
-52,2,164.449368
-52,2,164.455369
-52,2,164.46037
-52,2,164.465371
-52,2,164.470372
-52,2,164.476374
-52,2,164.482375
-52,2,164.487376
-53,3,164.494378
-52,2,164.500379
-52,2,164.50538
-52,2,164.512382
-52,2,164.517383
-52,2,164.522384
-52,2,164.530386
-52,2,164.537387
-52,2,164.543389
-52,2,164.54839
-52,2,164.553391
-52,2,164.558392
-56,6,164.572395
-52,2,164.578397
-52,2,164.583398
-52,2,164.588399
-52,2,164.5934
-52,2,164.599401
-52,2,164.605402
-52,2,164.611404
-52,2,164.619406
-52,2,164.624407
-52,2,164.631408
-52,2,164.63741
-52,2,164.642411
-52,2,164.647412
-52,2,164.652413
-52,2,164.657415
-52,2,164.663415
-52,2,164.670417
-52,2,164.675418
-52,2,164.68242
-52,2,164.688421
-52,2,164.693422
-52,2,164.698423
-52,2,164.703425
-52,2,164.708425
-53,3,164.716427
-52,2,164.723429
-52,2,164.72843
-52,2,164.733431
-52,2,164.739433
-52,2,164.744434
-52,2,164.749435
-52,2,164.754436
-52,2,164.759437
-52,2,164.764438
-52,2,164.770439
-52,2,164.776441
-53,3,164.783442
-52,2,164.788444
-52,2,164.794445
-52,2,164.799446
-52,2,164.804447
-52,2,164.809448
-52,2,164.81445
-52,2,164.820451
-52,2,164.825452
-53,3,164.834454
-54,4,164.843456
-52,2,164.850457
-52,2,164.857459
-52,2,164.86246
-52,2,164.867461
-52,2,164.872463
-52,2,164.877463
-54,4,164.888466
-52,2,164.893467
-52,2,164.898468
-52,2,164.903469
-52,2,164.90947
-52,2,164.914472
-52,2,164.920473
-52,2,164.925474
-52,2,164.930475
-52,2,164.935476
-52,2,164.943478
-52,2,164.948479
-52,2,164.953481
-52,2,164.958482
-52,2,164.963482
-52,2,164.969484
-52,2,164.976485
-52,2,164.981486
-52,2,164.987488
-52,2,164.992489
-52,2,164.99749
-52,2,165.002491
-52,2,165.007493
-52,2,165.012494
-54,4,165.021495
-52,2,165.026497
-52,2,165.032498
-52,2,165.037499
-52,2,165.044501
-52,2,165.049502
-52,2,165.054503
-52,2,165.059504
-52,2,165.064505
-52,2,165.069506
-52,2,165.076508
-52,2,165.081509
-52,2,165.08651
-52,2,165.091511
-52,2,165.098513
-52,2,165.103514
-52,2,165.108515
-52,2,165.113516
-52,2,165.118517
-52,2,165.123518
-52,2,165.13052
-52,2,165.135521
-52,2,165.140522
-52,2,165.145524
-52,2,165.150524
-52,2,165.158526
-52,2,165.163527
-52,2,165.168528
-52,2,165.17453
-52,2,165.179531
-52,2,165.184532
-52,2,165.189533
-52,2,165.194534
-52,2,165.199535
-52,2,165.207537
-52,2,165.212538
-52,2,165.217539
-52,2,165.222541
-52,2,165.229542
-52,2,165.234543
-54,4,165.243671
-52,2,165.248672
-52,2,165.254673
-52,2,165.260674
-52,2,165.265676
-52,2,165.271677
-52,2,165.276678
-52,2,165.28368
-52,2,165.288681
-52,2,165.293682
-52,2,165.298683
-52,2,165.303684
-52,2,165.308685
-52,2,165.313686
-52,2,165.319688
-52,2,165.324689
-52,2,165.33069
-52,2,165.338692
-52,2,165.343693
-53,3,165.350695
-52,2,165.356696
-52,2,165.361697
-52,2,165.366698
-52,2,165.371699
-52,2,165.377701
-52,2,165.383702
-52,2,165.388703
-52,2,165.393704
-52,2,165.398705
-52,2,165.403707
-52,2,165.408707
-52,2,165.413709
-52,2,165.41871
-56,6,165.432713
-52,2,165.437714
-52,2,165.442715
-52,2,165.448716
-52,2,165.453717
-52,2,165.458719
-54,4,165.468721
-52,2,165.473722
-52,2,165.478723
-52,2,165.485725
-52,2,165.491726
-52,2,165.496727
-52,2,165.501728
-52,2,165.50673
-52,2,165.51173
-52,2,165.516732
-52,2,165.521733
-53,3,165.529734
-52,2,165.534736
-52,2,165.539737
-52,2,165.546739
-53,3,165.55374
-52,2,165.558742
-52,2,165.563742
-52,2,165.570744
-52,2,165.575745
-52,2,165.580746
-52,2,165.587748
-52,2,165.592749
-52,2,165.597749
-52,2,165.604751
-52,2,165.609752
-52,2,165.614754
-52,2,165.619755
-52,2,165.625756
-53,3,165.632758
-52,2,165.637758
-52,2,165.64276
-52,2,165.647761
-52,2,165.653762
-52,2,165.658763
-52,2,165.663764
-52,2,165.668766
-52,2,165.675767
-52,2,165.680768
-52,2,165.685769
-52,2,165.692771
-52,2,165.697772
-52,2,165.702773
-52,2,165.709775
-52,2,165.714776
-52,2,165.719777
-52,2,165.726779
-52,2,165.73178
-54,4,165.740782
-52,2,165.745783
-52,2,165.751784
-52,2,165.756785
-52,2,165.761786
-54,4,165.771789
-53,3,165.77879
-52,2,165.783791
-52,2,165.788792
-52,2,165.793793
-52,2,165.799795
-52,2,165.804796
-52,2,165.809797
-52,2,165.816798
-52,2,165.8238
-52,2,165.828801
-52,2,165.834802
-52,2,165.841805
-53,3,165.848806
-52,2,165.853807
-52,2,165.858808
-52,2,165.863809
-52,2,165.870811
-52,2,165.876812
-52,2,165.881813
-52,2,165.886814
-53,3,165.893816
-52,2,165.898817
-53,3,165.905818
-52,2,165.91082
-52,2,165.915821
-52,2,165.922822
-52,2,165.927823
-52,2,165.932825
-52,2,165.938826
-52,2,165.943827
-52,2,165.948828
-52,2,165.953829
-52,2,165.959831
-52,2,165.966832
-53,3,165.974834
-52,2,165.979835
-52,2,165.984836
-52,2,165.990838
-52,2,165.997839
-52,2,166.00284
-52,2,166.007841
-52,2,166.012843
-52,2,166.017843
-52,2,166.022845
-52,2,166.029846
-52,2,166.034847
-52,2,166.039849
-52,2,166.04485
-52,2,166.04985
-52,2,166.054852
-57,7,166.072856
-52,2,166.077857
-52,2,166.082858
-52,2,166.087859
-52,2,166.09386
-52,2,166.098861
-52,2,166.103863
-52,2,166.108864
-52,2,166.113865
-52,2,166.121866
-52,2,166.126868
-53,3,166.133869
-52,2,166.13887
-52,2,166.143872
-52,2,166.148873
-52,2,166.154874
-52,2,166.160875
-52,2,166.165876
-52,2,166.170878
-52,2,166.175879
-52,2,166.18088
-52,2,166.185881
-52,2,166.190882
-52,2,166.196883
-52,2,166.203885
-52,2,166.208886
-52,2,166.213887
-52,2,166.219888
-52,2,166.22689
-52,2,166.231891
-52,2,166.236892
-52,2,166.241893
-52,2,166.247006
-52,2,166.253004
-52,2,166.258005
-52,2,166.263006
-52,2,166.268007
-52,2,166.273008
-52,2,166.278009
-52,2,166.284011
-53,3,166.291012
-52,2,166.296013
-52,2,166.302015
-52,2,166.307016
-52,2,166.312017
-53,3,166.319019
-52,2,166.32402
-52,2,166.331021
-52,2,166.336022
-52,2,166.342024
-53,3,166.349025
-52,2,166.355027
-53,3,166.362028
-52,2,166.367029
-52,2,166.37203
-52,2,166.377031
-54,4,166.386034
-52,2,166.392035
-52,2,166.397036
-52,2,166.403037
-52,2,166.408038
-52,2,166.41404
-52,2,166.419041
-52,2,166.427043
-52,2,166.432044
-52,2,166.438045
-52,2,166.443047
-52,2,166.450047
-52,2,166.455049
-52,2,166.46005
-52,2,166.466051
-52,2,166.471052
-53,3,166.478054
-52,2,166.483055
-52,2,166.488056
-52,2,166.494057
-52,2,166.500059
-52,2,166.50506
-52,2,166.510061
-52,2,166.515062
-52,2,166.520063
-52,2,166.525064
-52,2,166.531066
-52,2,166.536067
-52,2,166.542068
-52,2,166.548069
-52,2,166.555071
-52,2,166.560072
-52,2,166.565074
-52,2,166.570075
-52,2,166.575076
-52,2,166.580077
-52,2,166.586078
-52,2,166.591079
-52,2,166.59608
-52,2,166.601081
-52,2,166.606083
-56,6,166.620085
-52,2,166.625087
-52,2,166.630088
-52,2,166.635089
-52,2,167.436268
-52,2,167.442269
-52,2,167.44727
-52,2,167.453271
-52,2,167.458273
-52,2,167.464274
-52,2,167.469275
-52,2,167.475277
-52,2,167.480278
-52,2,167.485279
-52,2,167.49028
-52,2,167.498282
-52,2,167.503283
-52,2,167.508284
-52,2,167.513285
-52,2,167.518286
-52,2,167.523288
-52,2,167.528288
-52,2,167.53629
-52,2,167.541291
-52,2,167.547293
-52,2,167.552294
-52,2,167.557295
-52,2,167.565296
-52,2,167.570298
-52,2,167.575299
-54,4,167.585302
-52,2,167.590302
-52,2,167.595303
-52,2,167.60092
-52,2,167.605424
-52,2,167.610425
-52,2,167.618427
-52,2,167.623429
-52,2,167.628429
-52,2,167.633431
-52,2,167.640432
-52,2,167.645433
-55,5,167.657436
-52,2,167.662437
-52,2,167.667438
-52,2,167.67344
-52,2,167.678441
-52,2,167.683442
-52,2,167.688443
-52,2,167.693444
-52,2,167.699445
-52,2,167.704447
-52,2,167.709447
-52,2,167.714448
-52,2,167.71945
-52,2,167.727452
-52,2,167.733453
-52,2,167.738454
-52,2,167.743455
-52,2,167.748456
-52,2,167.753458
-52,2,167.758459
-52,2,167.76346
-52,2,167.768461
-52,2,167.773463
-52,2,167.779463
-52,2,167.784464
-52,2,167.792466
-52,2,167.797467
-52,2,167.802469
-52,2,167.80747
-52,2,167.81247
-52,2,167.818472
-52,2,167.823473
-52,2,167.829475
-52,2,167.836476
-52,2,167.842477
-52,2,167.849479
-52,2,167.85448
-52,2,167.859481
-52,2,167.864482
-52,2,167.869483
-52,2,167.875485
-52,2,167.880486
-52,2,167.885487
-52,2,167.890488
-52,2,167.896489
-52,2,167.90249
-52,2,167.909492
-52,2,167.914493
-52,2,167.919494
-52,2,167.924495
-52,2,167.929497
-52,2,167.934498
-52,2,167.940499
-52,2,167.946501
-53,3,167.954502
-52,2,167.959503
-52,2,167.964504
-52,2,167.971506
-52,2,167.976507
-52,2,167.981508
-52,2,167.986509
-53,3,167.994511
-52,2,168.002514
-52,2,168.009514
-52,2,168.014516
-52,2,168.019517
-52,2,168.025518
-52,2,168.030519
-52,2,168.035521
-52,2,168.042522
-52,2,168.047523
-52,2,168.053525
-52,2,168.058526
-52,2,168.063527
-52,2,168.068528
-52,2,168.074529
-53,3,168.082531
-52,2,168.089532
-52,2,168.095534
-52,2,168.100535
-52,2,168.105536
-52,2,168.112538
-52,2,168.118539
-52,2,168.123541
-52,2,168.128541
-52,2,168.133543
-52,2,168.138543
-59,9,168.159548
-52,2,168.165549
-52,2,168.17055
-52,2,168.175552
-52,2,168.180552
-52,2,168.185554
-52,2,168.190555
-52,2,168.195556
-52,2,168.200557
-52,2,168.205559
-52,2,168.210559
-52,2,168.217561
-52,2,168.223562
-52,2,168.228563
-52,2,168.233565
-52,2,168.238565
-52,2,168.243567
-52,2,168.248568
-52,2,168.253569
-52,2,168.25857
-52,2,168.263571
-59,9,168.284576
-52,2,168.289577
-52,2,168.294578
-52,2,168.299579
-52,2,168.305581
-52,2,168.310582
-52,2,168.315583
-52,2,168.320584
-52,2,168.325585
-52,2,168.330586
-52,2,168.335588
-52,2,168.340588
-52,2,168.34759
-52,2,168.352591
-52,2,168.358592
-52,2,168.363594
-52,2,168.368595
-52,2,168.374596
-52,2,168.380597
-52,2,168.385598
-54,4,168.396601
-52,2,168.401602
-52,2,168.408603
-52,2,168.415605
-52,2,168.420606
-52,2,168.425608
-52,2,168.433609
-52,2,168.43961
-53,3,168.446612
-53,3,168.453614
-52,2,168.460615
-52,2,168.465616
-52,2,168.470618
-52,2,168.476619
-52,2,168.48162
-52,2,168.486621
-52,2,168.491622
-52,2,168.496624
-52,2,168.501624
-52,2,168.506626
-52,2,168.511626
-52,2,168.516628
-52,2,168.521629
-52,2,168.52963
-52,2,168.534631
-52,2,168.539633
-52,2,168.544634
-52,2,168.549635
-52,2,168.554636
-52,2,168.560638
-52,2,168.567639
-52,2,168.574641
-53,3,168.581642
-52,2,168.586643
-52,2,168.591644
-52,2,168.596645
-52,2,168.601647
-52,2,168.606648
-52,2,168.612649
-52,2,168.61765
-52,2,168.622651
-52,2,168.627652
-52,2,168.634654
-52,2,168.640656
-52,2,168.645657
-52,2,168.650658
-52,2,168.657659
-52,2,168.66266
-52,2,168.667661
-52,2,168.672663
-52,2,168.679664
-52,2,168.684665
-52,2,168.689666
-52,2,168.694667
-52,2,168.700669
-52,2,168.70567
-52,2,168.710671
-52,2,168.716672
-52,2,168.723675
-52,2,168.728675
-52,2,168.734676
-52,2,168.740677
-53,3,168.75068
-52,2,168.755681
-52,2,168.763683
-52,2,168.768684
-52,2,168.773685
-52,2,168.778686
-52,2,168.783688
-52,2,168.788688
-52,2,168.79369
-52,2,168.79869
-52,2,168.804692
-52,2,168.809693
-52,2,168.814694
-52,2,168.819695
-52,2,168.825697
-52,2,168.830698
-52,2,168.835699
-52,2,168.8407
-52,2,168.846701
-52,2,168.851702
-52,2,168.856703
-52,2,168.863706
-52,2,168.868706
-52,2,168.873707
-52,2,168.878708
-52,2,168.88471
-52,2,168.889711
-52,2,168.894712
-56,6,168.908715
-52,2,168.913717
-52,2,168.918717
-52,2,168.923719
-52,2,168.92972
-52,2,168.934721
-52,2,168.940722
-53,3,168.948724
-52,2,168.953725
-52,2,168.958726
-52,2,168.963727
-52,2,168.968728
-52,2,168.975739
-52,2,168.983735
-52,2,168.988736
-52,2,168.993737
-52,2,168.998738
-52,2,169.003739
-52,2,169.00974
-52,2,169.014742
-52,2,169.020743
-52,2,169.025744
-52,2,169.030745
-52,2,169.035746
-52,2,169.040747
-52,2,169.046748
-52,2,169.05175
-52,2,169.056751
-52,2,169.061752
-52,2,169.066753
-52,2,169.071755
-52,2,169.078756
-52,2,169.084757
-52,2,169.089758
-52,2,169.094759
-52,2,169.099761
-53,3,169.107762
-52,2,169.114764
-53,3,169.122766
-52,2,169.127767
-52,2,169.132768
-52,2,169.14077
-52,2,169.145771
-52,2,169.150772
-52,2,169.156774
-52,2,169.161774
-52,2,169.166775
-52,2,169.171777
-52,2,169.176778
-52,2,169.181779
-52,2,169.18678
-52,2,169.191781
-52,2,169.196782
-52,2,169.201783
-52,2,169.207784
-52,2,169.212786
-52,2,169.219787
-52,2,169.224788
-52,2,169.22979
-52,2,169.234791
-52,2,169.240793
-52,2,169.245793
-52,2,169.251795
-53,3,169.259796
-52,2,169.264797
-52,2,169.270798
-52,2,169.2758
-52,2,169.280801
-52,2,169.285802
-52,2,169.290804
-52,2,169.295804
-54,4,169.305807
-52,2,169.310808
-52,2,169.315809
-52,2,169.32081
-52,2,169.325811
-52,2,169.331812
-52,2,169.336814
-52,2,169.341815
-52,2,169.347816
-52,2,169.352817
-52,2,169.357818
-52,2,169.36382
-52,2,169.370821
-54,4,169.380823
-52,2,169.385825
-52,2,169.390825
-52,2,169.395827
-52,2,169.400828
-52,2,169.405829
-52,2,169.41083
-52,2,169.415831
-54,4,169.425833
-52,2,169.430834
-52,2,169.435836
-52,2,169.440837
-52,2,169.445838
-52,2,169.450839
-52,2,169.45584
-53,3,169.463842
-52,2,169.468843
-52,2,169.473845
-52,2,169.478845
-52,2,169.483846
-52,2,169.488847
-52,2,169.493848
-52,2,169.50085
-52,2,169.506851
-53,3,169.513853
-52,2,169.518854
-52,2,169.523855
-52,2,169.530857
-53,3,169.538859
-52,2,169.545861
-52,2,169.550861
-52,2,169.555862
-52,2,169.560863
-52,2,169.565865
-52,2,169.570865
-52,2,169.576867
-52,2,169.581868
-53,3,169.588869
-52,2,169.593871
-53,3,169.600872
-52,2,169.607874
-52,2,169.612875
-52,2,169.618876
-53,3,169.625878
-52,2,169.630879
-52,2,169.63588
-52,2,169.643882
-52,2,169.648883
-52,2,169.654884
-52,2,169.660886
-52,2,169.666887
-52,2,169.671888
-52,2,169.67689
-52,2,169.68189
-52,2,169.686891
-52,2,169.691893
-52,2,169.698894
-52,2,169.704896
-52,2,169.709897
-52,2,169.714898
-52,2,169.719899
-52,2,169.7249
-52,2,169.729901
-52,2,169.734902
-52,2,169.739903
-52,2,169.745905
-52,2,169.750906
-52,2,169.756908
-52,2,169.761908
-52,2,169.766909
-52,2,169.77191
-52,2,169.776911
-52,2,169.782913
-52,2,169.787914
-52,2,169.792915
-52,2,169.797916
-52,2,169.805918
-52,2,169.811919
-52,2,169.816921
-52,2,169.821922
-52,2,169.826923
-52,2,169.831924
-52,2,169.837925
-52,2,169.842926
-52,2,169.847927
-52,2,169.852929
-52,2,169.85993
-52,2,169.864931
-52,2,169.869932
-52,2,169.874933
-52,2,169.880935
-52,2,169.885936
-52,2,169.890937
-53,3,169.898939
-52,2,169.90394
-52,2,169.908941
-52,2,169.913942
-52,2,169.918943
-52,2,169.923945
-54,4,169.933947
-52,2,169.939948
-52,2,169.94595
-53,3,169.954951
-52,2,169.959952
-52,2,169.966954
-52,2,169.971955
-52,2,169.976956
-52,2,169.982957
-52,2,169.988959
-52,2,169.99496
-52,2,170.000962
-53,3,170.007963
-52,2,170.013965
-52,2,170.018965
-52,2,170.023967
-52,2,170.028968
-52,2,170.033969
-52,2,170.039971
-52,2,170.044972
-52,2,170.049973
-52,2,170.054974
-52,2,170.059975
-52,2,170.064976
-54,4,170.076979
-54,4,170.086981
-52,2,170.091982
-52,2,170.096983
-52,2,170.101984
-52,2,170.106985
-52,2,170.111986
-52,2,170.118988
-52,2,170.123989
-52,2,170.12899
-52,2,170.134992
-52,2,170.141993
-52,2,170.146994
-52,2,170.151995
-52,2,170.156997
-52,2,170.164998
-52,2,170.169999
-52,2,170.175
-52,2,170.180001
-52,2,170.185003
-52,2,170.190004
-52,2,170.195005
-54,4,170.205007
-52,2,170.213009
-52,2,170.21801
-52,2,170.223011
-56,6,170.237015
-52,2,170.244016
-52,2,170.249017
-52,2,170.255018
-52,2,170.260019
-52,2,170.26502
-52,2,170.271022
-52,2,170.276023
-52,2,170.281024
-52,2,170.286025
-52,2,170.291026
-52,2,170.297028
-52,2,170.302029
-52,2,170.30703
-52,2,170.314032
-52,2,170.319032
-52,2,170.324034
-52,2,170.329035
-52,2,170.334038
-52,2,170.34104
-52,2,170.348042
-52,2,170.354043
-52,2,170.359044
-52,2,170.364045
-52,2,170.369046
-52,2,170.374048
-52,2,170.379048
-52,2,170.38505
-52,2,170.390051
-52,2,170.395052
-52,2,170.400053
-52,2,170.405055
-52,2,170.410055
-52,2,170.417057
-52,2,170.424059
-52,2,170.42906
-52,2,170.434061
-52,2,170.440063
-52,2,170.445064
-52,2,170.450064
-53,3,170.457066
-52,2,170.462067
-52,2,170.467068
-52,2,170.47207
-52,2,170.477071
-52,2,170.483072
-52,2,170.488073
-52,2,170.493074
-52,2,170.500075
-52,2,170.505077
-52,2,170.511078
-52,2,170.517079
-52,2,170.52208
-52,2,170.527081
-52,2,170.532083
-52,2,170.537084
-52,2,170.542085
-52,2,170.547086
-52,2,170.554087
-52,2,170.559088
-52,2,170.56509
-52,2,170.570091
-52,2,170.575092
-52,2,170.580093
-52,2,170.585094
-52,2,170.591096
-52,2,170.596097
-52,2,170.601098
-55,5,170.612101
-52,2,170.617102
-52,2,170.623103
-52,2,170.629104
-52,2,170.634106
-52,2,170.639106
-52,2,170.645108
-52,2,170.651109
-52,2,170.657111
-52,2,170.662112
-52,2,170.667113
-52,2,170.672114
-52,2,170.678115
-52,2,170.683116
-52,2,170.688117
-52,2,170.693119
-52,2,170.69812
-52,2,170.703121
-52,2,170.708122
-52,2,170.715123
-52,2,170.720125
-52,2,170.725126
-52,2,170.731127
-52,2,170.736129
-53,3,170.74313
-52,2,170.749131
-54,4,170.758133
-52,2,170.763134
-53,3,170.771136
-52,2,170.778137
-52,2,170.785139
-52,2,170.79014
-54,4,170.800142
-52,2,170.805144
-52,2,170.810145
-52,2,170.815146
-52,2,170.820147
-53,3,170.828149
-52,2,170.83315
-52,2,170.838151
-53,3,170.845153
-53,3,170.852154
-52,2,170.857155
-52,2,170.862156
-52,2,170.868158
-52,2,170.873158
-52,2,170.87816
-52,2,170.883161
-52,2,170.888162
-52,2,170.893163
-52,2,170.899164
-52,2,170.904166
-52,2,170.910167
-52,2,170.915168
-52,2,170.920169
-53,3,170.928171
-53,3,170.935173
-54,4,170.945175
-52,2,170.951176
-52,2,170.956178
-52,2,170.961179
-52,2,170.96618
-52,2,170.97118
-52,2,170.976182
-52,2,170.981183
-52,2,170.986184
-52,2,170.991185
-52,2,170.999187
-52,2,171.005188
-53,3,171.01219
-52,2,171.017191
-52,2,171.022192
-52,2,171.027193
-52,2,171.033194
-52,2,171.038196
-52,2,171.043197
-52,2,171.048198
-52,2,171.053199
-52,2,171.0582
-52,2,171.063201
-52,2,171.068203
-52,2,171.074204
-52,2,171.079205
-52,2,171.085206
-52,2,171.090207
-53,3,171.097209
-52,2,171.10321
-52,2,171.109211
-52,2,171.115213
-52,2,171.120214
-52,2,171.125215
-52,2,171.130216
-52,2,171.137218
-52,2,171.142219
-52,2,171.147219
-53,3,171.155222
-54,4,171.165224
-52,2,171.171225
-52,2,171.177227
-52,2,171.182228
-52,2,171.187229
-52,2,171.19423
-52,2,171.199232
-52,2,171.204233
-52,2,171.209234
-52,2,171.214235
-52,2,171.221236
-52,2,171.226238
-52,2,171.231238
-52,2,171.23624
-52,2,171.241241
-52,2,171.246242
-52,2,171.251243
-52,2,171.257245
-52,2,171.263246
-52,2,171.268247
-52,2,171.273248
-52,2,171.278249
-52,2,171.28325
-52,2,171.288251
-52,2,171.293252
-52,2,171.299254
-52,2,171.304255
-52,2,171.309256
-52,2,171.314257
-52,2,171.319258
-52,2,171.32426
-52,2,171.32926
-52,2,171.335262
-52,2,171.342263
-54,4,171.352266
-53,3,171.359267
-52,2,171.365268
-52,2,171.37027
-52,2,171.375271
-52,2,171.380272
-52,2,171.387274
-53,3,171.395275
-52,2,171.401277
-52,2,171.406278
-52,2,171.412279
-52,2,171.41728
-52,2,171.422281
-52,2,171.428282
-52,2,171.433284
-52,2,171.438285
-52,2,171.443286
-52,2,171.448287
-52,2,171.453288
-52,2,171.46129
-52,2,171.466291
-54,4,171.475293
-52,2,171.480294
-52,2,171.485295
-52,2,171.490296
-52,2,171.496298
-52,2,171.501299
-52,2,171.5073
-52,2,171.512301
-52,2,171.517302
-52,2,171.522304
-52,2,171.528305
-52,2,171.534306
-52,2,171.539307
-52,2,171.544309
-52,2,171.549309
-52,2,171.554311
-52,2,171.560312
-54,4,171.571314
-52,2,171.576316
-52,2,171.581317
-52,2,171.588319
-52,2,171.59332
-52,2,171.59832
-52,2,171.603321
-52,2,171.609324
-52,2,171.616325
-52,2,171.622326
-52,2,171.627327
-52,2,171.632328
-52,2,171.639329
-52,2,171.644331
-52,2,171.651332
-52,2,171.656334
-52,2,171.661334
-52,2,171.667336
-52,2,171.672337
-52,2,171.677338
-52,2,171.682339
-52,2,171.68734
-52,2,171.692476
-52,2,171.697477
-52,2,171.704479
-52,2,171.70948
-52,2,171.714481
-52,2,171.720483
-52,2,171.725483
-52,2,171.730484
-52,2,171.735485
-52,2,171.743487
-52,2,171.748488
-52,2,171.753489
-52,2,171.75849
-52,2,171.763491
-52,2,171.769493
-52,2,171.774494
-52,2,171.779495
-53,3,171.786497
-52,2,171.794499
-52,2,171.8015
-52,2,171.806501
-52,2,171.814503
-52,2,171.819504
-52,2,171.824505
-52,2,171.831507
-52,2,171.838508
-52,2,171.84351
-52,2,171.851511
-52,2,171.858513
-53,3,171.865514
-52,2,171.872516
-52,2,171.877517
-53,3,171.884519
-52,2,171.88952
-52,2,171.894521
-52,2,171.900522
-52,2,171.905523
-52,2,171.910524
-52,2,171.915525
-52,2,171.920527
-52,2,171.925528
-52,2,171.930529
-52,2,171.93553
-52,2,171.940531
-52,2,171.946533
-52,2,171.951534
-52,2,171.956535
-52,2,171.963536
-52,2,171.968537
-52,2,171.973539
-52,2,171.978539
-52,2,171.983541
-52,2,171.988542
-52,2,171.993543
-54,4,172.003545
-52,2,172.008546
-52,2,172.013547
-52,2,172.018548
-52,2,172.02555
-52,2,172.031551
-52,2,172.036553
-52,2,172.041554
-52,2,172.046555
-52,2,172.051556
-52,2,172.056557
-52,2,172.061558
-52,2,172.06656
-52,2,172.071561
-52,2,172.077562
-52,2,172.084563
-52,2,172.089564
-54,4,172.102567
-52,2,172.107568
-52,2,172.112569
-52,2,172.11757
-52,2,172.125572
-52,2,172.130573
-52,2,172.135575
-52,2,172.140577
-52,2,172.145577
-52,2,172.150578
-52,2,172.155579
-52,2,172.16158
-52,2,172.166582
-52,2,172.171582
-52,2,172.178584
-52,2,172.183585
-52,2,172.188586
-52,2,172.193587
-52,2,172.198589
-52,2,172.20359
-52,2,172.209591
-52,2,172.214593
-52,2,172.219593
-52,2,172.224595
-52,2,172.229595
-52,2,172.234597
-52,2,172.239598
-52,2,172.245599
-52,2,172.253601
-52,2,172.258602
-52,2,172.263603
-52,2,172.268604
-52,2,172.273606
-52,2,172.279607
-52,2,172.284608
-52,2,172.289609
-52,2,172.294611
-52,2,172.300611
-52,2,172.305613
-52,2,172.310614
-52,2,172.315614
-52,2,172.320616
-52,2,172.326618
-52,2,172.331618
-52,2,172.336619
-52,2,172.343621
-53,3,172.350622
-52,2,172.355623
-52,2,172.362625
-52,2,172.367626
-52,2,172.372627
-52,2,172.378629
-52,2,172.38363
-52,2,172.388631
-52,2,172.393632
-52,2,172.399633
-52,2,172.405635
-52,2,172.410636
-52,2,172.416638
-52,2,172.421638
-52,2,172.42664
-52,2,172.431641
-52,2,172.438643
-52,2,172.443643
-52,2,172.448644
-52,2,172.453645
-52,2,172.458647
-52,2,172.463648
-52,2,172.468649
-52,2,172.47465
-52,2,172.479651
-52,2,172.485652
-52,2,172.490654
-52,2,172.495655
-52,2,172.500656
-52,2,172.505657
-52,2,172.510658
-52,2,172.515659
-52,2,172.520661
-52,2,172.525662
-59,9,172.546666
-52,2,172.552667
-53,3,172.560669
-52,2,172.566671
-52,2,172.571672
-52,2,172.576673
-52,2,172.581674
-52,2,172.586675
-52,2,172.592676
-52,2,172.597677
-53,3,172.60468
-52,2,172.60968
-52,2,172.614682
-52,2,172.620683
-52,2,172.625684
-52,2,172.630686
-52,2,172.635686
-52,2,172.642688
-52,2,172.648689
-52,2,172.65369
-52,2,172.658691
-52,2,172.663692
-53,3,172.670694
-52,2,172.676696
-52,2,172.681696
-52,2,172.687698
-54,4,172.697224
-52,2,172.702225
-52,2,172.708226
-52,2,172.713227
-52,2,172.718228
-52,2,172.72323
-52,2,172.728231
-52,2,172.733232
-52,2,172.738233
-52,2,172.743234
-52,2,172.748235
-52,2,172.754236
-52,2,172.760238
-52,2,172.765239
-52,2,172.77224
-55,5,172.783243
-55,5,172.795246
-52,2,172.800247
-52,2,172.805248
-52,2,172.810249
-52,2,172.81525
-52,2,172.822252
-52,2,172.827253
-52,2,172.834254
-52,2,172.839255
-52,2,172.844256
-52,2,172.849258
-52,2,172.854259
-52,2,172.85926
-52,2,172.864261
-52,2,172.869262
-52,2,172.875264
-52,2,172.881265
-52,2,172.886266
-52,2,172.891267
-52,2,172.896268
-53,3,172.90427
-52,2,172.909271
-52,2,172.914272
-52,2,172.919273
-52,2,173.724588
-52,2,173.730591
-53,3,173.737591
-52,2,173.743593
-52,2,173.748594
-52,2,173.753595
-52,2,173.758596
-52,2,173.763717
-52,2,173.769718
-52,2,173.77572
-52,2,173.780721
-52,2,173.785722
-52,2,173.790723
-52,2,173.796725
-52,2,173.801726
-52,2,173.806727
-52,2,173.811728
-52,2,173.816729
-52,2,173.82173
-52,2,173.826732
-52,2,173.831732
-52,2,173.836733
-54,4,173.846735
-52,2,173.851737
-52,2,173.857738
-52,2,173.862739
-52,2,173.86774
-53,3,173.875742
-52,2,173.880743
-52,2,173.885745
-52,2,173.890746
-52,2,173.895747
-52,2,173.900748
-52,2,173.906749
-52,2,173.91175
-52,2,173.916751
-52,2,173.921752
-52,2,173.926753
-52,2,173.932755
-53,3,173.943757
-52,2,173.948758
-52,2,173.95376
-52,2,173.95876
-52,2,173.964762
-52,2,173.969764
-52,2,173.975765
-52,2,173.980766
-52,2,173.985767
-53,3,173.992768
-52,2,173.99877
-52,2,174.00377
-52,2,174.008772
-52,2,174.016773
-52,2,174.022775
-52,2,174.029776
-52,2,174.035778
-52,2,174.041779
-52,2,174.04678
-52,2,174.051781
-52,2,174.056783
-52,2,174.062784
-52,2,174.067785
-52,2,174.072786
-52,2,174.077787
-52,2,174.082788
-52,2,174.08779
-52,2,174.09279
-52,2,174.097792
-52,2,174.103793
-52,2,174.108794
-52,2,174.113795
-52,2,174.118796
-52,2,174.123797
-52,2,174.128799
-52,2,174.133799
-52,2,174.138801
-52,2,174.144802
-52,2,174.149803
-52,2,174.154804
-52,2,174.159806
-53,3,174.166807
-52,2,174.171808
-52,2,174.17681
-52,2,174.18181
-52,2,174.186811
-52,2,174.192813
-52,2,174.197814
-52,2,174.202815
-52,2,174.207816
-52,2,174.213405
-52,2,174.218406
-52,2,174.223407
-52,2,174.228408
-52,2,174.235409
-52,2,174.240411
-52,2,174.246412
-52,2,174.251413
-52,2,174.256414
-52,2,174.263416
-52,2,174.268417
-52,2,174.273418
-53,3,174.28142
-52,2,174.286421
-52,2,174.291422
-52,2,174.296423
-52,2,174.302425
-52,2,174.308426
-52,2,174.313427
-52,2,174.318428
-52,2,174.323429
-52,2,174.32843
-52,2,174.333431
-52,2,174.339433
-54,4,174.348435
-52,2,174.354436
-52,2,174.360437
-52,2,174.365438
-52,2,174.37044
-52,2,174.375441
-52,2,174.383443
-54,4,174.393445
-52,2,174.398446
-52,2,174.403447
-52,2,174.409448
-52,2,174.414584
-52,2,174.420582
-52,2,174.426583
-52,2,174.431584
-52,2,174.436586
-52,2,174.441586
-52,2,174.446588
-52,2,174.451589
-52,2,174.456591
-52,2,174.461592
-52,2,174.466593
-52,2,174.471593
-52,2,174.477595
-52,2,174.482596
-52,2,174.487597
-52,2,174.494598
-52,2,174.499599
-52,2,174.504601
-52,2,174.509602
-52,2,174.514603
-52,2,174.519604
-52,2,174.524605
-52,2,174.529607
-52,2,174.534607
-52,2,174.540609
-52,2,174.54661
-52,2,174.551611
-52,2,174.556612
-53,3,174.564614
-52,2,174.569615
-52,2,174.574616
-52,2,174.579617
-52,2,174.584619
-52,2,174.58962
-53,3,174.597622
-52,2,174.602623
-52,2,174.607624
-52,2,174.613625
-52,2,174.618626
-52,2,174.624628
-52,2,174.629629
-52,2,174.63463
-52,2,174.639631
-52,2,174.644632
-52,2,174.649634
-52,2,174.654634
-52,2,174.659635
-53,3,174.666637
-52,2,174.672638
-52,2,174.677639
-52,2,174.682641
-52,2,174.687641
-52,2,174.692643
-52,2,174.697644
-52,2,174.702645
-52,2,174.707646
-52,2,174.712647
-52,2,174.720649
-52,2,174.72565
-52,2,174.730651
-52,2,174.736653
-52,2,174.741654
-52,2,174.747655
-52,2,174.752656
-52,2,174.759658
-52,2,174.764659
-52,2,174.76966
-52,2,174.775661
-52,2,174.780663
-52,2,174.785664
-52,2,174.790664
-52,2,174.795666
-52,2,174.800667
-52,2,174.806668
-52,2,174.81167
-52,2,174.81667
-52,2,174.821671
-52,2,174.826673
-52,2,174.831674
-52,2,174.836675
-52,2,174.841676
-69,19,174.884686
-52,2,174.890687
-52,2,174.896688
-52,2,174.902689
-52,2,174.907691
-52,2,174.912692
-52,2,174.918693
-52,2,174.924695
-52,2,174.929696
-52,2,174.934696
-52,2,174.940698
-52,2,174.945699
-53,3,174.952701
-52,2,174.959702
-52,2,174.964703
-52,2,174.969705
-52,2,174.977707
-53,3,174.985708
-52,2,174.991709
-52,2,174.997711
-52,2,175.002712
-52,2,175.008713
-52,2,175.014714
-53,3,175.021716
-52,2,175.029718
-52,2,175.034719
-52,2,175.039721
-52,2,175.047722
-52,2,175.052723
-52,2,175.059724
-52,2,175.064726
-52,2,175.069727
-52,2,175.076729
-52,2,175.08273
-53,3,175.089731
-52,2,175.094732
-52,2,175.102734
-52,2,175.109736
-52,2,175.114737
-52,2,175.119738
-53,3,175.12974
-52,2,175.136742
-52,2,175.142743
-52,2,175.147744
-52,2,175.152745
-52,2,175.157746
-52,2,175.162748
-52,2,175.169749
-52,2,175.17475
-52,2,175.179751
-53,3,175.186753
-53,3,175.194755
-52,2,175.199756
-52,2,175.204757
-52,2,175.209758
-52,2,175.214759
-52,2,175.220761
-52,2,175.225762
-54,4,175.236764
-54,4,175.245766
-52,2,175.251767
-52,2,175.256768
-52,2,175.26277
-57,7,175.279774
-52,2,175.284775
-52,2,175.290776
-52,2,175.295777
-52,2,175.302779
-52,2,175.30778
-52,2,175.315781
-52,2,175.322783
-52,2,175.328785
-53,3,175.335786
-52,2,175.340787
-52,2,175.347789
-52,2,175.35279
-52,2,175.359792
-54,4,175.369794
-52,2,175.374795
-52,2,175.379796
-52,2,175.384797
-52,2,175.389798
-52,2,175.394799
-52,2,175.3998
-52,2,175.404947
-53,3,175.411948
-52,2,175.41695
-52,2,175.422951
-52,2,175.427952
-52,2,175.435954
-52,2,175.440955
-52,2,175.445956
-52,2,175.450957
-52,2,175.456959
-52,2,175.461959
-52,2,175.469963
-52,2,175.474962
-52,2,175.479964
-52,2,175.484964
-52,2,175.489966
-52,2,175.495967
-54,4,175.50497
-52,2,175.50997
-52,2,175.514971
-54,4,175.525974
-52,2,175.530975
-52,2,175.535976
-52,2,175.543978
-52,2,175.549979
-52,2,175.55598
-52,2,175.560982
-52,2,175.566983
-52,2,175.571985
-52,2,175.576986
-52,2,175.582987
-52,2,175.589988
-52,2,175.595989
-52,2,175.60099
-52,2,175.605992
-52,2,175.610992
-52,2,175.617994
-52,2,175.622996
-52,2,175.628997
-52,2,175.634998
-52,2,175.639999
-52,2,175.645
-52,2,175.650002
-52,2,175.655002
-52,2,175.660004
-52,2,175.665005
-52,2,175.672006
-52,2,175.677008
-55,5,175.69001
-52,2,175.695011
-53,3,175.702013
-52,2,175.707014
-52,2,175.712015
-52,2,175.718017
-53,3,175.725018
-52,2,175.73002
-52,2,175.73502
-52,2,175.741022
-52,2,175.748024
-52,2,175.753025
-52,2,175.758026
-52,2,175.763026
-52,2,175.768028
-52,2,175.773029
-52,2,175.77903
-53,3,175.786143
-52,2,175.792145
-52,2,175.797146
-54,4,175.807148
-52,2,175.812149
-52,2,175.817151
-52,2,175.822151
-52,2,175.827153
-52,2,175.832153
-52,2,175.837155
-52,2,175.842156
-52,2,175.848157
-52,2,175.854158
-52,2,175.859159
-52,2,175.864161
-52,2,175.869162
-52,2,175.874163
-52,2,175.879164
-52,2,175.886165
-52,2,175.891166
-52,2,175.898168
-52,2,175.903169
-54,4,175.912171
-52,2,175.917172
-52,2,175.923173
-52,2,175.928175
-52,2,175.933176
-52,2,175.938177
-52,2,175.943179
-52,2,175.95118
-52,2,175.956182
-52,2,175.961182
-52,2,175.966183
-54,4,175.976186
-52,2,175.982187
-52,2,175.987188
-56,6,176.000191
-52,2,176.007193
-52,2,176.012194
-52,2,176.017195
-52,2,176.022196
-52,2,176.027197
-52,2,176.032198
-52,2,176.037199
-52,2,176.0432
-52,2,176.048202
-52,2,176.053202
-52,2,176.058204
-52,2,176.063205
-52,2,176.068206
-52,2,176.076208
-52,2,176.081209
-52,2,176.08621
-52,2,176.092211
-52,2,176.097213
-52,2,176.102214
-52,2,176.107215
-52,2,176.112216
-52,2,176.117217
-52,2,176.122218
-52,2,176.127219
-52,2,176.13222
-52,2,176.137221
-52,2,176.143223
-52,2,176.148224
-52,2,176.153225
-52,2,176.158226
-52,2,176.163227
-52,2,176.168229
-52,2,176.173229
-52,2,176.17823
-52,2,176.183232
-53,3,176.190233
-56,6,176.204236
-52,2,176.209238
-52,2,176.214239
-52,2,176.22124
-52,2,176.226241
-52,2,176.231242
-52,2,176.237244
-52,2,176.243245
-53,3,176.251247
-52,2,176.259249
-52,2,176.26425
-52,2,176.269252
-52,2,176.274252
-52,2,176.279253
-52,2,176.285254
-52,2,176.290256
-52,2,176.295257
-52,2,176.300258
-52,2,176.305259
-52,2,176.312261
-52,2,176.317262
-52,2,176.322263
-52,2,176.328264
-52,2,176.334265
-52,2,176.340267
-52,2,176.346268
-52,2,176.351269
-52,2,176.357271
-52,2,176.362272
-52,2,176.367273
-52,2,176.372274
-52,2,176.380276
-54,4,176.390278
-52,2,176.395279
-52,2,176.401281
-52,2,176.406281
-52,2,176.412283
-52,2,176.417284
-52,2,176.422285
-52,2,176.427286
-52,2,176.433287
-52,2,176.438288
-52,2,176.44329
-52,2,176.450291
-52,2,176.456293
-52,2,176.461294
-52,2,176.466295
-52,2,176.471296
-53,3,176.478297
-52,2,176.483299
-54,4,176.493301
-52,2,176.499302
-53,3,176.506304
-52,2,176.511305
-52,2,176.516306
-52,2,176.521307
-52,2,176.526309
-52,2,176.531309
-52,2,176.537311
-52,2,176.542312
-53,3,176.549314
-52,2,176.554314
-52,2,176.559316
-52,2,176.564317
-53,3,176.572319
-52,2,176.57732
-52,2,176.582321
-52,2,176.588323
-54,4,176.597324
-52,2,176.603326
-52,2,176.608326
-52,2,176.613328
-52,2,176.618329
-52,2,176.62333
-52,2,176.629332
-52,2,176.635332
-52,2,176.642334
-52,2,176.647335
-52,2,176.652336
-52,2,176.657338
-52,2,176.662338
-52,2,176.66734
-53,3,176.675341
-52,2,176.681343
-52,2,176.686344
-52,2,176.691345
-52,2,176.696347
-52,2,176.702347
-52,2,176.707349
-52,2,176.71235
-52,2,176.717351
-53,3,176.724353
-52,2,176.731354
-52,2,176.737355
-52,2,176.742356
-52,2,176.747358
-52,2,176.752358
-52,2,176.75736
-52,2,176.762361
-52,2,176.768362
-52,2,176.773363
-52,2,176.778364
-52,2,176.784366
-54,4,176.794368
-52,2,176.799369
-52,2,176.80437
-52,2,176.809371
-52,2,176.814373
-52,2,176.819374
-52,2,176.825375
-52,2,176.830376
-52,2,176.835377
-52,2,176.841378
-53,3,176.84838
-52,2,176.853381
-52,2,176.858382
-52,2,176.864384
-52,2,176.869385
-52,2,176.874386
-52,2,176.879387
-52,2,176.884388
-52,2,176.890389
-52,2,176.895391
-52,2,176.900392
-52,2,176.905393
-52,2,176.910394
-52,2,176.915395
-52,2,176.921397
-52,2,176.928398
-52,2,176.933399
-52,2,176.9384
-52,2,176.944402
-52,2,176.949403
-52,2,176.954404
-52,2,176.959405
-52,2,176.964406
-52,2,176.969407
-52,2,176.974408
-52,2,176.979409
-52,2,176.984411
-52,2,176.989412
-52,2,176.997413
-52,2,177.002414
-52,2,177.007416
-52,2,177.012417
-52,2,177.017418
-52,2,177.022419
-52,2,177.02742
-52,2,177.033421
-52,2,177.038422
-52,2,177.044424
-52,2,177.050425
-52,2,177.057427
-52,2,177.062428
-52,2,177.07043
-52,2,177.075431
-52,2,177.080432
-52,2,177.085433
-52,2,177.090434
-52,2,177.095435
-52,2,177.100436
-52,2,177.105437
-52,2,177.110439
-52,2,177.11544
-54,4,177.125442
-52,2,177.131443
-52,2,177.136444
-52,2,177.143543
-53,3,177.152564
-52,2,177.158565
-52,2,177.163566
-52,2,177.169568
-52,2,177.174568
-52,2,177.17957
-52,2,177.184571
-52,2,177.189572
-52,2,177.194573
-52,2,177.200575
-52,2,177.205575
-52,2,177.210577
-52,2,177.215577
-52,2,177.220579
-54,4,177.231581
-52,2,177.237583
-52,2,177.242584
-53,3,177.250585
-52,2,177.255587
-52,2,177.260588
-52,2,177.265589
-52,2,177.27059
-52,2,177.275591
-52,2,177.280592
-52,2,177.285593
-52,2,177.293595
-52,2,177.298596
-52,2,177.303597
-52,2,177.309599
-52,2,177.3146
-52,2,177.319601
-52,2,177.324602
-52,2,177.329603
-52,2,177.334604
-52,2,177.342606
-52,2,177.347607
-52,2,177.352609
-52,2,177.35761
-52,2,177.363611
-52,2,177.368612
-52,2,177.373613
-52,2,177.379614
-52,2,177.386616
-52,2,177.391617
-52,2,177.396618
-52,2,177.401619
-52,2,177.40662
-52,2,177.412622
-52,2,177.417623
-52,2,177.423625
-52,2,177.428626
-52,2,177.433626
-52,2,177.438627
-52,2,177.443628
-52,2,177.44863
-52,2,177.45363
-52,2,177.458632
-52,2,177.463633
-52,2,177.468634
-52,2,177.476636
-52,2,177.481637
-52,2,177.487639
-52,2,177.492639
-52,2,177.498641
-52,2,177.503642
-52,2,177.508643
-52,2,177.513644
-52,2,177.518645
-52,2,177.523646
-52,2,177.528648
-52,2,177.534649
-52,2,177.539651
-52,2,177.544652
-52,2,177.551653
-52,2,177.556654
-52,2,177.562655
-52,2,177.567656
-52,2,177.572657
-52,2,177.577659
-52,2,177.58366
-52,2,177.588661
-52,2,177.593662
-52,2,177.598663
-52,2,177.603664
-52,2,177.609666
-52,2,177.614666
-53,3,177.624669
-52,2,177.62967
-52,2,177.634671
-52,2,177.640672
-52,2,177.645674
-52,2,177.652675
-52,2,177.657676
-52,2,177.662677
-52,2,177.670679
-52,2,177.67568
-52,2,177.680681
-52,2,177.685683
-52,2,177.690683
-52,2,177.695685
-52,2,177.703686
-52,2,177.709688
-52,2,177.71669
-52,2,177.723692
-52,2,177.732693
-53,3,177.744696
-52,2,177.752698
-52,2,177.7597
-52,2,177.766701
-52,2,177.774702
-52,2,177.781704
-52,2,177.788706
-52,2,177.795707
-52,2,177.80371
-52,2,177.80971
-52,2,177.815711
-52,2,177.823713
-52,2,177.830715
-52,2,177.837717
-52,2,177.844718
-52,2,177.851719
-52,2,177.858721
-52,2,177.865722
-52,2,177.875725
-52,2,177.883867
-52,2,177.890869
-52,2,177.89787
-53,3,177.911874
-52,2,177.918875
-52,2,177.923876
-52,2,177.928878
-52,2,177.935879
-52,2,177.94388
-52,2,177.951882
-52,2,177.956883
-52,2,177.961884
-52,2,177.966886
-52,2,177.971887
-52,2,177.977888
-52,2,177.982889
-52,2,177.98889
-52,2,177.993892
-52,2,178.000893
-52,2,178.005894
-52,2,178.010895
-52,2,178.016896
-52,2,178.021898
-52,2,178.026899
-53,3,178.0339
-52,2,178.040902
-52,2,178.046903
-52,2,178.051905
-52,2,178.056906
-52,2,178.061907
-54,4,178.071909
-52,2,178.077911
-52,2,178.082911
-52,2,178.087913
-52,2,178.092913
-52,2,178.097915
-54,4,178.109918
-52,2,178.116919
-52,2,178.12292
-52,2,178.127922
-52,2,178.132923
-52,2,178.137924
-52,2,178.142925
-52,2,178.147926
-52,2,178.153927
-52,2,178.159929
-52,2,178.16493
-52,2,178.170931
-52,2,178.176932
-52,2,178.181934
-52,2,178.186935
-52,2,178.191936
-52,2,178.198937
-52,2,178.203938
-52,2,178.20894
-52,2,178.215941
-52,2,178.220943
-52,2,178.230944
-52,2,178.238946
-52,2,178.245948
-52,2,178.253949
-53,3,178.264952
-52,2,178.271954
-52,2,178.279956
-52,2,178.286957
-52,2,178.293959
-52,2,178.29996
-52,2,178.306962
-52,2,178.313963
-52,2,178.321965
-52,2,178.331968
-52,2,178.341969
-52,2,178.349971
-52,2,178.358973
-52,2,178.365975
-52,2,178.372977
-52,2,178.379979
-52,2,178.38698
-52,2,178.395981
-52,2,178.402983
-52,2,178.407984
-52,2,178.414985
-52,2,178.419987
-52,2,178.424988
-52,2,178.429989
-52,2,178.43599
-52,2,178.441991
-52,2,178.448993
-52,2,178.453995
-52,2,178.460996
-52,2,178.466997
-52,2,178.471998
-52,2,178.476999
-52,2,178.482
-54,4,178.493003
-52,2,178.500005
-52,2,178.505006
-52,2,178.510007
-52,2,178.515007
-52,2,178.52301
-54,4,178.535012
-52,2,178.542014
-52,2,178.548015
-52,2,178.553016
-52,2,178.558018
-52,2,178.564019
-52,2,178.57002
-52,2,178.575021
-52,2,178.580023
-52,2,178.588024
-52,2,178.593025
-52,2,178.598027
-52,2,178.604028
-52,2,178.610029
-52,2,178.61503
-52,2,178.620032
-52,2,178.625032
-52,2,178.630034
-52,2,178.635034
-52,2,178.640036
-52,2,178.646038
-52,2,178.652038
-52,2,178.657039
-52,2,178.662041
-52,2,178.667042
-52,2,178.672043
-52,2,178.677044
-52,2,178.682045
-54,4,178.692047
-52,2,178.70105
-52,2,178.70805
-52,2,178.713053
-52,2,178.720054
-53,3,178.731056
-52,2,178.738058
-52,2,178.745059
-52,2,178.755062
-52,2,178.761063
-52,2,178.768064
-52,2,178.776066
-52,2,178.783068
-52,2,178.79107
-52,2,178.798071
-52,2,178.807073
-52,2,178.815075
-52,2,178.821076
-52,2,178.829078
-52,2,178.837079
-54,4,178.852083
-52,2,178.859085
-52,2,178.866087
-52,2,178.873088
-53,3,178.88409
-52,2,178.891092
-52,2,178.899093
-54,4,178.910096
-52,2,178.915098
-52,2,178.920098
-52,2,178.9261
-52,2,178.9311
-52,2,178.936102
-52,2,178.941103
-52,2,178.948105
-52,2,178.954106
-52,2,178.959107
-52,2,178.965108
-52,2,178.97011
-52,2,178.975111
-52,2,178.980111
-52,2,178.985113
-52,2,178.991114
-52,2,178.996115
-52,2,179.001116
-52,2,179.006117
-52,2,179.014119
-52,2,179.01912
-52,2,179.024121
-53,3,179.032123
-52,2,179.038125
-52,2,179.044126
-52,2,179.049127
-52,2,179.055128
-61,11,179.083135
-52,2,179.088136
-52,2,179.094137
-52,2,179.099138
-52,2,179.104139
-52,2,179.110141
-52,2,179.115141
-52,2,179.120143
-52,2,179.125144
-52,2,179.130145
-52,2,179.136146
-52,2,179.141147
-52,2,179.147149
-52,2,179.15215
-52,2,179.157151
-52,2,179.164152
-52,2,179.169154
-53,3,179.177155
-52,2,179.182157
-54,4,179.192159
-52,2,179.19716
-52,2,179.203162
-52,2,179.209162
-52,2,179.215164
-52,2,179.220166
-52,2,179.225166
-52,2,179.231168
-52,2,179.236169
-52,2,179.24217
-52,2,179.248172
-52,2,179.253172
-52,2,179.258174
-52,2,179.263175
-52,2,179.269176
-52,2,179.274177
-52,2,179.279178
-52,2,179.28718
-52,2,179.292181
-52,2,179.297182
-52,2,179.302183
-52,2,179.307184
-52,2,179.313186
-52,2,179.318187
-52,2,179.323188
-52,2,179.32819
-52,2,179.33319
-52,2,179.338192
-53,3,179.346194
-52,2,179.351194
-52,2,179.356195
-52,2,179.361197
-52,2,179.367198
-52,2,179.374199
-52,2,179.379201
-52,2,179.384202
-52,2,179.390203
-52,2,180.250532
-52,2,180.256533
-52,2,180.261534
-52,2,180.267535
-52,2,180.274537
-52,2,180.280538
-52,2,180.289541
-52,2,180.295542
-52,2,180.301672
-52,2,180.307673
-52,2,180.314675
-52,2,180.320676
-52,2,180.329678
-52,2,180.33568
-52,2,180.342681
-52,2,180.347683
-52,2,180.357685
-52,2,180.363687
-52,2,180.369687
-52,2,180.376689
-52,2,180.38269
-52,2,180.388692
-52,2,180.393693
-52,2,180.399694
-52,2,180.405695
-52,2,180.411697
-52,2,180.419698
-52,2,180.4267
-52,2,180.431701
-52,2,180.436702
-52,2,180.442703
-53,3,180.449705
-52,2,180.456706
-52,2,180.462708
-52,2,180.467709
-57,7,180.483713
-52,2,180.488714
-52,2,180.493715
-52,2,180.498716
-52,2,180.503717
-52,2,180.508718
-52,2,180.513719
-52,2,180.518721
-52,2,180.523722
-52,2,180.529723
-52,2,180.534724
-52,2,180.539726
-52,2,180.544726
-52,2,180.551728
-52,2,180.556729
-52,2,180.56173
-52,2,180.566731
-52,2,180.571732
-52,2,180.577734
-52,2,180.582734
-52,2,180.587736
-52,2,180.592737
-52,2,180.597738
-52,2,180.60274
-52,2,180.60774
-52,2,180.614742
-52,2,180.619743
-60,10,180.643749
-52,2,180.65075
-52,2,180.655751
-52,2,180.660753
-52,2,180.665753
-52,2,180.670754
-52,2,180.675755
-52,2,180.680757
-52,2,180.685758
-52,2,180.690759
-52,2,180.69576
-52,2,180.700761
-52,2,180.705762
-52,2,180.711763
-53,3,180.718765
-52,2,180.723766
-52,2,180.728768
-52,2,180.733768
-52,2,180.737769
-52,2,180.74277
-52,2,180.747772
-52,2,180.752773
-52,2,180.759774
-52,2,180.764775
-52,2,180.769776
-52,2,180.774777
-52,2,180.779778
-52,2,180.78678
-52,2,180.791781
-52,2,180.795783
-52,2,180.801783
-52,2,180.806785
-52,2,180.811785
-52,2,180.815787
-52,2,180.820788
-52,2,180.825789
-52,2,180.832791
-53,3,180.841793
-52,2,180.847794
-52,2,180.853795
-52,2,180.858797
-53,3,180.867799
-52,2,180.8728
-52,2,180.878801
-52,2,180.884802
-52,2,180.890804
-52,2,180.896805
-52,2,180.902806
-52,2,180.908808
-52,2,180.913808
-52,2,180.92081
-52,2,180.926811
-52,2,180.932813
-52,2,180.938815
-52,2,180.943816
-52,2,180.949817
-52,2,180.954818
-52,2,180.961819
-52,2,180.968821
-52,2,180.975822
-52,2,180.981823
-52,2,180.988825
-52,2,180.994827
-52,2,181.000829
-52,2,181.00683
-52,2,181.011831
-52,2,181.017832
-52,2,181.023833
-52,2,181.029834
-52,2,181.034835
-52,2,181.039837
-52,2,181.045838
-52,2,181.05384
-52,2,181.058841
-52,2,181.063842
-52,2,181.068843
-52,2,181.073844
-52,2,181.078846
-52,2,181.084847
-52,2,181.089848
-52,2,181.096849
-52,2,181.101851
-52,2,181.106852
-52,2,181.111853
-52,2,181.117854
-52,2,181.122855
-52,2,181.127856
-52,2,181.132857
-52,2,181.138859
-54,4,181.148861
-52,2,181.153862
-52,2,181.158864
-52,2,181.162864
-52,2,181.167865
-52,2,181.172866
-52,2,181.180868
-52,2,181.186869
-52,2,181.19187
-52,2,181.196872
-52,2,181.201873
-53,3,181.208874
-54,4,181.217876
-53,3,181.224878
-52,2,181.229879
-52,2,181.235881
-52,2,181.239881
-52,2,181.244986
-53,3,181.253988
-52,2,181.26099
-52,2,181.265991
-54,4,181.274993
-52,2,181.279994
-52,2,181.284995
-52,2,181.291996
-52,2,181.297998
-52,2,181.303999
-52,2,181.309
-52,2,181.314001
-52,2,181.320003
-52,2,181.325004
-52,2,181.330005
-53,3,181.338007
-52,2,181.343008
-52,2,181.348009
-52,2,181.355011
-52,2,181.360011
-52,2,181.365013
-52,2,181.370014
-52,2,181.375015
-52,2,181.380017
-52,2,181.386017
-52,2,181.391019
-52,2,181.396019
-52,2,181.401021
-52,2,181.407022
-52,2,181.414023
-52,2,181.419025
-52,2,181.424026
-52,2,181.429027
-52,2,181.434028
-52,2,181.43903
-52,2,181.44403
-52,2,181.449032
-52,2,181.454032
-52,2,181.460034
-52,2,181.465035
-52,2,181.470037
-52,2,181.475037
-52,2,181.480038
-52,2,181.485039
-52,2,181.490041
-52,2,181.496042
-52,2,181.502043
-52,2,181.510045
-53,3,181.518047
-52,2,181.525049
-52,2,181.533051
-52,2,181.539052
-52,2,181.546053
-52,2,181.552054
-52,2,181.558055
-52,2,181.564057
-52,2,181.573059
-52,2,181.581061
-52,2,181.587062
-52,2,181.593064
-52,2,181.602066
-52,2,181.608067
-52,2,181.614068
-52,2,181.62007
-52,2,181.627071
-52,2,181.633072
-52,2,181.641075
-52,2,181.649076
-52,2,181.656078
-52,2,181.662079
-52,2,181.66708
-52,2,181.674082
-52,2,181.680084
-52,2,181.685084
-52,2,181.691086
-52,2,181.696087
-52,2,181.702088
-52,2,181.707089
-52,2,181.71309
-52,2,181.720092
-52,2,181.725093
-52,2,181.730094
-52,2,181.735095
-52,2,181.740096
-52,2,181.745098
-52,2,181.750099
-52,2,181.7551
-52,2,181.760101
-52,2,181.767102
-52,2,181.772104
-52,2,181.780105
-52,2,181.785107
-52,2,181.790107
-52,2,181.795109
-52,2,181.80011
-52,2,181.805111
-52,2,181.810112
-53,3,181.817113
-52,2,181.822114
-52,2,181.827116
-52,2,181.832117
-52,2,181.837118
-52,2,181.842119
-52,2,181.850121
-52,2,181.855122
-52,2,181.860123
-52,2,181.865124
-52,2,181.870125
-52,2,181.875126
-52,2,181.880128
-52,2,181.885129
-52,2,181.89013
-52,2,181.895131
-52,2,181.902133
-52,2,181.907134
-52,2,181.913135
-52,2,181.918136
-52,2,181.923137
-52,2,181.928138
-52,2,181.93614
-52,2,181.941142
-52,2,181.946143
-52,2,181.951144
-52,2,181.956145
-52,2,181.961146
-52,2,181.966147
-53,3,181.973149
-52,2,181.978149
-52,2,181.98315
-52,2,181.989152
-52,2,181.994153
-52,2,181.999154
-52,2,182.004155
-52,2,182.009156
-52,2,182.014157
-52,2,182.019159
-52,2,182.02416
-52,2,182.02816
-52,2,182.033162
-52,2,182.038163
-52,2,182.043164
-52,2,182.048165
-52,2,182.053166
-52,2,182.059168
-52,2,182.064168
-52,2,182.06917
-52,2,182.074172
-52,2,182.079172
-52,2,182.084173
-52,2,182.089174
-52,2,182.097176
-52,2,182.102177
-52,2,182.107178
-52,2,182.112179
-54,4,182.121182
-52,2,182.128183
-52,2,182.133184
-52,2,182.138185
-52,2,182.143186
-52,2,182.149188
-52,2,182.155189
-52,2,182.161191
-52,2,182.168192
-52,2,182.173193
-52,2,182.178194
-52,2,182.184196
-52,2,182.190197
-52,2,182.197198
-52,2,182.203199
-52,2,182.209201
-52,2,182.215203
-52,2,182.221204
-52,2,182.226205
-53,3,182.235207
-52,2,182.240208
-53,3,182.24821
-52,2,182.254211
-52,2,182.261213
-52,2,182.267214
-52,2,182.274215
-52,2,182.280217
-52,2,182.286218
-52,2,182.29422
-52,2,182.301221
-52,2,182.307223
-52,2,182.315225
-52,2,182.321226
-52,2,182.327228
-52,2,182.333229
-52,2,182.341231
-52,2,182.347232
-52,2,182.352234
-52,2,182.357234
-52,2,182.362235
-52,2,182.367237
-52,2,182.373238
-52,2,182.378238
-52,2,182.38524
-52,2,182.391242
-52,2,182.396243
-52,2,182.401245
-52,2,182.406245
-52,2,182.411246
-52,2,182.416247
-52,2,182.421249
-52,2,182.427249
-52,2,182.432251
-52,2,182.437252
-52,2,182.442254
-52,2,182.447254
-52,2,182.452255
-52,2,182.457257
-52,2,182.462257
-52,2,182.467258
-52,2,182.47226
-52,2,182.477261
-52,2,182.484262
-52,2,182.489264
-53,3,182.496265
-52,2,182.501266
-53,3,182.508268
-52,2,182.513268
-52,2,182.51727
-52,2,182.524271
-52,2,182.529273
-52,2,182.534273
-52,2,182.542275
-52,2,182.547277
-52,2,182.552278
-52,2,182.557279
-52,2,182.56228
-52,2,182.567281
-52,2,182.572282
-52,2,182.578283
-52,2,182.582284
-52,2,182.587285
-52,2,182.592287
-52,2,182.600288
-52,2,182.604289
-52,2,182.609291
-52,2,182.616292
-52,2,182.621293
-52,2,182.626294
-52,2,182.631295
-52,2,182.636296
-52,2,182.641298
-52,2,182.647299
-52,2,182.6533
-52,2,182.658302
-52,2,182.662302
-52,2,182.667303
-52,2,182.672304
-52,2,182.677305
-52,2,182.682307
-52,2,182.687307
-52,2,182.694309
-52,2,182.70031
-52,2,182.707312
-52,2,182.712313
-52,2,182.717314
-52,2,182.724316
-52,2,182.729317
-52,2,182.734319
-52,2,182.739319
-53,3,182.749321
-52,2,182.755323
-52,2,182.760324
-52,2,182.767325
-52,2,182.772326
-52,2,182.779328
-52,2,182.784329
-52,2,182.791331
-52,2,182.796332
-52,2,182.802333
-52,2,182.806334
-52,2,182.811336
-52,2,182.816336
-52,2,182.823338
-52,2,182.828339
-54,4,182.837341
-52,2,182.842342
-52,2,182.847343
-52,2,182.852344
-52,2,182.857345
-52,2,182.862347
-52,2,182.869349
-52,2,182.874349
-52,2,182.879351
-52,2,182.884351
-52,2,182.891353
-52,2,182.896355
-52,2,182.901356
-52,2,182.906357
-52,2,182.911358
-52,2,182.916358
-52,2,182.92336
-52,2,182.929362
-52,2,182.934362
-52,2,182.940364
-52,2,182.947366
-52,2,182.953367
-52,2,182.959368
-52,2,182.96437
-52,2,182.970371
-52,2,182.976372
-52,2,182.982373
-52,2,182.988375
-52,2,182.995376
-52,2,183.002378
-52,2,183.00738
-52,2,183.013381
-52,2,183.018381
-53,3,183.027384
-52,2,183.032385
-52,2,183.039387
-52,2,183.045387
-52,2,183.052389
-52,2,183.05839
-52,2,183.065392
-52,2,183.071394
-52,2,183.077395
-52,2,183.083396
-52,2,183.090398
-52,2,183.095399
-54,4,183.106401
-52,2,183.114403
-52,2,183.121405
-52,2,183.127406
-52,2,183.132407
-52,2,183.137408
-52,2,183.142409
-52,2,183.14741
-52,2,183.152411
-52,2,183.157413
-52,2,183.162414
-52,2,183.167415
-52,2,183.172416
-52,2,183.177417
-52,2,183.185419
-52,2,183.19042
-52,2,183.195421
-52,2,183.200422
-52,2,183.206423
-52,2,183.211425
-52,2,183.216426
-52,2,183.221427
-52,2,183.226428
-52,2,183.231429
-52,2,183.23743
-53,3,183.244432
-52,2,183.249433
-52,2,183.254434
-52,2,183.259436
-52,2,183.266437
-52,2,183.271438
-52,2,183.276439
-52,2,183.28144
-52,2,183.286441
-52,2,183.291443
-52,2,183.296444
-52,2,183.301445
-52,2,183.307446
-52,2,183.312447
-52,2,183.317448
-52,2,183.322449
-52,2,183.328451
-52,2,183.335452
-52,2,183.340453
-52,2,183.345455
-52,2,183.351456
-52,2,183.356457
-52,2,183.361458
-52,2,183.36646
-52,2,183.371461
-52,2,183.376461
-52,2,183.381463
-52,2,183.386463
-52,2,183.391465
-52,2,183.396466
-52,2,183.401467
-52,2,183.406468
-52,2,183.411469
-52,2,183.41647
-52,2,183.421471
-52,2,183.426472
-52,2,183.432474
-52,2,183.437475
-52,2,183.442476
-52,2,183.447477
-52,2,183.452478
-52,2,183.457479
-52,2,183.462481
-52,2,183.467482
-52,2,183.472483
-52,2,183.478484
-52,2,183.483485
-52,2,183.488486
-52,2,183.493487
-52,2,183.498489
-52,2,183.50349
-52,2,183.508491
-52,2,183.514492
-52,2,183.521494
-52,2,183.527495
-52,2,183.531496
-54,4,183.541498
-52,2,183.5475
-52,2,183.5525
-52,2,183.558511
-52,2,183.563505
-52,2,183.568506
-52,2,183.574507
-52,2,183.580509
-52,2,183.58551
-52,2,183.590511
-52,2,183.595513
-52,2,183.600513
-52,2,183.605514
-53,3,183.612516
-52,2,183.617517
-52,2,183.621518
-55,5,183.633521
-52,2,183.640522
-52,2,183.645523
-52,2,183.650524
-52,2,183.655525
-52,2,183.660527
-52,2,183.665528
-52,2,183.670529
-52,2,183.67553
-52,2,183.681532
-52,2,183.687533
-52,2,183.692534
-52,2,183.697535
-52,2,183.704536
-52,2,183.710538
-52,2,183.715539
-52,2,183.72054
-52,2,183.725541
-52,2,183.731543
-52,2,183.739545
-52,2,183.744545
-52,2,183.750547
-53,3,183.757548
-52,2,183.76255
-52,2,183.768551
-53,3,183.776552
-52,2,183.780554
-52,2,183.785554
-52,2,183.790555
-52,2,183.795557
-52,2,183.801558
-52,2,183.806559
-52,2,183.812561
-52,2,183.817562
-52,2,183.822564
-52,2,183.827564
-52,2,183.832566
-52,2,183.838567
-52,2,183.843568
-52,2,183.848568
-52,2,183.85257
-52,2,183.85757
-52,2,183.864572
-52,2,183.869574
-52,2,183.874575
-52,2,183.879576
-52,2,183.885577
-52,2,183.890578
-52,2,183.895579
-52,2,183.90058
-52,2,183.905581
-52,2,183.911583
-52,2,183.916584
-52,2,183.921585
-53,3,183.928587
-52,2,183.933588
-52,2,183.938588
-52,2,183.94459
-52,2,183.949592
-52,2,183.956593
-52,2,183.962595
-52,2,183.968595
-52,2,183.974732
-52,2,183.981734
-52,2,183.987736
-52,2,183.992737
-52,2,183.998738
-52,2,184.00474
-52,2,184.010741
-52,2,184.016742
-52,2,184.023743
-52,2,184.032746
-52,2,184.038747
-52,2,184.044748
-52,2,184.050749
-52,2,184.056751
-52,2,184.063752
-52,2,184.068753
-52,2,184.075756
-52,2,184.080756
-52,2,184.086757
-52,2,184.093759
-52,2,184.099761
-52,2,184.106761
-52,2,184.112763
-52,2,184.119765
-52,2,184.128767
-53,3,184.136769
-52,2,184.14177
-52,2,184.146771
-52,2,184.151772
-52,2,184.156773
-52,2,184.161774
-52,2,184.166775
-52,2,184.171777
-52,2,184.176777
-52,2,184.180779
-52,2,184.18878
-52,2,184.193781
-52,2,184.198782
-52,2,184.203783
-52,2,184.208784
-52,2,184.213786
-53,3,184.220787
-52,2,184.225788
-52,2,184.230789
-52,2,184.235791
-52,2,184.241793
-52,2,184.246793
-52,2,184.251795
-52,2,184.256795
-52,2,184.261797
-52,2,184.268798
-52,2,184.2758
-52,2,184.280801
-52,2,184.285802
-52,2,184.290803
-52,2,184.295804
-52,2,184.300805
-52,2,184.305806
-52,2,184.310807
-52,2,184.316809
-52,2,184.32181
-52,2,184.326811
-53,3,184.333812
-52,2,184.337814
-52,2,184.342814
-52,2,184.347816
-52,2,184.352816
-52,2,184.357818
-52,2,184.362819
-52,2,184.36782
-52,2,184.373821
-52,2,184.378823
-52,2,184.383824
-52,2,184.390825
-52,2,184.394826
-52,2,184.399828
-52,2,184.405828
-52,2,184.41083
-52,2,184.41483
-52,2,184.419832
-52,2,184.424833
-52,2,184.430834
-52,2,184.436835
-52,2,184.441837
-52,2,184.448838
-52,2,184.45584
-52,2,184.462841
-52,2,184.467842
-52,2,184.472843
-52,2,184.477844
-52,2,184.482846
-52,2,184.487847
-52,2,184.492848
-52,2,184.497849
-52,2,184.50185
-52,2,184.506851
-53,3,184.513853
-52,2,184.519854
-52,2,184.524856
-52,2,184.529857
-52,2,184.533857
-52,2,184.541859
-52,2,184.54786
-52,2,184.553862
-53,3,184.560863
-52,2,184.565864
-52,2,184.569865
-52,2,184.574867
-52,2,184.581869
-52,2,184.587869
-52,2,184.59287
-52,2,184.597872
-52,2,184.602873
-52,2,184.607873
-52,2,184.612875
-52,2,184.617876
-52,2,184.622878
-52,2,184.628878
-52,2,184.63488
-52,2,184.641881
-52,2,184.647882
-52,2,184.653884
-52,2,184.660885
-52,2,184.665886
-52,2,184.672889
-52,2,184.677889
-52,2,184.683891
-52,2,184.690893
-52,2,184.696893
-52,2,184.704895
-52,2,184.710896
-52,2,184.716898
-52,2,184.722899
-54,4,184.733902
-52,2,184.739904
-52,2,184.745905
-52,2,184.754907
-52,2,184.763908
-52,2,184.76891
-52,2,184.77491
-52,2,184.781913
-52,2,184.787914
-52,2,184.793915
-52,2,184.799917
-52,2,184.803918
-52,2,184.808918
-52,2,184.81592
-52,2,184.821922
-52,2,184.826922
-52,2,184.831924
-52,2,184.836925
-52,2,184.843926
-52,2,184.848927
-52,2,184.854928
-52,2,184.859931
-52,2,184.864931
-52,2,184.869932
-52,2,184.874933
-52,2,184.881935
-52,2,184.886937
-52,2,184.891937
-52,2,184.895938
-52,2,184.901939
-52,2,184.90694
-52,2,184.910941
-52,2,184.918943
-52,2,184.924944
-52,2,184.929946
-52,2,184.934946
-52,2,184.939948
-52,2,184.945949
-52,2,184.950951
-52,2,184.955951
-52,2,184.960952
-52,2,184.965954
-52,2,184.969955
-52,2,184.974955
-52,2,184.979957
-52,2,184.984958
-52,2,184.990959
-52,2,184.997961
-52,2,185.002962
-52,2,185.006963
-52,2,185.011964
-52,2,185.016965
-52,2,185.021966
-54,4,185.030968
-52,2,185.035969
-52,2,185.043971
-52,2,185.047972
-52,2,185.052973
-52,2,185.057974
-52,2,185.064976
-52,2,185.069977
-52,2,185.074978
-52,2,185.079979
-52,2,185.08498
-52,2,185.089981
-52,2,185.094982
-52,2,185.100984
-52,2,185.105985
-52,2,185.110986
-52,2,185.117987
-52,2,185.122989
-52,2,185.12799
-52,2,185.132991
-52,2,185.137992
-52,2,185.142993
-52,2,185.147994
-52,2,185.152995
-52,2,185.156996
-52,2,185.162998
-52,2,185.167999
-52,2,185.173
-52,2,185.178001
-52,2,185.185002
-52,2,185.190004
-52,2,185.195004
-52,2,185.202007
-52,2,185.207007
-52,2,185.212008
-52,2,185.21701
-52,2,185.22201
-52,2,185.228012
-52,2,185.233013
-52,2,185.238014
-52,2,185.242015
-52,2,185.247016
-52,2,185.253017
-52,2,185.259019
-52,2,185.26502
-52,2,185.273022
-52,2,185.279023
-52,2,185.285024
-52,2,185.292027
-52,2,185.297028
-52,2,185.303029
-52,2,185.30903
-52,2,185.315031
-52,2,185.321033
-52,2,185.326034
-52,2,185.332036
-52,2,185.338037
-52,2,185.344038
-52,2,185.35004
-52,2,185.35604
-52,2,185.363042
-52,2,185.371044
-52,2,185.377046
-52,2,185.384047
-52,2,185.390048
-52,2,185.39505
-52,2,185.400051
-52,2,185.407052
-54,4,185.419055
-52,2,185.424056
-52,2,185.430058
-52,2,185.437059
-52,2,185.442061
-52,2,185.448061
-52,2,185.454062
-52,2,185.461064
-52,2,185.468065
-52,2,185.475067
-52,2,185.480069
-52,2,185.485069
-52,2,185.490071
-53,3,185.497072
-52,2,185.502073
-52,2,185.507074
-52,2,185.512075
-52,2,185.517076
-52,2,185.522078
-52,2,185.527078
-52,2,185.53408
-52,2,185.539081
-52,2,185.545083
-52,2,185.551084
-52,2,185.556085
-52,2,185.561086
-52,2,185.566087
-52,2,185.571089
-52,2,185.576089
-52,2,185.581091
-52,2,185.586092
-52,2,185.591093
-52,2,185.596094
-54,4,185.605096
-52,2,185.610097
-52,2,185.615098
-52,2,185.6201
-52,2,185.628101
-52,2,185.635103
-52,2,185.642104
-52,2,185.647105
-52,2,185.655107
-52,2,185.662109
-53,3,185.66911
-52,2,185.674112
-52,2,185.681113
-52,2,185.686114
-52,2,185.691115
-52,2,185.696116
-52,2,185.701118
-52,2,185.706119
-52,2,185.711119
-52,2,185.717121
-53,3,185.724123
-52,2,185.729124
-52,2,185.735125
-52,2,185.741126
-52,2,185.746127
-52,2,185.750129
-52,2,185.75513
-52,2,185.760131
-52,2,185.765131
-52,2,185.770133
-52,2,185.775134
-52,2,185.780135
-52,2,185.785136
-52,2,185.790138
-52,2,185.795139
-52,2,185.80014
-52,2,185.805141
-52,2,185.810142
-52,2,185.815143
-52,2,185.820144
-52,2,185.825145
-52,2,185.829146
-52,2,185.836148
-52,2,185.841149
-52,2,185.84515
-52,2,185.850151
-52,2,185.855152
-52,2,185.861153
-52,2,185.866155
-53,3,185.873156
-52,2,185.878157
-52,2,186.660332
-52,2,186.665333
-52,2,186.670334
-52,2,186.675335
-52,2,186.680336
-53,3,186.688338
-52,2,186.692338
-52,2,186.69734
-52,2,186.702341
-52,2,186.707342
-52,2,186.712343
-52,2,186.717344
-52,2,186.723346
-52,2,186.728346
-52,2,186.733348
-52,2,186.738349
-52,2,186.74335
-52,2,186.749352
-52,2,186.754353
-52,2,186.759353
-52,2,186.764355
-52,2,186.769356
-52,2,186.775357
-52,2,186.780359
-52,2,186.785359
-52,2,186.790361
-52,2,186.795362
-53,3,186.802363
-52,2,186.807364
-55,5,186.818367
-52,2,186.823368
-52,2,186.828369
-52,2,186.83337
-52,2,186.838371
-52,2,186.844373
-52,2,186.849374
-52,2,186.854375
-52,2,186.859376
-52,2,186.866378
-52,2,186.871378
-52,2,186.876379
-52,2,186.880381
-52,2,186.885381
-52,2,186.890383
-52,2,186.895384
-52,2,186.900385
-52,2,186.907387
-52,2,186.912388
-52,2,186.918389
-52,2,186.92339
-52,2,186.928392
-52,2,186.933392
-52,2,186.940395
-52,2,186.946395
-52,2,186.950397
-52,2,186.955397
-52,2,186.960399
-52,2,186.9654
-52,2,186.971401
-52,2,186.976402
-52,2,186.981403
-52,2,186.986404
-52,2,186.992406
-52,2,186.997406
-52,2,187.002409
-52,2,187.007409
-52,2,187.015411
-52,2,187.020412
-52,2,187.025413
-52,2,187.030414
-52,2,187.037416
-52,2,187.043417
-58,8,187.060421
-52,2,187.065422
-52,2,187.070423
-52,2,187.075424
-52,2,187.080425
-52,2,187.085426
-52,2,187.090428
-52,2,187.095429
-52,2,187.10043
-52,2,187.105431
-52,2,187.110432
-54,4,187.119434
-52,2,187.124435
-52,2,187.129436
-52,2,187.134437
-52,2,187.139438
-52,2,187.14444
-52,2,187.149441
-52,2,187.156442
-52,2,187.161443
-52,2,187.166444
-52,2,187.172446
-52,2,187.177447
-52,2,187.183448
-52,2,187.188449
-52,2,187.19345
-53,3,187.200452
-52,2,187.205453
-52,2,187.210455
-52,2,187.215455
-52,2,187.220456
-52,2,187.225457
-52,2,187.230459
-52,2,187.23746
-52,2,187.243461
-52,2,187.247463
-52,2,187.252464
-52,2,187.257464
-52,2,187.265466
-52,2,187.272468
-52,2,187.277469
-52,2,187.28447
-64,14,187.315478
-52,2,187.32048
-52,2,187.32548
-52,2,187.330481
-52,2,187.335482
-52,2,187.341483
-52,2,187.346485
-52,2,187.351485
-52,2,187.356487
-52,2,187.361488
-52,2,187.366489
-52,2,187.37149
-52,2,187.376491
-52,2,187.381492
-52,2,187.386493
-52,2,187.391495
-52,2,187.396495
-52,2,187.401497
-52,2,187.406498
-52,2,187.410499
-52,2,187.4155
-52,2,187.420501
-52,2,187.425502
-52,2,187.430504
-52,2,187.438505
-52,2,187.443506
-52,2,187.448507
-52,2,187.452508
-52,2,187.457509
-52,2,187.464511
-52,2,187.470513
-52,2,187.476513
-52,2,187.483515
-52,2,187.488516
-52,2,187.493517
-52,2,187.498518
-52,2,187.50352
-52,2,187.50852
-52,2,187.513522
-52,2,187.518523
-52,2,187.523524
-52,2,187.528526
-52,2,187.534526
-52,2,187.539528
-52,2,187.544529
-52,2,187.55153
-53,3,187.558532
-52,2,187.563534
-52,2,187.569534
-52,2,187.574536
-52,2,187.579536
-52,2,187.585538
-52,2,187.591539
-52,2,187.59854
-52,2,187.603542
-52,2,187.608543
-52,2,187.613544
-52,2,187.618545
-52,2,187.623546
-52,2,187.628548
-52,2,187.633548
-52,2,187.63855
-52,2,187.645551
-52,2,187.650553
-52,2,187.655554
-52,2,187.660555
-52,2,187.667556
-52,2,187.672557
-52,2,187.677558
-52,2,187.68256
-52,2,187.687561
-52,2,187.692562
-52,2,187.697563
-52,2,187.703564
-52,2,187.708565
-52,2,187.713567
-52,2,187.718567
-52,2,187.725569
-52,2,187.730571
-52,2,187.735571
-52,2,187.740573
-52,2,187.748574
-52,2,187.753575
-52,2,187.758576
-52,2,187.763578
-52,2,187.770579
-52,2,187.77558
-52,2,187.781581
-52,2,187.786583
-52,2,187.792584
-52,2,187.797585
-52,2,187.802587
-52,2,187.807587
-52,2,187.812589
-52,2,187.81759
-52,2,187.823591
-52,2,187.829592
-52,2,187.834593
-52,2,187.839594
-52,2,187.844595
-52,2,187.849596
-52,2,187.854598
-52,2,187.859599
-53,3,187.8666
-52,2,187.871602
-52,2,187.876603
-53,3,187.883604
-52,2,187.888605
-52,2,187.893607
-52,2,187.899608
-52,2,187.904609
-52,2,187.91061
-52,2,187.915612
-52,2,187.920613
-52,2,187.925614
-52,2,187.930615
-53,3,187.937616
-52,2,187.943618
-52,2,187.948619
-52,2,187.95362
-52,2,187.958621
-52,2,187.963623
-52,2,187.968623
-52,2,187.972625
-52,2,187.977625
-52,2,187.983627
-52,2,187.988627
-52,2,187.993629
-52,2,187.99863
-52,2,188.003631
-52,2,188.008632
-52,2,188.014634
-52,2,188.019635
-52,2,188.024636
-52,2,188.029637
-52,2,188.034638
-52,2,188.039639
-52,2,188.04464
-52,2,188.049641
-52,2,188.054643
-52,2,188.059767
-52,2,188.064768
-52,2,188.069769
-54,4,188.078771
-52,2,188.083772
-52,2,188.088773
-52,2,188.093774
-52,2,188.098776
-52,2,188.104777
-52,2,188.109778
-52,2,188.114779
-52,2,188.119781
-52,2,188.124781
-52,2,188.129783
-52,2,188.134784
-52,2,188.139785
-52,2,188.144786
-52,2,188.149787
-52,2,188.154788
-52,2,188.159789
-52,2,188.16379
-52,2,188.171792
-52,2,188.176793
-52,2,188.181795
-52,2,188.186796
-52,2,188.192797
-52,2,188.197798
-52,2,188.202799
-52,2,188.2098
-52,2,188.214802
-52,2,188.219803
-52,2,188.225804
-52,2,188.230806
-52,2,188.236806
-52,2,188.241808
-52,2,188.246809
-52,2,188.25181
-52,2,188.256811
-52,2,188.261812
-52,2,188.266813
-52,2,188.272815
-52,2,188.277816
-52,2,188.283817
-52,2,188.288818
-52,2,188.29482
-52,2,188.29882
-52,2,188.303821
-52,2,188.309823
-52,2,188.314824
-52,2,188.319825
-52,2,188.324827
-52,2,188.329827
-52,2,188.334828
-52,2,188.33983
-52,2,188.344831
-52,2,188.351832
-52,2,188.357833
-52,2,188.362835
-52,2,188.366836
-52,2,188.371837
-52,2,188.376838
-52,2,188.381839
-52,2,188.38684
-52,2,188.391841
-52,2,188.396842
-52,2,188.401843
-52,2,188.406845
-52,2,188.411846
-52,2,188.416847
-52,2,188.422849
-52,2,188.428849
-52,2,188.434851
-52,2,188.439852
-52,2,188.444853
-52,2,188.449855
-52,2,188.454856
-52,2,188.460857
-52,2,188.465858
-54,4,188.474859
-52,2,188.479861
-52,2,188.484862
-52,2,188.489863
-52,2,188.496864
-52,2,188.503866
-52,2,188.511868
-52,2,188.516869
-52,2,188.52187
-52,2,188.526871
-52,2,188.531872
-52,2,188.536873
-54,4,188.545876
-52,2,188.552877
-52,2,188.559879
-52,2,188.564879
-52,2,188.569881
-52,2,188.573882
-52,2,188.579883
-52,2,188.583884
-52,2,188.588885
-52,2,188.593886
-52,2,188.598887
-55,5,188.60989
-52,2,188.614891
-52,2,188.619892
-52,2,188.626893
-52,2,188.631895
-52,2,188.636896
-52,2,188.641897
-52,2,188.646898
-52,2,188.6529
-52,2,188.657901
-52,2,188.662902
-52,2,188.667902
-52,2,188.672904
-52,2,188.679905
-52,2,188.683906
-52,2,188.689908
-53,3,188.696909
-52,2,188.70191
-52,2,188.706912
-52,2,188.711913
-52,2,188.716913
-52,2,188.721915
-52,2,188.726916
-52,2,188.731917
-52,2,188.736919
-52,2,188.741919
-52,2,188.74692
-52,2,188.751921
-52,2,188.756922
-52,2,188.761925
-52,2,188.767925
-52,2,188.772926
-52,2,188.777927
-52,2,188.782928
-56,6,188.796044
-52,2,188.801046
-52,2,188.809047
-52,2,188.814048
-52,2,188.81905
-52,2,188.825051
-52,2,188.830052
-52,2,188.837053
-52,2,188.842055
-52,2,188.847056
-52,2,188.852058
-52,2,188.860059
-52,2,188.86506
-52,2,188.870061
-52,2,188.875062
-52,2,188.880063
-52,2,188.885064
-52,2,188.890065
-52,2,188.897067
-52,2,188.902068
-52,2,188.90807
-52,2,188.913071
-52,2,188.918072
-52,2,188.923073
-52,2,188.928074
-52,2,188.933075
-52,2,188.938076
-52,2,188.943079
-52,2,188.948079
-54,4,188.95708
-52,2,188.962081
-52,2,188.967083
-52,2,188.972084
-52,2,188.980086
-52,2,188.985086
-52,2,188.990088
-52,2,188.995089
-52,2,189.00009
-52,2,189.007092
-52,2,189.012093
-52,2,189.016093
-52,2,189.021095
-52,2,189.028096
-52,2,189.033098
-52,2,189.040099
-52,2,189.0451
-52,2,189.051101
-52,2,189.056103
-52,2,189.061104
-52,2,189.066105
-54,4,189.075107
-52,2,189.080108
-52,2,189.085109
-52,2,189.09011
-52,2,189.095111
-52,2,189.102113
-52,2,189.109114
-52,2,189.114115
-52,2,189.119116
-52,2,189.124118
-52,2,189.131119
-52,2,189.13612
-52,2,189.141121
-52,2,189.148123
-52,2,189.153124
-52,2,189.158125
-52,2,189.164127
-52,2,189.171129
-52,2,189.176129
-52,2,189.181131
-52,2,189.186132
-52,2,189.191133
-52,2,189.199134
-52,2,189.204135
-52,2,189.209136
-52,2,189.216138
-52,2,189.223141
-52,2,189.228141
-52,2,189.233142
-52,2,189.238143
-52,2,189.244144
-52,2,189.249146
-52,2,189.254147
-52,2,189.259148
-52,2,189.264149
-52,2,189.26915
-52,2,189.274151
-52,2,189.279152
-52,2,189.284153
-52,2,189.289154
-52,2,189.294155
-52,2,189.299157
-52,2,189.304158
-52,2,189.309159
-52,2,189.31416
-52,2,189.319161
-52,2,189.324162
-52,2,189.329164
-52,2,189.337165
-52,2,189.342166
-52,2,189.347167
-52,2,189.352169
-52,2,189.35917
-52,2,189.364171
-52,2,189.369172
-52,2,189.374174
-52,2,189.379174
-52,2,189.385176
-52,2,189.390177
-52,2,189.395178
-52,2,189.400179
-52,2,189.40618
-52,2,189.412182
-52,2,189.417183
-52,2,189.422184
-52,2,189.428327
-52,2,189.434328
-52,2,189.439329
-52,2,189.44433
-52,2,189.449332
-53,3,189.456333
-52,2,189.461335
-52,2,189.466335
-52,2,189.471337
-52,2,189.477339
-52,2,189.482339
-52,2,189.48734
-52,2,189.492341
-52,2,189.497342
-52,2,189.502343
-52,2,189.508345
-52,2,189.515346
-52,2,189.521348
-52,2,189.526349
-52,2,189.53135
-52,2,189.539351
-52,2,189.546353
-52,2,189.552355
-52,2,189.557356
-52,2,189.562357
-52,2,189.567358
-52,2,189.574359
-52,2,189.57936
-52,2,189.584362
-52,2,189.589363
-52,2,189.594364
-52,2,189.599365
-52,2,189.606367
-52,2,189.611368
-52,2,189.616369
-52,2,189.62137
-54,4,189.630372
-52,2,189.635373
-52,2,189.640374
-53,3,189.647376
-52,2,189.652377
-52,2,189.657378
-53,3,189.66438
-52,2,189.669381
-52,2,189.676382
-52,2,189.682384
-52,2,189.687385
-52,2,189.692386
-52,2,189.700388
-52,2,189.705389
-52,2,189.71039
-52,2,189.715391
-52,2,189.720393
-52,2,189.725393
-52,2,189.730394
-52,2,189.735395
-52,2,189.740396
-52,2,189.745397
-52,2,189.751399
-52,2,189.7564
-52,2,189.761401
-52,2,189.766402
-52,2,189.773404
-52,2,189.778405
-52,2,189.783406
-52,2,189.788407
-52,2,189.793409
-52,2,189.79941
-52,2,189.804411
-52,2,189.811413
-52,2,189.818414
-52,2,189.824415
-52,2,189.829416
-52,2,189.834417
-52,2,189.839418
-52,2,189.84442
-52,2,189.849421
-52,2,189.854422
-52,2,189.860424
-52,2,189.865424
-52,2,189.869425
-52,2,189.874426
-52,2,189.881428
-52,2,189.885429
-52,2,189.89043
-52,2,189.896431
-52,2,189.901433
-52,2,189.906433
-52,2,189.911435
-52,2,189.916435
-52,2,189.922437
-52,2,189.927438
-52,2,189.932439
-52,2,189.939441
-52,2,189.944442
-52,2,189.949443
-52,2,189.954444
-52,2,189.959445
-52,2,189.964446
-52,2,189.969448
-52,2,189.974449
-52,2,189.97945
-52,2,189.984451
-52,2,189.991452
-52,2,189.996454
-52,2,190.001455
-52,2,190.006456
-52,2,190.011457
-52,2,190.016458
-52,2,190.02446
-52,2,190.029461
-52,2,190.034462
-53,3,190.041464
-52,2,190.046465
-52,2,190.052466
-52,2,190.057467
-52,2,190.062469
-52,2,190.06847
-52,2,190.075471
-52,2,190.080473
-52,2,190.085473
-52,2,190.090475
-53,3,190.097476
-52,2,190.102478
-52,2,190.107478
-52,2,190.11248
-52,2,190.117481
-52,2,190.122482
-52,2,190.127483
-52,2,190.132484
-52,2,190.137486
-52,2,190.143487
-52,2,190.149488
-52,2,190.153489
-52,2,190.15849
-52,2,190.163491
-52,2,190.168492
-52,2,190.173493
-52,2,190.178494
-52,2,190.183495
-52,2,190.189497
-52,2,190.194498
-52,2,190.199499
-52,2,190.2045
-54,4,190.213503
-52,2,190.218503
-52,2,190.223505
-52,2,190.228505
-53,3,190.235507
-52,2,190.241509
-52,2,190.246509
-52,2,190.252511
-52,2,190.257512
-52,2,190.262514
-53,3,190.269515
-52,2,190.275516
-52,2,190.280517
-52,2,190.285518
-52,2,190.290519
-52,2,190.29552
-52,2,190.300522
-52,2,190.305522
-52,2,190.310524
-52,2,190.315525
-52,2,190.320526
-54,4,190.332528
-52,2,190.337529
-52,2,190.342531
-52,2,190.347532
-52,2,190.354533
-52,2,190.359535
-52,2,190.364536
-53,3,190.371538
-52,2,190.376539
-52,2,190.38154
-52,2,190.386541
-52,2,190.391542
-52,2,190.396543
-52,2,190.401544
-52,2,190.406545
-52,2,190.411546
-52,2,190.416548
-52,2,190.421549
-52,2,190.42755
-52,2,190.432551
-52,2,190.437552
-52,2,190.442554
-52,2,190.447554
-52,2,190.452555
-52,2,190.457556
-52,2,190.462558
-52,2,190.467558
-52,2,190.47256
-52,2,190.477561
-52,2,190.482562
-52,2,190.487563
-52,2,190.492564
-52,2,190.497565
-52,2,190.502567
-52,2,190.507567
-52,2,190.512569
-52,2,190.51757
-52,2,190.522571
-52,2,190.527572
-52,2,190.532573
-52,2,190.537574
-52,2,190.542575
-52,2,190.548577
-52,2,190.552577
-52,2,190.557579
-52,2,190.56258
-52,2,190.567582
-52,2,190.572582
-52,2,190.577583
-52,2,190.582584
-52,2,190.587585
-52,2,190.592587
-52,2,190.597588
-52,2,190.602589
-52,2,190.60759
-52,2,190.612591
-52,2,190.617592
-52,2,190.621593
-52,2,190.626594
-52,2,190.632596
-52,2,190.638597
-52,2,190.645599
-52,2,190.6506
-52,2,190.655601
-52,2,190.660602
-52,2,190.664603
-52,2,190.669604
-52,2,190.676606
-52,2,190.680606
-52,2,190.685607
-52,2,190.691609
-52,2,190.69661
-52,2,190.701611
-52,2,190.706612
-52,2,190.711613
-52,2,190.715614
-52,2,190.720615
-52,2,190.725616
-52,2,190.730617
-52,2,190.735619
-54,4,190.744621
-52,2,190.749622
-52,2,190.754622
-52,2,190.759624
-52,2,190.764625
-52,2,190.769626
-52,2,190.774627
-52,2,190.779628
-52,2,190.784629
-52,2,190.789631
-52,2,190.794632
-52,2,190.799633
-52,2,190.804634
-52,2,190.809635
-52,2,190.814637
-52,2,190.819637
-52,2,190.824638
-52,2,190.829639
-52,2,190.834641
-53,3,190.841642
-52,2,190.846643
-52,2,190.854645
-52,2,190.859646
-52,2,190.864647
-52,2,190.869648
-52,2,190.87465
-52,2,190.879651
-52,2,190.884652
-52,2,190.889653
-52,2,190.895654
-52,2,190.900656
-52,2,190.904656
-52,2,190.909657
-52,2,190.914659
-52,2,190.92066
-52,2,190.925661
-55,5,190.936664
-52,2,190.941665
-52,2,190.946665
-52,2,190.951667
-52,2,190.956668
-52,2,190.964669
-52,2,190.969671
-52,2,190.974672
-52,2,190.978673
-52,2,190.984674
-53,3,190.993676
-52,2,190.998677
-52,2,191.003679
-52,2,191.008679
-52,2,191.013681
-52,2,191.018682
-52,2,191.023683
-52,2,191.030684
-52,2,191.035685
-52,2,191.040686
-52,2,191.045688
-52,2,191.050689
-52,2,191.05569
-52,2,191.060691
-52,2,191.065692
-52,2,191.070693
-52,2,191.076694
-52,2,191.081696
-52,2,191.086697
-52,2,191.091698
-52,2,191.098699
-52,2,191.103701
-52,2,191.108702
-52,2,191.113703
-52,2,191.118704
-52,2,191.125705
-52,2,191.130707
-53,3,191.139709
-52,2,191.14471
-52,2,191.149711
-53,3,191.159713
-52,2,191.164715
-52,2,191.170716
-52,2,191.174716
-52,2,191.179718
-52,2,191.184719
-52,2,191.18972
-52,2,191.194721
-54,4,191.203723
-52,2,191.209724
-52,2,191.215726
-61,11,191.239731
-52,2,191.245732
-52,2,191.250733
-52,2,191.255735
-52,2,191.260736
-52,2,191.265737
-52,2,191.271739
-52,2,191.276739
-52,2,191.281741
-52,2,191.286741
-52,2,191.291743
-52,2,191.296744
-52,2,191.301746
-52,2,191.307746
-52,2,191.312747
-52,2,191.317748
-52,2,191.32275
-52,2,191.32775
-52,2,191.332752
-52,2,191.337753
-52,2,191.342754
-52,2,191.348755
-52,2,191.353756
-52,2,191.358758
-53,3,191.365759
-52,2,191.37076
-52,2,191.375761
-52,2,191.380762
-52,2,191.386763
-52,2,191.392765
-52,2,191.396766
-52,2,191.403768
-52,2,191.407769
-52,2,191.41377
-52,2,191.418771
-52,2,191.423772
-54,4,191.432774
-52,2,191.437775
-52,2,191.445777
-52,2,191.450778
-52,2,191.455779
-52,2,191.462781
-52,2,191.467782
-52,2,191.472783
-52,2,191.477784
-52,2,191.482785
-52,2,191.486786
-52,2,191.491788
-52,2,191.497789
-52,2,191.503793
-52,2,191.509794
-52,2,191.515795
-52,2,191.519796
-52,2,191.524797
-52,2,191.529799
-52,2,191.534799
-52,2,191.539801
-52,2,191.544802
-52,2,191.549803
-52,2,191.554804
-52,2,191.560806
-52,2,191.565806
-52,2,191.570808
-52,2,191.575809
-52,2,191.58081
-52,2,191.585811
-52,2,191.590812
-52,2,191.595814
-52,2,191.601815
-52,2,191.606816
-52,2,191.611817
-52,2,191.616818
-52,2,191.621819
-52,2,191.62682
-52,2,191.632822
-53,3,191.639823
-52,2,191.644825
-52,2,191.650826
-52,2,191.655827
-52,2,191.660828
-52,2,191.665829
-52,2,191.67083
-52,2,191.678831
-52,2,191.683833
-53,3,191.690834
-52,2,191.697836
-52,2,191.703838
-52,2,191.708839
-52,2,191.71384
-52,2,191.720841
-52,2,191.725842
-52,2,191.730843
-52,2,191.735844
-52,2,191.740846
-52,2,191.744847
-52,2,191.749847
-52,2,191.754849
-52,2,191.76285
-52,2,191.767852
-52,2,191.772853
-52,2,191.777854
-52,2,191.782855
-52,2,191.787856
-52,2,191.792857
-52,2,191.799859
-52,2,191.80486
-52,2,191.809861
-52,2,191.814862
-52,2,191.821864
-52,2,191.826865
-52,2,191.831866
-52,2,191.836867
-52,2,191.844869
-52,2,191.84987
-52,2,191.853871
-52,2,191.859872
-52,2,191.865874
-52,2,191.869874
-52,2,191.874876
-52,2,191.879877
-52,2,191.886878
-52,2,191.89188
-52,2,191.89688
-52,2,191.901882
-52,2,191.906883
-52,2,191.911884
-52,2,191.917885
-52,2,191.922886
-52,2,191.927887
-52,2,191.933889
-53,3,191.941891
-52,2,191.946892
-52,2,191.951893
-52,2,191.956894
-52,2,191.961895
-52,2,191.968896
-52,2,191.974898
-52,2,191.979899
-52,2,191.9849
-52,2,191.989901
-52,2,191.994902
-52,2,192.000904
-52,2,192.005905
-52,2,192.010906
-52,2,192.777077
-52,2,192.782078
-52,2,192.789079
-52,2,192.796081
-52,2,192.801082
-52,2,192.806084
-52,2,192.811084
-52,2,192.815085
-52,2,192.820086
-52,2,192.825089
-52,2,192.830089
-52,2,192.83509
-52,2,192.840091
-52,2,192.845092
-52,2,192.850093
-52,2,192.856094
-52,2,192.861095
-52,2,192.866097
-52,2,192.871098
-52,2,192.876099
-52,2,192.8811
-52,2,192.886101
-52,2,192.891102
-52,2,192.895103
-52,2,192.901104
-52,2,192.906106
-52,2,192.913107
-52,2,192.918108
-52,2,192.92311
-52,2,192.92811
-52,2,192.933112
-52,2,192.938112
-52,2,192.942114
-52,2,192.947115
-52,2,192.952116
-52,2,192.959117
-53,3,192.966119
-52,2,192.972121
-52,2,192.977121
-52,2,192.982123
-52,2,192.987124
-52,2,192.991125
-52,2,192.996125
-52,2,193.001127
-52,2,193.006128
-52,2,193.012129
-52,2,193.01713
-52,2,193.022132
-52,2,193.027132
-52,2,193.032134
-52,2,193.037135
-52,2,193.043136
-52,2,193.049138
-52,2,193.054138
-52,2,193.05914
-52,2,193.064141
-52,2,193.069142
-52,2,193.076144
-52,2,193.081145
-52,2,193.086146
-52,2,193.093148
-52,2,193.097148
-52,2,193.102149
-52,2,193.10715
-52,2,193.112152
-52,2,193.118153
-52,2,193.123154
-52,2,193.130156
-52,2,193.136157
-52,2,193.141158
-52,2,193.146159
-52,2,193.15016
-52,2,193.155161
-52,2,193.160162
-52,2,193.165163
-52,2,193.170164
-52,2,193.175165
-52,2,193.180166
-52,2,193.186168
-52,2,193.190169
-52,2,193.19617
-52,2,193.201172
-52,2,193.207173
-54,4,193.216175
-52,2,193.221176
-52,2,193.226177
-52,2,193.230178
-52,2,193.235179
-52,2,193.24018
-52,2,193.245181
-52,2,193.250182
-54,4,193.259184
-52,2,193.264186
-52,2,193.269186
-52,2,193.274188
-52,2,193.279189
-52,2,193.28419
-52,2,193.289191
-52,2,193.294192
-52,2,193.299193
-52,2,193.304196
-52,2,193.308195
-55,5,193.320198
-52,2,193.325199
-52,2,193.3302
-52,2,193.335201
-52,2,193.340202
-52,2,193.345204
-52,2,193.350205
-52,2,193.355206
-52,2,193.360207
-52,2,193.364208
-52,2,193.369209
-52,2,193.37421
-52,2,193.382212
-52,2,193.387213
-52,2,193.395215
-52,2,193.400216
-52,2,193.405217
-52,2,193.410218
-52,2,193.41522
-52,2,193.42022
-52,2,193.425221
-52,2,193.430223
-52,2,193.435224
-52,2,193.440225
-52,2,193.445225
-54,4,193.454228
-52,2,193.459229
-52,2,193.46423
-52,2,193.468231
-52,2,193.475233
-52,2,193.480233
-52,2,193.485235
-52,2,193.490236
-52,2,193.495237
-52,2,193.500238
-52,2,193.50524
-52,2,193.509372
-52,2,193.514374
-52,2,193.519375
-52,2,193.525376
-52,2,193.529377
-52,2,193.534378
-52,2,193.53938
-52,2,193.54438
-52,2,193.549381
-52,2,193.554382
-52,2,193.559384
-52,2,193.564385
-52,2,193.571386
-52,2,193.576387
-52,2,193.581389
-52,2,193.58639
-52,2,193.591391
-52,2,193.596392
-52,2,193.601393
-53,3,193.608395
-52,2,193.613395
-52,2,193.619397
-52,2,193.624398
-52,2,193.629399
-52,2,193.634401
-52,2,193.639401
-52,2,193.644403
-52,2,193.649404
-54,4,193.658406
-52,2,193.663407
-52,2,193.668408
-52,2,193.673409
-52,2,193.678411
-52,2,193.683412
-52,2,193.688412
-52,2,193.693414
-52,2,193.698415
-52,2,193.703416
-52,2,193.707417
-52,2,193.712418
-52,2,193.717419
-52,2,193.72242
-52,2,193.727421
-52,2,193.734423
-52,2,193.739424
-52,2,193.744425
-52,2,193.749426
-52,2,193.754427
-52,2,193.759428
-52,2,193.76443
-52,2,193.769431
-52,2,193.774432
-52,2,193.779433
-52,2,193.784435
-52,2,193.789435
-52,2,193.795553
-52,2,193.800554
-52,2,193.805555
-52,2,193.810556
-52,2,193.815558
-52,2,193.821559
-52,2,193.82556
-52,2,193.830561
-52,2,193.835562
-52,2,193.840564
-52,2,193.845564
-52,2,193.850565
-52,2,193.855567
-52,2,193.860568
-52,2,193.865569
-52,2,193.87057
-52,2,193.875571
-52,2,193.880572
-52,2,193.884573
-52,2,193.889574
-52,2,193.895575
-52,2,193.900576
-52,2,193.905578
-52,2,193.91258
-52,2,193.91758
-52,2,193.922582
-52,2,193.926583
-52,2,193.932584
-52,2,193.937585
-52,2,193.944587
-52,2,193.949589
-52,2,193.954589
-52,2,193.95859
-52,2,193.963591
-52,2,193.968592
-52,2,193.974593
-52,2,193.979594
-52,2,193.984596
-52,2,193.989597
-52,2,193.995598
-52,2,194.0006
-52,2,194.0056
-52,2,194.010601
-53,3,194.017603
-52,2,194.024605
-52,2,194.029605
-52,2,194.034607
-52,2,194.039608
-52,2,194.044609
-52,2,194.04961
-52,2,194.054611
-52,2,194.059612
-52,2,194.064614
-52,2,194.068614
-52,2,194.073615
-52,2,194.080617
-53,3,194.087618
-52,2,194.09262
-52,2,194.09762
-54,4,194.106622
-52,2,194.111624
-53,3,194.118625
-52,2,194.123627
-52,2,194.128627
-52,2,194.133629
-52,2,194.138629
-52,2,194.143631
-52,2,194.150632
-52,2,194.155634
-52,2,194.160635
-52,2,194.165636
-52,2,194.172638
-52,2,194.177638
-52,2,194.18264
-52,2,194.186641
-52,2,194.191642
-52,2,194.196643
-52,2,194.201644
-52,2,194.206645
-52,2,194.211646
-52,2,194.216647
-52,2,194.223649
-52,2,194.22865
-52,2,194.233651
-52,2,194.238652
-52,2,194.244654
-52,2,194.249654
-52,2,194.254656
-52,2,194.259657
-52,2,194.266658
-52,2,194.270659
-52,2,194.27566
-52,2,194.280662
-52,2,194.285662
-52,2,194.290664
-52,2,194.296665
-52,2,194.301666
-52,2,194.306667
-52,2,194.312669
-52,2,194.31767
-52,2,194.321671
-52,2,194.326671
-52,2,194.331673
-52,2,194.336674
-52,2,194.341675
-52,2,194.346676
-52,2,194.351678
-52,2,194.356678
-52,2,194.361679
-52,2,194.366681
-52,2,194.371682
-52,2,194.376683
-52,2,194.381684
-52,2,194.386685
-52,2,194.391686
-52,2,194.396687
-52,2,194.401688
-52,2,194.406689
-52,2,194.41169
-52,2,194.416692
-52,2,194.423693
-52,2,194.427695
-52,2,194.432696
-52,2,194.437696
-52,2,194.442698
-52,2,194.447699
-52,2,194.4527
-52,2,194.457701
-52,2,194.462702
-52,2,194.468703
-52,2,194.473704
-52,2,194.478706
-52,2,194.483706
-52,2,194.488708
-52,2,194.493709
-52,2,194.498711
-52,2,194.503711
-52,2,194.509712
-52,2,194.516714
-52,2,194.521715
-52,2,194.526716
-52,2,194.532718
-52,2,194.537719
-52,2,194.54372
-52,2,194.548721
-52,2,194.553723
-53,3,194.562725
-52,2,194.567726
-52,2,194.572728
-52,2,194.577728
-52,2,194.582729
-53,3,194.58973
-52,2,194.594732
-52,2,194.599733
-52,2,194.604734
-52,2,194.609735
-52,2,194.614736
-53,3,194.621737
-52,2,194.626739
-52,2,194.63174
-52,2,194.636741
-52,2,194.640741
-53,3,194.647743
-52,2,194.652745
-52,2,194.657746
-52,2,194.662747
-52,2,194.667748
-52,2,194.672749
-53,3,194.67975
-52,2,194.684752
-52,2,194.689753
-52,2,194.694754
-52,2,194.699755
-52,2,194.704756
-52,2,194.709757
-52,2,194.714758
-54,4,194.72376
-52,2,194.727762
-52,2,194.735975
-52,2,194.741976
-52,2,194.746977
-52,2,194.751978
-52,2,194.756979
-52,2,194.76198
-52,2,194.766981
-53,3,194.773983
-52,2,194.778984
-52,2,194.785986
-52,2,194.790987
-52,2,194.795988
-52,2,194.800989
-52,2,194.80699
-52,2,194.810992
-52,2,194.815992
-52,2,194.820993
-53,3,194.827995
-52,2,194.832997
-52,2,194.837997
-52,2,194.842998
-52,2,194.849
-52,2,194.853002
-52,2,194.858002
-52,2,194.863003
-52,2,194.869004
-52,2,194.876006
-52,2,194.881007
-52,2,194.887008
-52,2,194.89301
-52,2,194.89801
-52,2,194.903013
-52,2,194.908013
-52,2,194.912014
-52,2,194.917015
-52,2,194.922016
-54,4,194.931018
-52,2,194.93602
-52,2,194.94102
-52,2,194.946022
-52,2,194.951023
-52,2,194.956024
-52,2,194.961025
-52,2,194.968026
-52,2,194.973028
-52,2,194.978029
-52,2,194.98503
-52,2,194.991032
-52,2,194.997033
-52,2,195.003034
-54,4,195.013037
-52,2,195.019038
-52,2,195.02504
-52,2,195.03004
-52,2,195.036041
-52,2,195.041043
-52,2,195.047044
-52,2,195.053046
-52,2,195.058046
-52,2,195.062047
-52,2,195.067049
-52,2,195.072049
-52,2,195.077051
-52,2,195.082052
-52,2,195.087053
-52,2,195.092054
-52,2,195.098055
-52,2,195.103057
-52,2,195.108058
-52,2,195.113059
-52,2,195.11806
-52,2,195.122061
-52,2,195.129062
-52,2,195.134064
-52,2,195.139064
-52,2,195.144066
-52,2,195.149067
-52,2,195.155068
-56,6,195.169071
-52,2,195.173072
-52,2,195.178073
-52,2,195.183075
-52,2,195.189075
-52,2,195.194077
-52,2,195.199078
-52,2,195.204079
-53,3,195.21108
-54,4,195.220083
-52,2,195.225084
-52,2,195.230085
-52,2,195.235086
-52,2,195.240087
-52,2,195.245089
-52,2,195.250089
-52,2,195.25409
-52,2,195.259091
-52,2,195.265093
-52,2,195.271094
-52,2,195.276095
-52,2,195.282096
-52,2,195.288098
-52,2,195.2931
-52,2,195.2981
-52,2,195.303101
-52,2,195.308102
-52,2,195.313104
-52,2,195.318105
-52,2,195.322106
-52,2,195.327106
-52,2,195.332108
-52,2,195.337109
-52,2,195.34211
-52,2,195.347111
-52,2,195.352112
-52,2,195.357114
-52,2,195.364115
-52,2,195.369116
-52,2,195.374117
-54,4,195.384119
-52,2,195.38812
-52,2,195.393122
-52,2,195.399122
-52,2,195.404124
-52,2,195.409125
-52,2,195.414126
-52,2,195.419127
-52,2,195.424128
-52,2,195.430129
-53,3,195.437131
-52,2,195.442132
-52,2,195.448134
-52,2,195.453135
-52,2,195.459136
-52,2,195.464137
-52,2,195.469138
-52,2,195.474139
-52,2,195.481141
-52,2,195.486142
-52,2,195.491143
-52,2,195.496144
-52,2,195.501146
-53,3,195.508147
-52,2,195.513148
-52,2,195.518149
-52,2,195.523151
-52,2,195.527151
-52,2,195.532152
-52,2,195.539154
-52,2,195.544155
-52,2,195.549156
-52,2,195.554158
-52,2,195.559158
-52,2,195.56416
-52,2,195.57016
-52,2,195.577162
-52,2,195.582164
-52,2,195.587164
-52,2,195.593166
-52,2,195.598167
-52,2,195.602168
-52,2,195.607169
-52,2,195.61217
-53,3,195.619171
-52,2,195.624173
-52,2,195.629174
-52,2,195.634175
-52,2,195.639176
-52,2,195.644177
-52,2,195.649179
-52,2,195.65518
-52,2,195.660181
-52,2,195.665182
-52,2,195.670183
-52,2,195.675184
-52,2,195.680185
-52,2,195.686187
-52,2,195.691188
-52,2,195.696189
-52,2,195.70119
-52,2,195.706191
-52,2,195.711192
-52,2,195.715193
-52,2,195.721194
-52,2,195.725196
-52,2,195.731196
-52,2,195.737198
-53,3,195.7442
-52,2,195.7492
-52,2,195.754202
-52,2,195.759203
-52,2,195.763204
-52,2,195.768205
-52,2,195.773206
-52,2,195.778207
-52,2,195.783208
-52,2,195.78821
-52,2,195.795211
-52,2,195.800212
-52,2,195.805213
-52,2,195.810214
-56,6,195.823217
-52,2,195.828218
-52,2,195.83322
-52,2,195.838221
-52,2,195.843222
-52,2,195.849223
-52,2,195.854224
-52,2,195.859226
-52,2,195.864226
-52,2,195.869228
-52,2,195.874228
-52,2,195.87923
-52,2,195.884231
-52,2,195.889232
-52,2,195.895233
-52,2,195.900234
-52,2,195.905236
-52,2,195.910236
-52,2,195.915238
-52,2,195.920239
-52,2,195.92624
-52,2,195.930241
-52,2,195.936243
-52,2,195.941243
-52,2,195.946245
-52,2,195.951246
-52,2,195.956247
-52,2,195.961248
-52,2,195.965249
-52,2,195.970251
-53,3,195.977252
-52,2,195.983253
-52,2,195.988254
-52,2,195.992255
-52,2,195.997256
-52,2,196.002257
-52,2,196.007258
-52,2,196.01226
-52,2,196.01726
-52,2,196.022262
-52,2,196.027262
-52,2,196.032264
-52,2,196.037265
-52,2,196.042266
-52,2,196.047267
-52,2,196.052268
-52,2,196.059269
-52,2,196.065271
-52,2,196.070272
-52,2,196.075274
-52,2,196.080275
-52,2,196.085276
-52,2,196.089277
-52,2,196.094278
-52,2,196.099279
-52,2,196.10428
-52,2,196.110281
-52,2,196.115283
-52,2,196.120283
-52,2,196.125285
-52,2,196.129285
-52,2,196.134286
-54,4,196.143289
-52,2,196.14829
-52,2,196.156292
-52,2,196.161292
-52,2,196.166294
-52,2,196.170294
-52,2,196.175296
-52,2,196.180297
-52,2,196.187298
-52,2,196.1923
-52,2,196.1973
-52,2,196.202302
-52,2,196.207303
-52,2,196.213305
-52,2,196.218305
-52,2,196.223307
-52,2,196.229307
-52,2,196.235309
-52,2,196.24031
-52,2,196.245311
-52,2,196.250312
-52,2,196.255315
-52,2,196.260314
-52,2,196.267316
-52,2,196.272317
-52,2,196.277318
-52,2,196.28232
-52,2,196.287321
-52,2,196.292322
-52,2,196.297323
-52,2,196.302324
-52,2,196.307325
-52,2,196.312326
-52,2,196.317328
-52,2,196.322328
-52,2,196.32833
-52,2,196.333331
-52,2,196.338332
-52,2,196.343333
-52,2,196.351335
-52,2,196.356336
-52,2,196.361337
-52,2,196.366338
-52,2,196.371339
-52,2,196.376341
-52,2,196.380342
-52,2,196.385343
-52,2,196.392344
-52,2,196.397345
-52,2,196.403347
-52,2,196.408348
-52,2,196.413349
-52,2,196.41835
-52,2,196.423351
-52,2,196.428352
-52,2,196.432353
-52,2,196.437354
-52,2,196.442355
-52,2,196.448356
-52,2,196.453358
-52,2,196.459359
-52,2,196.46436
-52,2,196.469361
-52,2,196.474363
-52,2,196.479363
-52,2,196.484365
-52,2,196.489366
-52,2,196.494367
-52,2,196.500368
-52,2,196.505369
-52,2,196.511371
-52,2,196.516371
-52,2,196.521373
-52,2,196.526374
-52,2,196.531375
-52,2,196.536376
-52,2,196.541377
-52,2,196.546379
-52,2,196.551379
-52,2,196.556381
-52,2,196.561382
-52,2,196.566383
-52,2,196.571384
-52,2,196.577385
-52,2,196.581387
-52,2,196.586388
-52,2,196.591388
-52,2,196.59639
-52,2,196.601391
-52,2,196.608392
-52,2,196.613394
-52,2,196.618394
-52,2,196.623396
-52,2,196.628397
-52,2,196.633398
-52,2,196.638399
-52,2,196.6434
-52,2,196.650402
-53,3,196.657403
-52,2,196.662404
-52,2,196.667405
-52,2,196.672407
-52,2,196.677408
-52,2,196.682409
-52,2,196.68941
-52,2,196.694411
-52,2,196.699413
-52,2,196.704414
-52,2,196.709415
-52,2,196.714417
-52,2,196.718417
-52,2,196.723418
-52,2,196.728419
-52,2,196.73342
-52,2,196.738421
-52,2,196.743423
-52,2,196.748424
-52,2,196.753425
-52,2,196.760426
-52,2,196.765428
-52,2,196.769428
-52,2,196.77543
-52,2,196.780431
-52,2,196.785432
-52,2,196.791433
-52,2,196.796434
-52,2,196.801435
-52,2,196.808437
-52,2,196.813438
-52,2,196.818439
-52,2,196.82244
-52,2,196.827441
-52,2,196.832442
-52,2,196.837443
-52,2,196.844445
-52,2,196.849446
-52,2,196.855447
-52,2,196.860448
-52,2,196.86545
-52,2,196.870451
-52,2,196.874452
-52,2,196.879453
-52,2,196.884454
-52,2,196.889455
-52,2,196.895457
-52,2,196.900458
-52,2,196.907459
-52,2,196.91246
-52,2,196.917461
-52,2,196.922462
-52,2,196.928464
-52,2,196.935466
-52,2,196.940466
-52,2,196.945468
-52,2,196.951469
-52,2,196.95647
-52,2,196.962471
-52,2,196.967473
-52,2,196.972474
-52,2,196.977475
-52,2,196.982476
-52,2,196.986477
-52,2,196.991478
-52,2,196.996479
-52,2,197.00148
-52,2,197.008481
-52,2,197.015483
-52,2,197.020484
-52,2,197.025486
-53,3,197.032487
-52,2,197.037488
-53,3,197.04449
-52,2,197.049491
-53,3,197.056492
-52,2,197.061493
-52,2,197.066494
-52,2,197.072496
-52,2,197.078497
-52,2,197.085499
-52,2,197.0905
-52,2,197.095501
-52,2,197.099502
-52,2,197.104504
-52,2,197.109505
-53,3,197.116506
-53,3,197.123507
-52,2,197.128509
-52,2,197.13351
-52,2,197.13851
-52,2,197.144513
-52,2,197.149513
-52,2,197.154514
-52,2,197.159515
-52,2,197.164516
-52,2,197.171518
-52,2,197.176519
-52,2,197.18152
-52,2,197.186521
-52,2,197.191522
-52,2,197.196524
-52,2,197.201524
-52,2,197.206526
-52,2,197.211527
-52,2,197.216528
-52,2,197.22353
-52,2,197.22853
-54,4,197.237532
-52,2,197.242534
-54,4,197.251536
-52,2,197.256537
-52,2,197.260538
-52,2,197.265539
-52,2,197.27054
-52,2,197.275541
-52,2,197.280542
-52,2,197.285543
-52,2,197.290545
-52,2,197.296546
-52,2,197.301547
-52,2,197.307548
-52,2,197.312549
-52,2,197.317551
-52,2,197.322552
-52,2,197.326553
-52,2,197.331554
-52,2,197.336555
-52,2,197.341556
-52,2,197.346557
-52,2,197.351558
-52,2,197.356559
-52,2,197.36156
-52,2,197.366561
-52,2,197.372563
-52,2,197.377564
-52,2,197.382565
-52,2,197.387566
-52,2,197.393568
-52,2,197.398569
-52,2,197.40357
-52,2,197.408571
-52,2,197.413572
-52,2,197.418573
-52,2,197.423574
-52,2,197.428575
-52,2,197.433576
-52,2,197.438577
-52,2,197.443579
-52,2,197.44858
-52,2,197.453581
-52,2,197.458582
-52,2,197.463583
-52,2,197.469584
-52,2,197.474586
-52,2,197.479587
-52,2,197.484588
-52,2,197.489589
-54,4,197.498591
-52,2,197.503592
-52,2,197.507593
-52,2,197.512594
-52,2,197.517595
-52,2,197.522597
-52,2,197.527598
-52,2,197.532599
-52,2,197.540601
-52,2,197.545602
-52,2,197.550603
-52,2,197.555604
-52,2,197.560605
-52,2,197.565606
-52,2,197.570607
-52,2,197.575609
-52,2,197.580609
-52,2,197.586611
-52,2,197.591612
-52,2,197.596613
-53,3,197.603615
-52,2,197.608615
-52,2,197.613617
-52,2,197.618617
-52,2,197.623619
-52,2,197.62862
-52,2,197.633621
-52,2,197.638622
-52,2,197.643624
-52,2,197.648624
-52,2,197.653626
-52,2,197.658626
-52,2,197.663628
-52,2,197.668629
-52,2,197.67463
-52,2,197.678632
-52,2,197.683632
-52,2,197.688633
-52,2,197.693634
-52,2,197.698636
-52,2,197.703637
-52,2,197.708638
-52,2,197.713639
-52,2,197.719641
-52,2,197.724641
-52,2,197.728642
-52,2,197.733644
-52,2,197.738644
-52,2,197.743646
-52,2,197.748647
-52,2,197.754648
-52,2,197.759649
-52,2,197.764651
-54,4,197.773653
-52,2,197.779654
-52,2,197.783655
-52,2,197.788656
-52,2,197.793657
-52,2,197.800658
-52,2,197.804659
-52,2,197.80966
-52,2,197.814662
-52,2,197.820662
-52,2,197.825664
-52,2,197.830666
-53,3,197.838667
-52,2,197.843668
-52,2,197.848669
-53,3,197.855671
-52,2,197.860672
-52,2,197.866673
-52,2,197.871674
-52,2,197.876675
-52,2,197.881676
-52,2,197.885677
-52,2,197.891678
-52,2,197.896683
-52,2,197.900683
-52,2,197.905685
-52,2,197.910686
-52,2,197.915687
-52,2,197.920688
-52,2,197.925689
-52,2,197.93069
-52,2,197.935692
-52,2,197.941693
-52,2,197.946694
-52,2,197.951695
-52,2,197.956696
-52,2,197.964698
-52,2,197.970699
-52,2,197.9757
-52,2,197.980701
-52,2,197.987703
-52,2,197.991704
-52,2,197.998706
-52,2,198.003707
-52,2,198.008707
-52,2,198.013709
-52,2,198.01871
-52,2,198.023711
-52,2,198.786882
-52,2,198.791882
-52,2,198.796884
-52,2,198.802507
-52,2,198.810013
-52,2,198.816014
-52,2,198.821015
-52,2,198.826016
-52,2,198.830017
-52,2,198.835019
-52,2,198.840019
-52,2,198.845021
-52,2,198.853023
-52,2,198.858024
-52,2,198.863024
-52,2,198.868026
-52,2,198.874027
-52,2,198.879028
-52,2,198.88403
-52,2,198.88903
-52,2,198.894032
-52,2,198.899033
-52,2,198.904034
-52,2,198.909035
-52,2,198.914036
-52,2,198.919037
-52,2,198.924038
-52,2,198.93004
-53,3,198.938042
-52,2,198.942042
-54,4,198.952044
-52,2,198.957046
-52,2,198.962047
-52,2,198.966048
-52,2,198.971049
-52,2,198.97605
-53,3,198.983051
-52,2,198.988053
-52,2,198.993053
-52,2,198.998055
-52,2,199.004056
-52,2,199.009057
-52,2,199.014059
-52,2,199.019059
-53,3,199.026062
-52,2,199.031062
-52,2,199.036064
-52,2,199.041065
-52,2,199.048066
-52,2,199.053067
-52,2,199.058069
-52,2,199.063069
-52,2,199.068071
-52,2,199.073071
-52,2,199.078073
-52,2,199.083074
-52,2,199.088075
-52,2,199.093076
-52,2,199.098077
-52,2,199.103078
-52,2,199.108079
-52,2,199.116081
-52,2,199.120082
-52,2,199.127083
-52,2,199.132085
-52,2,199.139086
-52,2,199.144088
-53,3,199.151089
-52,2,199.15609
-52,2,199.161091
-52,2,199.166092
-52,2,199.171093
-52,2,199.176095
-52,2,199.181096
-52,2,199.186097
-52,2,199.191098
-52,2,199.196099
-52,2,199.2011
-52,2,199.206102
-52,2,199.211102
-52,2,199.217104
-52,2,199.222105
-52,2,199.227106
-52,2,199.232107
-52,2,199.237108
-52,2,199.242109
-52,2,199.24711
-52,2,199.252111
-52,2,199.257113
-52,2,199.261113
-52,2,199.266115
-52,2,199.271116
-52,2,199.276117
-52,2,199.282118
-52,2,199.286119
-54,4,199.298121
-52,2,199.303123
-52,2,199.308124
-52,2,199.313125
-52,2,199.320127
-52,2,199.325128
-52,2,199.330129
-52,2,199.33513
-52,2,199.340131
-52,2,199.345132
-52,2,199.349133
-52,2,199.355134
-52,2,199.360136
-52,2,199.365137
-52,2,199.370138
-52,2,199.37714
-52,2,199.38214
-52,2,199.387141
-52,2,199.391142
-52,2,199.396144
-52,2,199.401145
-52,2,199.406146
-52,2,199.411147
-52,2,199.416148
-54,4,199.42515
-52,2,199.430151
-52,2,199.435153
-52,2,199.440154
-52,2,199.445154
-52,2,199.450155
-52,2,199.455157
-52,2,199.460158
-52,2,199.465159
-52,2,199.47016
-52,2,199.477162
-52,2,199.482163
-52,2,199.488164
-52,2,199.492165
-52,2,199.497166
-52,2,199.502167
-52,2,199.508169
-52,2,199.51317
-52,2,199.518171
-52,2,199.523172
-52,2,199.528173
-52,2,199.533174
-52,2,199.538176
-52,2,199.544177
-52,2,199.549178
-52,2,199.55418
-52,2,199.55918
-52,2,199.564181
-52,2,199.569182
-52,2,199.574183
-52,2,199.579185
-52,2,199.584186
-52,2,199.589187
-52,2,199.594188
-52,2,199.598189
-52,2,199.60319
-52,2,199.608191
-52,2,199.613192
-52,2,199.618193
-52,2,199.623194
-52,2,199.628195
-52,2,199.633196
-52,2,199.639198
-52,2,199.644199
-52,2,199.6492
-52,2,199.654202
-52,2,199.659202
-52,2,199.664204
-52,2,199.669204
-52,2,199.674206
-52,2,199.679207
-52,2,199.684208
-52,2,199.689209
-52,2,199.694211
-52,2,199.702212
-52,2,199.708214
-52,2,199.713214
-52,2,199.718215
-52,2,199.723217
-52,2,199.728218
-52,2,199.734219
-52,2,199.73822
-52,2,199.743221
-52,2,199.748222
-52,2,199.753223
-52,2,199.758224
-52,2,199.763225
-52,2,199.770227
-52,2,199.775228
-52,2,199.780229
-52,2,199.786231
-52,2,199.791232
-52,2,199.797233
-52,2,199.802234
-52,2,199.807235
-52,2,199.811237
-52,2,199.817237
-52,2,199.822238
-52,2,199.82824
-52,2,199.833241
-52,2,199.840242
-52,2,199.845244
-52,2,199.850245
-52,2,199.855246
-52,2,199.861247
-52,2,199.866249
-52,2,199.871249
-52,2,199.876251
-52,2,199.881252
-52,2,199.886253
-52,2,199.893255
-52,2,199.898255
-52,2,199.903257
-52,2,199.908258
-52,2,199.913259
-52,2,199.91826
-52,2,199.923261
-52,2,199.928262
-52,2,199.933264
-53,3,199.940265
-52,2,199.946266
-52,2,199.952268
-52,2,199.956271
-52,2,199.96127
-52,2,199.966271
-52,2,199.971272
-52,2,199.976273
-52,2,199.981274
-52,2,199.986275
-52,2,199.991277
-52,2,199.996278
-52,2,200.001279
-52,2,200.00628
-52,2,200.010281
-52,2,200.015282
-52,2,200.020283
-52,2,200.025284
-52,2,200.030285
-52,2,200.035286
-52,2,200.040287
-52,2,200.045288
-52,2,200.050289
-52,2,200.05529
-52,2,200.060292
-52,2,200.068293
-52,2,200.072294
-52,2,200.077296
-52,2,200.082297
-52,2,200.087298
-52,2,200.092299
-52,2,200.0973
-52,2,200.102301
-52,2,200.107302
-52,2,200.112303
-52,2,200.117305
-52,2,200.122305
-52,2,200.127307
-52,2,200.132308
-52,2,200.139309
-52,2,200.144312
-52,2,200.150312
-52,2,200.157314
-52,2,200.162314
-52,2,200.167316
-52,2,200.174317
-52,2,200.179319
-52,2,200.18532
-52,2,200.190321
-52,2,200.195322
-52,2,200.201323
-52,2,200.206325
-52,2,200.211325
-52,2,200.216327
-52,2,200.220328
-53,3,200.22733
-52,2,200.23233
-52,2,200.237331
-52,2,200.242332
-52,2,200.247334
-52,2,200.252334
-52,2,200.257336
-52,2,200.262338
-52,2,200.267338
-52,2,200.271338
-52,2,200.27734
-52,2,200.281341
-52,2,200.288343
-52,2,200.293344
-52,2,200.299345
-52,2,200.304347
-52,2,200.309347
-52,2,200.314356
-52,2,200.319353
-52,2,200.324354
-52,2,200.329356
-52,2,200.334357
-52,2,200.338357
-52,2,200.345359
-52,2,200.35036
-52,2,200.356362
-52,2,200.360362
-52,2,200.365363
-52,2,200.370364
-52,2,200.375365
-52,2,200.380367
-52,2,200.385368
-52,2,200.390369
-52,2,200.39537
-52,2,200.400371
-52,2,200.406373
-52,2,200.411373
-52,2,200.416375
-52,2,200.421376
-52,2,200.426377
-52,2,200.431378
-52,2,200.436379
-52,2,200.441381
-52,2,200.446381
-52,2,200.451382
-52,2,200.456384
-52,2,200.460384
-52,2,200.465385
-52,2,200.470387
-52,2,200.476388
-52,2,200.481389
-52,2,200.48639
-52,2,200.491392
-52,2,200.496393
-52,2,200.501394
-53,3,200.508395
-52,2,200.513396
-52,2,200.518397
-52,2,200.523398
-52,2,200.528399
-52,2,200.533401
-52,2,200.540403
-52,2,200.545404
-52,2,200.550405
-52,2,200.555406
-52,2,200.562407
-52,2,200.567409
-52,2,200.57241
-52,2,200.577411
-52,2,200.582412
-52,2,200.586413
-52,2,200.591413
-52,2,200.596415
-52,2,200.601416
-52,2,200.608418
-52,2,200.613419
-52,2,200.62042
-52,2,200.625421
-52,2,200.630423
-52,2,200.634424
-52,2,200.639425
-52,2,200.644426
-52,2,200.649427
-52,2,200.654428
-52,2,200.659429
-52,2,200.666431
-52,2,200.671432
-52,2,200.676433
-52,2,200.681434
-52,2,200.686435
-52,2,200.691436
-52,2,200.697437
-52,2,200.701438
-52,2,200.706439
-52,2,200.711441
-52,2,200.716442
-52,2,200.721443
-53,3,200.730445
-52,2,200.735446
-52,2,200.739447
-52,2,200.744448
-52,2,200.749449
-52,2,200.75445
-52,2,200.759451
-52,2,200.764452
-52,2,200.769453
-52,2,200.774455
-52,2,200.779456
-52,2,200.784457
-52,2,200.789458
-52,2,200.79446
-52,2,200.79946
-52,2,200.803462
-52,2,200.808463
-52,2,200.813463
-52,2,200.818464
-52,2,200.823465
-52,2,200.828466
-52,2,200.833467
-52,2,200.838469
-53,3,200.845471
-52,2,200.850471
-52,2,200.855473
-52,2,200.860474
-52,2,200.865475
-52,2,200.870476
-52,2,200.875478
-52,2,200.882479
-52,2,200.88748
-52,2,200.893481
-52,2,200.898483
-52,2,200.902483
-54,4,200.912485
-52,2,200.918486
-52,2,200.922488
-52,2,200.927489
-52,2,200.93249
-52,2,200.939492
-52,2,200.944493
-52,2,200.950494
-52,2,200.955495
-52,2,200.960496
-52,2,200.965497
-52,2,200.970499
-52,2,200.975499
-52,2,200.9805
-52,2,200.985502
-52,2,200.990503
-52,2,200.995504
-52,2,201.000505
-52,2,201.005506
-52,2,201.010507
-52,2,201.015508
-52,2,201.020509
-52,2,201.025511
-52,2,201.029512
-52,2,201.036513
-52,2,201.041514
-52,2,201.046516
-52,2,201.053517
-52,2,201.058518
-52,2,201.063519
-52,2,201.06752
-52,2,201.073521
-52,2,201.078523
-52,2,201.083524
-52,2,201.089525
-52,2,201.094527
-52,2,201.099527
-52,2,201.104528
-52,2,201.109529
-52,2,201.114531
-52,2,201.119531
-52,2,201.124533
-52,2,201.130534
-52,2,201.135535
-52,2,201.142537
-52,2,201.146538
-52,2,201.151539
-52,2,201.15654
-52,2,201.161541
-52,2,201.166543
-52,2,201.171543
-52,2,201.176544
-52,2,201.181545
-52,2,201.186547
-52,2,201.191547
-52,2,201.196549
-52,2,201.20155
-52,2,201.205551
-52,2,201.213552
-52,2,201.218553
-52,2,201.223555
-52,2,201.227556
-52,2,201.232557
-52,2,201.239558
-52,2,201.24556
-52,2,201.24956
-52,2,201.256563
-52,2,201.261563
-52,2,201.266565
-52,2,201.271565
-52,2,201.279567
-52,2,201.284569
-52,2,201.28957
-52,2,201.294571
-52,2,201.299572
-52,2,201.304573
-52,2,201.312575
-52,2,201.317576
-52,2,201.322577
-52,2,201.326578
-52,2,201.333579
-52,2,201.338581
-52,2,201.343581
-52,2,201.348583
-52,2,201.353584
-52,2,201.358585
-52,2,201.363586
-52,2,201.368587
-52,2,201.373588
-52,2,201.378589
-52,2,201.38359
-52,2,201.388592
-52,2,201.393593
-52,2,201.398594
-52,2,201.403595
-52,2,201.407596
-52,2,201.412597
-52,2,201.417598
-52,2,201.423599
-52,2,201.429601
-52,2,201.436603
-52,2,201.440603
-52,2,201.445604
-52,2,201.450605
-52,2,201.455607
-52,2,201.460608
-52,2,201.467609
-52,2,201.47261
-52,2,201.477612
-52,2,201.482203
-53,3,201.490205
-52,2,201.495206
-52,2,201.500207
-52,2,201.505209
-52,2,201.51021
-52,2,201.515211
-52,2,201.520211
-52,2,201.525213
-52,2,201.531214
-52,2,201.536215
-52,2,201.542217
-52,2,201.547218
-52,2,201.553219
-52,2,201.559221
-52,2,201.566222
-52,2,201.570223
-52,2,201.575224
-52,2,201.580225
-52,2,201.585227
-52,2,201.590228
-52,2,201.595229
-52,2,201.60023
-52,2,201.605231
-52,2,201.610232
-52,2,201.617234
-52,2,201.622235
-54,4,201.631237
-52,2,201.636238
-52,2,201.643239
-52,2,201.64824
-52,2,201.653242
-52,2,201.660243
-52,2,201.666244
-52,2,201.671245
-52,2,201.676246
-52,2,201.681248
-52,2,201.686249
-52,2,201.69225
-52,2,201.697252
-52,2,201.703253
-52,2,201.709254
-52,2,201.714255
-52,2,201.719256
-52,2,201.725258
-52,2,201.730259
-52,2,201.73626
-52,2,201.743261
-52,2,201.749263
-52,2,201.754264
-52,2,201.759265
-52,2,201.766267
-53,3,201.774268
-52,2,201.78127
-52,2,201.785271
-52,2,201.790272
-52,2,201.795273
-52,2,201.800274
-52,2,201.805276
-52,2,201.810277
-52,2,201.815278
-52,2,201.821279
-52,2,201.82528
-52,2,201.830281
-52,2,201.835282
-52,2,201.841283
-58,8,201.859287
-52,2,201.864289
-53,3,201.87229
-52,2,201.877292
-52,2,201.882293
-52,2,201.887294
-52,2,201.892295
-52,2,201.899296
-52,2,201.904297
-52,2,201.909299
-52,2,201.9143
-52,2,201.919301
-52,2,201.924302
-52,2,201.929304
-52,2,201.934304
-52,2,201.939305
-52,2,201.946307
-52,2,201.950307
-52,2,201.955309
-52,2,201.96031
-52,2,201.965311
-52,2,201.970312
-52,2,201.977314
-52,2,201.983315
-52,2,201.989317
-52,2,201.994317
-52,2,201.999318
-52,2,202.00432
-52,2,202.008321
-52,2,202.014322
-52,2,202.019323
-52,2,202.024324
-52,2,202.030326
-52,2,202.035327
-52,2,202.040328
-52,2,202.04733
-52,2,202.053331
-52,2,202.058332
-52,2,202.063333
-52,2,202.068334
-52,2,202.073335
-52,2,202.078336
-52,2,202.083337
-52,2,202.088342
-52,2,202.093343
-52,2,202.098344
-55,5,202.109346
-52,2,202.115348
-52,2,202.120348
-52,2,202.12535
-52,2,202.12935
-52,2,202.134352
-52,2,202.139353
-52,2,202.144354
-52,2,202.150355
-52,2,202.155357
-52,2,202.161358
-52,2,202.166359
-52,2,202.17136
-52,2,202.177361
-52,2,202.182363
-53,3,202.189364
-52,2,202.194365
-52,2,202.199366
-52,2,202.204367
-52,2,202.209368
-52,2,202.214369
-53,3,202.223371
-52,2,202.230373
-52,2,202.235375
-52,2,202.240376
-52,2,202.245377
-52,2,202.250378
-52,2,202.255379
-52,2,202.26038
-52,2,202.265381
-52,2,202.269382
-52,2,202.274383
-52,2,202.280384
-52,2,202.285386
-52,2,202.290387
-52,2,202.295388
-52,2,202.300389
-52,2,202.304389
-52,2,202.309391
-52,2,202.314392
-52,2,202.319393
-52,2,202.324394
-52,2,202.329395
-52,2,202.335397
-52,2,202.341399
-52,2,202.346399
-52,2,202.3514
-52,2,202.356401
-52,2,202.363403
-52,2,202.368404
-52,2,202.373405
-58,8,202.391409
-52,2,202.398411
-52,2,202.403412
-52,2,202.408413
-52,2,202.413414
-52,2,202.417415
-52,2,202.422416
-56,6,202.436419
-52,2,202.44142
-52,2,202.446421
-52,2,202.452423
-52,2,202.457424
-52,2,202.462425
-52,2,202.467426
-52,2,202.472427
-52,2,202.477428
-52,2,202.482429
-52,2,202.487431
-52,2,202.494432
-52,2,202.499433
-52,2,202.504434
-52,2,202.509435
-52,2,202.514436
-52,2,202.520437
-52,2,202.526439
-52,2,202.53144
-52,2,202.535441
-52,2,202.541443
-52,2,202.547445
-52,2,202.552445
-52,2,202.557446
-52,2,202.562447
-52,2,202.569449
-52,2,202.57445
-52,2,202.579451
-52,2,202.584452
-52,2,202.590454
-52,2,202.595455
-52,2,202.600456
-52,2,202.604457
-52,2,202.609458
-52,2,202.614459
-52,2,202.61946
-52,2,202.624461
-52,2,202.629462
-52,2,202.634463
-52,2,202.639464
-52,2,202.644466
-52,2,202.649467
-52,2,202.653467
-52,2,202.658469
-52,2,202.666471
-52,2,202.671471
-52,2,202.676473
-52,2,202.681474
-52,2,202.686475
-52,2,202.691476
-52,2,202.696477
-52,2,202.700478
-52,2,202.705479
-52,2,202.71048
-52,2,202.715482
-52,2,202.720482
-52,2,202.725484
-52,2,202.730484
-52,2,202.735486
-52,2,202.742487
-52,2,202.747488
-52,2,202.75249
-52,2,202.757491
-52,2,202.762492
-52,2,202.767493
-52,2,202.772494
-52,2,202.777495
-52,2,202.782496
-52,2,202.786497
-52,2,202.791498
-52,2,202.796499
-52,2,202.801501
-52,2,202.807502
-52,2,202.812503
-52,2,202.818504
-52,2,202.822505
-52,2,202.827507
-53,3,202.834508
-52,2,202.839509
-52,2,202.84451
-52,2,202.849511
-52,2,202.854512
-52,2,202.859514
-52,2,202.864514
-52,2,202.871516
-52,2,202.876517
-52,2,202.880518
-52,2,202.88752
-52,2,202.892521
-52,2,202.897522
-52,2,202.902523
-52,2,202.907524
-52,2,202.912526
-52,2,202.917526
-52,2,202.922528
-52,2,202.927529
-52,2,202.932531
-52,2,202.938531
-52,2,202.946533
-52,2,202.951534
-52,2,202.956535
-52,2,202.960536
-52,2,202.965537
-52,2,202.970538
-52,2,202.975539
-52,2,202.980541
-52,2,202.985542
-52,2,202.992543
-52,2,202.997544
-52,2,203.001545
-52,2,203.006546
-52,2,203.011547
-52,2,203.017549
-52,2,203.02355
-52,2,203.029552
-52,2,203.034553
-52,2,203.039554
-52,2,203.044567
-52,2,203.049559
-52,2,203.05456
-52,2,203.061562
-52,2,203.066563
-52,2,203.071564
-52,2,203.075565
-52,2,203.080566
-52,2,203.085567
-52,2,203.092569
-52,2,203.09957
-52,2,203.104572
-52,2,203.109573
-53,3,203.116574
-52,2,203.121575
-52,2,203.128577
-52,2,203.134578
-52,2,203.14058
-52,2,203.14458
-52,2,203.149582
-52,2,203.154583
-52,2,203.159584
-52,2,203.166585
-52,2,203.171586
-52,2,203.176588
-52,2,203.180588
-52,2,203.18559
-52,2,203.190591
-52,2,203.195592
-52,2,203.201593
-52,2,203.208595
-52,2,203.213596
-52,2,203.218597
-52,2,203.223598
-52,2,203.228599
-52,2,203.2336
-52,2,203.238601
-52,2,203.243603
-52,2,203.247604
-52,2,203.252605
-52,2,203.258606
-52,2,203.263607
-52,2,203.268609
-52,2,203.273609
-52,2,203.27861
-52,2,203.283612
-52,2,203.288612
-52,2,203.293614
-52,2,203.298615
-52,2,203.303616
-52,2,203.308617
-53,3,203.315619
-52,2,203.32062
-52,2,203.325621
-52,2,203.330622
-52,2,203.335624
-52,2,203.340624
-52,2,203.344625
-52,2,203.350626
-52,2,203.356628
-52,2,203.360629
-52,2,203.36563
-52,2,203.371631
-52,2,203.375632
-52,2,203.380634
-52,2,203.385635
-52,2,203.391635
-52,2,203.396637
-52,2,203.401638
-52,2,203.406639
-52,2,203.412641
-52,2,203.417642
-52,2,203.422642
-52,2,203.427644
-52,2,203.432645
-52,2,203.439646
-52,2,203.444648
-52,2,203.449648
-52,2,203.45665
-52,2,203.461651
-52,2,203.466652
-52,2,203.471653
-52,2,203.476655
-52,2,203.480655
-52,2,203.485657
-52,2,203.490658
-52,2,203.497659
-52,2,203.50266
-52,2,203.506661
-52,2,203.511662
-52,2,203.518664
-52,2,203.523665
-52,2,203.528666
-52,2,203.533667
-52,2,203.539669
-52,2,203.54467
-52,2,203.550671
-52,2,203.554672
-52,2,203.559673
-52,2,203.564674
-52,2,203.569675
-52,2,203.575676
-52,2,203.580678
-52,2,203.585679
-52,2,203.59068
-52,2,203.595682
-52,2,203.600682
-52,2,203.605684
-52,2,203.612685
-52,2,203.617686
-52,2,203.623688
-52,2,203.628688
-52,2,203.633689
-54,4,203.643692
-52,2,203.647693
-52,2,203.652694
-52,2,203.657695
-52,2,203.662696
-52,2,203.667697
-52,2,203.674699
-52,2,203.678699
-52,2,203.683701
-52,2,203.688702
-52,2,203.693703
-52,2,203.698704
-54,4,203.709706
-52,2,203.714708
-53,3,203.721709
-52,2,203.72671
-52,2,203.731711
-52,2,203.736713
-52,2,203.741714
-52,2,203.746715
-52,2,203.751716
-52,2,203.757718
-52,2,203.762718
-52,2,203.76772
-52,2,203.77272
-52,2,203.778722
-52,2,203.783723
-52,2,203.788724
-53,3,203.797726
-52,2,203.802727
-52,2,203.806728
-52,2,203.811729
-52,2,203.81673
-52,2,203.821731
-52,2,203.826733
-52,2,203.831838
-52,2,203.836839
-52,2,203.84184
-52,2,203.846841
-52,2,203.851842
-52,2,203.856843
-52,2,203.861845
-52,2,203.865846
-52,2,203.870847
-52,2,203.877848
-52,2,203.882849
-52,2,203.88785
-52,2,203.892852
-52,2,203.897853
-52,2,203.902854
-52,2,203.906854
-52,2,203.911856
-52,2,203.916857
-52,2,203.922858
-52,2,203.93086
-52,2,203.934861
-52,2,203.942863
-52,2,203.947864
-52,2,203.952865
-52,2,203.957866
-52,2,203.962867
-52,2,203.966868
-52,2,203.971869
-52,2,203.977871
-52,2,203.982872
-52,2,203.987873
-52,2,203.992874
-52,2,203.997875
-52,2,204.002876
-52,2,204.006877
-52,2,204.011878
-52,2,204.01888
-52,2,204.024881
-52,2,204.030882
-52,2,204.035884
-52,2,204.040884
-52,2,204.045886
-52,2,204.050887
-52,2,204.055888
-52,2,204.06289
-52,2,204.068891
-52,2,204.073892
-52,2,204.079893
-52,2,204.084894
-52,2,204.893075
-52,2,204.898076
-52,2,204.904077
-52,2,204.909078
-52,2,204.91608
-52,2,204.921081
-52,2,204.927082
-53,3,204.934084
-52,2,204.940085
-52,2,204.948087
-52,2,204.953088
-52,2,204.95909
-52,2,204.964091
-52,2,204.969091
-52,2,204.974093
-52,2,204.980094
-52,2,204.985095
-52,2,204.991097
-52,2,204.996098
-52,2,205.001099
-54,4,205.010101
-52,2,205.015102
-52,2,205.021103
-52,2,205.026105
-52,2,205.032105
-52,2,205.037107
-52,2,205.042108
-52,2,205.047109
-52,2,205.05211
-52,2,205.057111
-52,2,205.063113
-52,2,205.068114
-52,2,205.073115
-52,2,205.078116
-52,2,205.083117
-52,2,205.089118
-52,2,205.094119
-52,2,205.099121
-52,2,205.104122
-52,2,205.109123
-52,2,205.114124
-52,2,205.121125
-52,2,205.128127
-52,2,205.134128
-52,2,205.13913
-52,2,205.144131
-52,2,205.149132
-52,2,205.154133
-52,2,205.162134
-52,2,205.167135
-52,2,205.172137
-52,2,205.178138
-52,2,205.183139
-52,2,205.18814
-52,2,205.194142
-52,2,205.199143
-52,2,205.205144
-52,2,205.210145
-52,2,205.215146
-52,2,205.221148
-52,2,205.227149
-52,2,205.234151
-52,2,205.239152
-52,2,205.244153
-53,3,205.251155
-52,2,205.257156
-52,2,205.263157
-52,2,205.268158
-52,2,205.273159
-52,2,205.278161
-52,2,205.284162
-52,2,205.289163
-52,2,205.295164
-52,2,205.300165
-52,2,205.307167
-52,2,205.314169
-52,2,205.31917
-52,2,205.326171
-52,2,205.331172
-52,2,205.336174
-52,2,205.341175
-52,2,205.347176
-52,2,205.354177
-52,2,205.360179
-52,2,205.36518
-52,2,205.370181
-52,2,205.377183
-52,2,205.384184
-52,2,205.390186
-52,2,205.396187
-52,2,205.401188
-52,2,205.406189
-52,2,205.41119
-64,14,205.443198
-54,4,205.452199
-52,2,205.458201
-52,2,205.463202
-52,2,205.468203
-52,2,205.473204
-52,2,205.478205
-52,2,205.483206
-52,2,205.489208
-52,2,205.494209
-52,2,205.50021
-52,2,205.505211
-52,2,205.510212
-52,2,205.516214
-52,2,205.521215
-52,2,205.528217
-52,2,205.535218
-52,2,205.541219
-52,2,205.546221
-52,2,205.552222
-52,2,205.557223
-52,2,205.562224
-52,2,205.567225
-52,2,205.572226
-52,2,205.577227
-52,2,205.583228
-52,2,205.588229
-52,2,205.593231
-52,2,205.598232
-52,2,205.603233
-52,2,205.608235
-52,2,205.613235
-52,2,205.618237
-52,2,205.624238
-52,2,205.63224
-52,2,205.637241
-52,2,205.643242
-52,2,205.648244
-52,2,205.653244
-52,2,205.658246
-52,2,205.664247
-52,2,205.669248
-52,2,205.674249
-52,2,205.68125
-52,2,205.686252
-52,2,205.691252
-52,2,205.696254
-52,2,205.701255
-52,2,205.706256
-52,2,205.712258
-52,2,205.717258
-52,2,205.72426
-52,2,205.730261
-52,2,205.735262
-52,2,205.740263
-52,2,205.746265
-52,2,205.751266
-52,2,205.756267
-52,2,205.761268
-52,2,205.76727
-52,2,205.772271
-52,2,205.777272
-52,2,205.782273
-52,2,205.788275
-52,2,205.793389
-52,2,205.798391
-52,2,205.804392
-52,2,205.809393
-52,2,205.814394
-52,2,205.819395
-52,2,205.824397
-52,2,205.830398
-52,2,205.836399
-52,2,205.8424
-52,2,205.847401
-52,2,205.852403
-52,2,205.859405
-52,2,205.865406
-52,2,205.870406
-52,2,205.875408
-52,2,205.882409
-52,2,205.889411
-52,2,205.896413
-52,2,205.901413
-52,2,205.906415
-52,2,205.911416
-52,2,205.916417
-52,2,205.921418
-52,2,205.927419
-52,2,205.933421
-52,2,205.939422
-52,2,205.944423
-52,2,205.949424
-52,2,205.956426
-52,2,205.961427
-52,2,205.966428
-52,2,205.972429
-52,2,205.977431
-52,2,205.982432
-52,2,205.990433
-52,2,205.995435
-52,2,206.000436
-52,2,206.005437
-52,2,206.010438
-52,2,206.015439
-52,2,206.02044
-52,2,206.026441
-52,2,206.031442
-52,2,206.036444
-52,2,206.041445
-52,2,206.046446
-52,2,206.051447
-52,2,206.056449
-52,2,206.06145
-52,2,206.068451
-52,2,206.075453
-52,2,206.081454
-52,2,206.086455
-52,2,206.091456
-52,2,206.096457
-52,2,206.104459
-52,2,206.112461
-52,2,206.117462
-52,2,206.122463
-52,2,206.128465
-52,2,206.133465
-52,2,206.138467
-52,2,206.143468
-52,2,206.148469
-52,2,206.15347
-52,2,206.161472
-52,2,206.166473
-52,2,206.171474
-52,2,206.176476
-52,2,206.182476
-52,2,206.187477
-52,2,206.192478
-52,2,206.19748
-52,2,206.205481
-52,2,206.210483
-52,2,206.215484
-52,2,206.220485
-52,2,206.225486
-52,2,206.231487
-52,2,206.236489
-52,2,206.24249
-52,2,206.248491
-53,3,206.255492
-52,2,206.260494
-52,2,206.265495
-52,2,206.271496
-52,2,206.276497
-52,2,206.281498
-52,2,206.2865
-52,2,206.291501
-52,2,206.296502
-52,2,206.303503
-52,2,206.308505
-52,2,206.314506
-52,2,206.319507
-52,2,206.324508
-52,2,206.329509
-52,2,206.33451
-52,2,206.340512
-52,2,206.345513
-52,2,206.350514
-52,2,206.355515
-52,2,206.360516
-52,2,206.366518
-52,2,206.371519
-52,2,206.37952
-52,2,206.385521
-52,2,206.390523
-52,2,206.397525
-52,2,206.402525
-52,2,206.407526
-52,2,206.412527
-52,2,206.417529
-52,2,206.42353
-52,2,206.428531
-52,2,206.433532
-52,2,206.438534
-52,2,206.443534
-52,2,206.449536
-52,2,206.454537
-52,2,206.459538
-52,2,206.46454
-52,2,206.46954
-52,2,206.474542
-52,2,206.479543
-52,2,206.485544
-52,2,206.490545
-52,2,206.495546
-52,2,206.500547
-52,2,206.505548
-52,2,206.510549
-52,2,206.515551
-52,2,206.520551
-52,2,206.526553
-52,2,206.531554
-52,2,206.536555
-52,2,206.542557
-52,2,206.548558
-52,2,206.553559
-54,4,206.563561
-52,2,206.569562
-52,2,206.575564
-52,2,206.580565
-52,2,206.585566
-52,2,206.591568
-52,2,206.596569
-52,2,206.60157
-52,2,206.606571
-52,2,206.611572
-52,2,206.617573
-52,2,206.623575
-52,2,206.629576
-52,2,206.634577
-52,2,206.640578
-52,2,206.64558
-52,2,206.650581
-52,2,206.656582
-52,2,206.661583
-52,2,206.666585
-52,2,206.672586
-52,2,206.677587
-52,2,206.683588
-52,2,206.689589
-52,2,206.697591
-52,2,206.702592
-52,2,206.707593
-52,2,206.712595
-52,2,206.717596
-52,2,206.725598
-52,2,206.730598
-52,2,206.7356
-52,2,206.740601
-52,2,206.746602
-52,2,206.751604
-52,2,206.756604
-52,2,206.761606
-52,2,206.766607
-52,2,206.771608
-52,2,206.777609
-52,2,206.78261
-52,2,206.789612
-52,2,206.794613
-52,2,206.799615
-52,2,206.807616
-52,2,206.812617
-52,2,206.817618
-52,2,206.822619
-52,2,206.82762
-54,4,206.837622
-52,2,206.842623
-52,2,206.847625
-52,2,206.852626
-52,2,206.857627
-52,2,206.863628
-52,2,206.868629
-52,2,206.873631
-52,2,206.878632
-52,2,206.883632
-52,2,206.890634
-53,3,206.898636
-52,2,206.906638
-52,2,206.911639
-52,2,206.91664
-52,2,206.923642
-52,2,206.929643
-52,2,206.934644
-52,2,206.940645
-52,2,206.947647
-52,2,206.952648
-52,2,206.957649
-52,2,206.96265
-52,2,206.967652
-52,2,206.972652
-52,2,206.978654
-52,2,206.983655
-52,2,206.988657
-52,2,206.993657
-52,2,206.998659
-52,2,207.004659
-52,2,207.011661
-53,3,207.018663
-52,2,207.023664
-52,2,207.029665
-52,2,207.034666
-52,2,207.039668
-52,2,207.044668
-52,2,207.05067
-52,2,207.056672
-52,2,207.061672
-52,2,207.066674
-52,2,207.071675
-53,3,207.078676
-52,2,207.086679
-52,2,207.091679
-52,2,207.09668
-52,2,207.102682
-52,2,207.108683
-52,2,207.114684
-52,2,207.119685
-52,2,207.124687
-52,2,207.129688
-52,2,207.134689
-52,2,207.14069
-52,2,207.145691
-55,5,207.158694
-52,2,207.165695
-52,2,207.171697
-52,2,207.176698
-52,2,207.181699
-52,2,207.1867
-52,2,207.191701
-52,2,207.196702
-52,2,207.202704
-54,4,207.211706
-52,2,207.218708
-52,2,207.223708
-52,2,207.22871
-53,3,207.235711
-52,2,207.240712
-52,2,207.245713
-52,2,207.251715
-52,2,207.256716
-52,2,207.261717
-52,2,207.266718
-52,2,207.271719
-52,2,207.277721
-54,4,207.287723
-52,2,207.292724
-52,2,207.297725
-52,2,207.302726
-52,2,207.307727
-52,2,207.312728
-52,2,207.31773
-52,2,207.324731
-52,2,207.330733
-52,2,207.335734
-52,2,207.340734
-52,2,207.346736
-52,2,207.351737
-52,2,207.356738
-52,2,207.361739
-52,2,207.368741
-52,2,207.373742
-52,2,207.378743
-52,2,207.383744
-52,2,207.389745
-52,2,207.394747
-52,2,207.399748
-52,2,207.404749
-52,2,207.40975
-52,2,207.415751
-52,2,207.420753
-52,2,207.427754
-52,2,207.432755
-52,2,207.437756
-52,2,207.442758
-52,2,207.447758
-52,2,207.45376
-52,2,207.458761
-52,2,207.463762
-52,2,207.470764
-52,2,207.476765
-52,2,207.481766
-52,2,207.486768
-52,2,207.492768
-52,2,207.49777
-52,2,207.502771
-52,2,207.507772
-52,2,207.512773
-52,2,207.517774
-52,2,207.523776
-52,2,207.528777
-52,2,207.533777
-52,2,207.538779
-52,2,207.54478
-52,2,207.549781
-52,2,207.554782
-52,2,207.560784
-52,2,207.567785
-52,2,207.572786
-52,2,207.578788
-52,2,207.583789
-52,2,207.58879
-52,2,207.594791
-52,2,207.599792
-52,2,207.607795
-52,2,207.612795
-52,2,207.617796
-52,2,207.622797
-52,2,207.628799
-52,2,207.6338
-52,2,207.638801
-52,2,207.644802
-52,2,207.649804
-52,2,207.654804
-52,2,207.660806
-52,2,207.665807
-52,2,207.670808
-52,2,207.67781
-52,2,207.682811
-52,2,207.687812
-52,2,207.692813
-53,3,207.699815
-52,2,207.704816
-52,2,207.710817
-52,2,207.715818
-52,2,207.720819
-52,2,207.725821
-52,2,207.730822
-52,2,207.735823
-52,2,207.741824
-52,2,207.746825
-56,6,207.760828
-52,2,207.76583
-52,2,207.770831
-52,2,207.775832
-52,2,207.781833
-52,2,207.786834
-52,2,207.792836
-52,2,207.797836
-52,2,207.804838
-52,2,207.809839
-52,2,207.815841
-52,2,207.820842
-52,2,207.825843
-52,2,207.830844
-52,2,207.836846
-52,2,207.843847
-52,2,207.848848
-52,2,207.853849
-52,2,207.85885
-52,2,207.863851
-52,2,207.868853
-52,2,207.874854
-52,2,207.879855
-52,2,207.884856
-52,2,207.889857
-52,2,207.894858
-52,2,207.899859
-52,2,207.90486
-52,2,207.911862
-52,2,207.916863
-52,2,207.923865
-52,2,207.929866
-52,2,207.934868
-52,2,207.939868
-52,2,207.94587
-52,2,207.950871
-52,2,207.956872
-52,2,207.961873
-56,6,207.975876
-53,3,207.982878
-56,6,207.997881
-52,2,208.002882
-52,2,208.007883
-52,2,208.012885
-52,2,208.018886
-52,2,208.023887
-52,2,208.029889
-52,2,208.03789
-52,2,208.042891
-52,2,208.049893
-52,2,208.054894
-52,2,208.059895
-52,2,208.064896
-52,2,208.069897
-52,2,208.075898
-52,2,208.0829
-53,3,208.090902
-52,2,208.095903
-52,2,208.101904
-52,2,208.106906
-52,2,208.111907
-52,2,208.116908
-52,2,208.121909
-52,2,208.12691
-52,2,208.133911
-52,2,208.139913
-52,2,208.144914
-52,2,208.149915
-52,2,208.154916
-52,2,208.159917
-52,2,208.164919
-52,2,208.17192
-52,2,208.177921
-52,2,208.182923
-52,2,208.187923
-52,2,208.192925
-52,2,208.197926
-52,2,208.202927
-52,2,208.207928
-52,2,208.213929
-52,2,208.219931
-52,2,208.224932
-52,2,208.229933
-52,2,208.234934
-52,2,208.239935
-52,2,208.244936
-52,2,208.249938
-52,2,208.255939
-52,2,208.26094
-52,2,208.265941
-52,2,208.270942
-52,2,208.275944
-52,2,208.280944
-52,2,208.285945
-52,2,208.291947
-52,2,208.297948
-52,2,208.30295
-52,2,208.30795
-52,2,208.312952
-52,2,208.317953
-52,2,208.322954
-52,2,208.328955
-52,2,208.334957
-52,2,208.339957
-52,2,208.344959
-52,2,208.35096
-52,2,208.356962
-52,2,208.361963
-52,2,208.368964
-52,2,208.373965
-52,2,208.378967
-52,2,208.383967
-52,2,208.389969
-53,3,208.396971
-52,2,208.401971
-52,2,208.406972
-52,2,208.411974
-52,2,208.416975
-52,2,208.422976
-52,2,208.428977
-52,2,208.435979
-54,4,208.445981
-52,2,208.451983
-52,2,208.458985
-52,2,208.463985
-52,2,208.468987
-52,2,208.475988
-52,2,208.480989
-52,2,208.48599
-52,2,208.490991
-52,2,208.495992
-52,2,208.500993
-52,2,208.505995
-52,2,208.510996
-52,2,208.516997
-52,2,208.521998
-52,2,208.527
-52,2,208.532
-52,2,208.537002
-52,2,208.543003
-52,2,208.548004
-52,2,208.553005
-52,2,208.559007
-52,2,208.564008
-52,2,208.569009
-52,2,208.57401
-52,2,208.580011
-52,2,208.585012
-52,2,208.590014
-52,2,208.595015
-52,2,208.600016
-52,2,208.605017
-52,2,208.611018
-52,2,208.616019
-52,2,208.62102
-52,2,208.627022
-52,2,208.632023
-52,2,208.638024
-52,2,208.643025
-52,2,208.648026
-52,2,208.653027
-52,2,208.659029
-52,2,208.66403
-52,2,208.669031
-52,2,208.674032
-52,2,208.680033
-52,2,208.685034
-52,2,208.690036
-52,2,208.695037
-52,2,208.700038
-52,2,208.705039
-52,2,208.71004
-52,2,208.715041
-52,2,208.721042
-52,2,208.726044
-52,2,208.731045
-52,2,208.736046
-52,2,208.741047
-52,2,208.749049
-52,2,208.75605
-52,2,208.761051
-52,2,208.766053
-52,2,208.771054
-52,2,208.776055
-52,2,208.781056
-52,2,208.786057
-52,2,208.792058
-52,2,208.79706
-52,2,208.802061
-52,2,208.807062
-52,2,208.815064
-52,2,208.820065
-52,2,208.825066
-52,2,208.831068
-52,2,208.836068
-52,2,208.84207
-52,2,208.848071
-52,2,208.853072
-53,3,208.860074
-52,2,208.867188
-52,2,208.872189
-52,2,208.877191
-52,2,208.882191
-52,2,208.887193
-52,2,208.894194
-52,2,208.899195
-52,2,208.904197
-52,2,208.909198
-52,2,208.914199
-52,2,208.9192
-52,2,208.927202
-52,2,208.933203
-52,2,208.940205
-52,2,208.946206
-52,2,208.954208
-52,2,208.960209
-52,2,208.96521
-52,2,208.970211
-53,3,208.978213
-52,2,208.983214
-52,2,208.988215
-52,2,208.993216
-52,2,208.998218
-52,2,209.003219
-52,2,209.00922
-52,2,209.014221
-52,2,209.019222
-52,2,209.026223
-52,2,209.031225
-52,2,209.036226
-52,2,209.041227
-52,2,209.046228
-52,2,209.051229
-52,2,209.056231
-52,2,209.062232
-52,2,209.068233
-52,2,209.073234
-52,2,209.078235
-52,2,209.083236
-52,2,209.088238
-52,2,209.093239
-52,2,209.09924
-52,2,209.104241
-52,2,209.109242
-52,2,209.115243
-52,2,209.120245
-52,2,209.125246
-52,2,209.130247
-52,2,209.135248
-52,2,209.140249
-52,2,209.14525
-52,2,209.152252
-52,2,209.157254
-52,2,209.162254
-52,2,209.170256
-52,2,209.175257
-52,2,209.181259
-52,2,209.18626
-52,2,209.191261
-52,2,209.196262
-52,2,209.201263
-52,2,209.206264
-52,2,209.212265
-52,2,209.217267
-52,2,209.222268
-52,2,209.227269
-52,2,209.23227
-52,2,209.238271
-52,2,209.243272
-52,2,209.248273
-52,2,209.253274
-52,2,209.258276
-52,2,209.263277
-52,2,209.269279
-52,2,209.274279
-52,2,209.28028
-52,2,209.285282
-52,2,209.293284
-52,2,209.298285
-52,2,209.303286
-52,2,209.308286
-52,2,209.314288
-52,2,209.319289
-52,2,209.32429
-52,2,209.329292
-52,2,209.334293
-52,2,209.339294
-52,2,209.344295
-52,2,209.350296
-52,2,209.357298
-52,2,209.362299
-52,2,209.3673
-52,2,209.372302
-52,2,209.378302
-52,2,209.383303
-52,2,209.388305
-52,2,209.393306
-52,2,209.399307
-52,2,209.404308
-52,2,209.40931
-52,2,209.41431
-52,2,209.419312
-52,2,209.425313
-52,2,209.431314
-52,2,209.436316
-52,2,209.444317
-52,2,209.449318
-52,2,209.454319
-52,2,209.459321
-52,2,209.464321
-52,2,209.470323
-52,2,209.475324
-52,2,209.480325
-52,2,209.485326
-52,2,209.491328
-52,2,209.496329
-52,2,209.50133
-52,2,209.506331
-52,2,209.511332
-52,2,209.516333
-52,2,209.522334
-52,2,209.527335
-52,2,209.533337
-52,2,209.538338
-52,2,209.544339
-52,2,209.549341
-52,2,209.555342
-53,3,209.562343
-52,2,209.567345
-52,2,209.572345
-52,2,209.577347
-52,2,209.583348
-52,2,209.588349
-52,2,209.594351
-52,2,209.599352
-52,2,209.605353
-53,3,209.612355
-52,2,209.617356
-52,2,209.623357
-52,2,209.628358
-52,2,209.633359
-52,2,209.640361
-52,2,209.645362
-52,2,209.650363
-52,2,209.656364
-52,2,209.661365
-52,2,209.666366
-52,2,209.671368
-52,2,209.676369
-52,2,209.68237
-52,2,209.687371
-52,2,209.692373
-52,2,209.698374
-52,2,209.703375
-52,2,209.710376
-52,2,209.715378
-52,2,209.720379
-52,2,209.72638
-52,2,209.731381
-52,2,209.736382
-52,2,209.742383
-52,2,209.747385
-52,2,209.752386
-52,2,209.759388
-52,2,209.765389
-52,2,209.772391
-52,2,209.777391
-52,2,209.782393
-52,2,209.787394
-52,2,209.793395
-52,2,209.798396
-52,2,209.803397
-52,2,209.811399
-52,2,209.818401
-52,2,209.825402
-52,2,209.831403
-52,2,209.836405
-52,2,209.841405
-52,2,209.847407
-52,2,209.852409
-52,2,209.858409
-52,2,209.86341
-52,2,209.870412
-52,2,209.875413
-52,2,209.880414
-54,4,209.892417
-52,2,209.897418
-52,2,209.903419
-52,2,209.908421
-52,2,209.913422
-52,2,209.918426
-52,2,209.923427
-52,2,209.928428
-52,2,209.933429
-52,2,209.93843
-52,2,209.944432
-52,2,209.949434
-52,2,209.954434
-52,2,209.960435
-52,2,209.965436
-52,2,209.970438
-52,2,209.975439
-52,2,209.98044
-52,2,209.98544
-52,2,209.990442
-52,2,209.996444
-52,2,210.002445
-52,2,210.008446
-52,2,210.015447
-52,2,210.023449
-52,2,210.028451
-52,2,210.033452
-52,2,210.038453
-52,2,210.043453
-52,2,210.048455
-52,2,210.053456
-52,2,210.060458
-52,2,210.066459
-52,2,210.07146
-52,2,210.076461
-52,2,210.082463
-52,2,210.088464
-52,2,210.093465
-52,2,210.098466
-52,2,210.103467
-52,2,210.108469
-52,2,210.11447
-52,2,210.119471
-52,2,210.124472
-52,2,210.129473
-52,2,210.134474
-52,2,210.139475
-52,2,210.144476
-52,2,210.150478
-52,2,210.155479
-52,2,210.16048
-52,2,210.165481
-52,2,210.170482
-52,2,210.175483
-52,2,210.181485
-52,2,210.186486
-52,2,210.192487
-52,2,210.197489
-52,2,210.202489
-52,2,210.208491
-52,2,210.213491
-54,4,210.223494
-52,2,210.228495
-52,2,210.233496
-52,2,210.239498
-52,2,210.246499
-52,2,210.2515
-52,2,210.258502
-52,2,210.263503
-52,2,210.269505
-52,2,210.274505
-52,2,210.279507
-52,2,210.284508
-53,3,210.291509
-52,2,210.29751
-52,2,210.302511
-52,2,210.307512
-52,2,210.312514
-52,2,210.317515
-52,2,210.322517
-52,2,210.327517
-52,2,210.332518
-52,2,210.338519
-52,2,210.343521
-52,2,210.349522
-52,2,210.354523
-52,2,210.359525
-52,2,210.364525
-52,2,210.369527
-52,2,210.374527
-52,2,210.380529
-52,2,210.387531
-52,2,210.393532
-52,2,210.399533
-52,2,210.404534
-52,2,210.411536
-52,2,210.416537
-52,2,210.421538
-52,2,210.42654
-52,2,211.233719
-52,2,211.239721
-52,2,211.244722
-52,2,211.249723
-52,2,211.254724
-52,2,211.259725
-52,2,211.264726
-52,2,211.269727
-52,2,211.275728
-52,2,211.28173
-52,2,211.287731
-52,2,211.292732
-52,2,211.298734
-52,2,211.304735
-52,2,211.309736
-52,2,211.314738
-52,2,211.319738
-52,2,211.32474
-52,2,211.329741
-52,2,211.334742
-52,2,211.340743
-52,2,211.345744
-52,2,211.350745
-52,2,211.356747
-52,2,211.361748
-52,2,211.366749
-52,2,211.37175
-52,2,211.376751
-52,2,211.381752
-52,2,211.386754
-52,2,211.392755
-52,2,211.397756
-52,2,211.403757
-52,2,211.408758
-52,2,211.413759
-52,2,211.418761
-55,5,211.430763
-52,2,211.435765
-52,2,211.440766
-52,2,211.445766
-52,2,211.451768
-52,2,211.45777
-52,2,211.46277
-52,2,211.468772
-52,2,211.473773
-52,2,211.480774
-52,2,211.486776
-52,2,211.491777
-52,2,211.496778
-52,2,211.501779
-52,2,211.50678
-52,2,211.511781
-52,2,211.516782
-52,2,211.523784
-52,2,211.528785
-52,2,211.533786
-52,2,211.538787
-52,2,211.544789
-52,2,211.55079
-52,2,211.557792
-52,2,211.565793
-52,2,211.571795
-52,2,211.576796
-52,2,211.581797
-52,2,211.586798
-52,2,211.5938
-52,2,211.598801
-52,2,211.603802
-52,2,211.608803
-52,2,211.614804
-52,2,211.619806
-52,2,211.624806
-52,2,211.629808
-52,2,211.634809
-52,2,211.63981
-52,2,211.644811
-52,2,211.649812
-52,2,211.654813
-53,3,211.662815
-52,2,211.667816
-52,2,211.672817
-52,2,211.677819
-53,3,211.68582
-52,2,211.690821
-52,2,211.695822
-52,2,211.701823
-52,2,211.707825
-52,2,211.712826
-52,2,211.717827
-52,2,211.723829
-52,2,211.72883
-52,2,211.734831
-52,2,211.739832
-52,2,211.745834
-52,2,211.750834
-52,2,211.755836
-52,2,211.761837
-52,2,211.766838
-52,2,211.77184
-52,2,211.77684
-52,2,211.781842
-52,2,211.786842
-52,2,211.793844
-52,2,211.799846
-52,2,211.805847
-52,2,211.810848
-52,2,211.815849
-52,2,211.82085
-52,2,211.826851
-52,2,211.831853
-52,2,211.836854
-52,2,211.842855
-52,2,211.847857
-52,2,211.852857
-52,2,211.859859
-52,2,211.86586
-52,2,211.871861
-52,2,211.876863
-52,2,211.882864
-52,2,211.887865
-52,2,211.892866
-52,2,211.898868
-52,2,211.903869
-52,2,211.90887
-52,2,211.913871
-52,2,211.918872
-52,2,211.923873
-52,2,211.929875
-52,2,211.934876
-52,2,211.939877
-52,2,211.945878
-52,2,211.950879
-52,2,211.95588
-52,2,211.960881
-52,2,211.965883
-52,2,211.970884
-52,2,211.975885
-52,2,211.981886
-52,2,211.987888
-52,2,211.995889
-52,2,212.001891
-52,2,212.006892
-52,2,212.012893
-53,3,212.019895
-52,2,212.024896
-52,2,212.029897
-52,2,212.034898
-52,2,212.041899
-52,2,212.046901
-52,2,212.051902
-52,2,212.056903
-52,2,212.061904
-52,2,212.066905
-52,2,212.071906
-52,2,212.076907
-52,2,212.084909
-52,2,212.091911
-52,2,212.096912
-52,2,212.101913
-52,2,212.106914
-52,2,212.111915
-52,2,212.116917
-52,2,212.124918
-52,2,212.129919
-52,2,212.136921
-52,2,212.141922
-52,2,212.146923
-52,2,212.152925
-52,2,212.157926
-52,2,212.162927
-52,2,212.167928
-52,2,212.175929
-52,2,212.180931
-52,2,212.186932
-52,2,212.191933
-52,2,212.196934
-52,2,212.201935
-52,2,212.206936
-52,2,212.211937
-52,2,212.216938
-52,2,212.22194
-52,2,212.226941
-52,2,212.233942
-52,2,212.241944
-52,2,212.246945
-52,2,212.251946
-52,2,212.256947
-52,2,212.261949
-52,2,212.268951
-52,2,212.274951
-52,2,212.279953
-52,2,212.284954
-53,3,212.291955
-52,2,212.297957
-52,2,212.302958
-52,2,212.307959
-52,2,212.31296
-52,2,212.317962
-52,2,212.322962
-52,2,212.327964
-52,2,212.332965
-52,2,212.337966
-52,2,212.342967
-52,2,212.347969
-52,2,212.353971
-52,2,212.35897
-52,2,212.363971
-52,2,212.368972
-52,2,212.373974
-52,2,212.378974
-52,2,212.383976
-52,2,212.388977
-52,2,212.394978
-52,2,212.39998
-52,2,212.404981
-52,2,212.409982
-52,2,212.414983
-52,2,212.421984
-52,2,212.427986
-52,2,212.432987
-52,2,212.437988
-52,2,212.442989
-52,2,212.44799
-52,2,212.452991
-52,2,212.458993
-52,2,212.464994
-52,2,212.469995
-52,2,212.474997
-52,2,212.479997
-52,2,212.484998
-52,2,212.491
-52,2,212.496001
-52,2,212.501002
-52,2,212.507004
-52,2,212.512004
-52,2,212.517006
-52,2,212.522007
-52,2,212.527008
-52,2,212.532009
-52,2,212.53701
-52,2,212.543011
-52,2,212.550013
-52,2,212.555014
-52,2,212.560015
-52,2,212.565017
-52,2,212.570017
-52,2,212.576019
-52,2,212.58102
-52,2,212.586021
-52,2,212.591022
-52,2,212.597023
-52,2,212.603025
-52,2,212.608026
-52,2,212.613027
-52,2,212.619028
-52,2,212.624029
-52,2,212.630031
-52,2,212.635032
-52,2,212.641033
-52,2,212.646034
-52,2,212.651036
-52,2,212.656037
-52,2,212.661038
-52,2,212.667039
-52,2,212.67204
-52,2,212.677042
-52,2,212.682042
-52,2,212.687044
-52,2,212.692044
-52,2,212.700046
-52,2,212.706048
-52,2,212.711049
-52,2,212.71605
-52,2,212.722051
-52,2,212.728053
-52,2,212.733054
-52,2,212.738055
-52,2,212.745056
-52,2,212.750057
-52,2,212.755059
-52,2,212.76006
-52,2,212.766061
-52,2,212.773063
-52,2,212.778064
-52,2,212.783065
-52,2,212.788066
-52,2,212.793067
-52,2,212.800069
-52,2,212.80507
-52,2,212.810071
-52,2,212.815072
-52,2,212.820073
-52,2,212.826075
-52,2,212.831076
-52,2,212.836076
-52,2,212.841078
-52,2,212.846079
-52,2,212.85108
-53,3,212.858083
-52,2,212.863083
-52,2,212.868084
-52,2,212.874085
-52,2,212.879086
-52,2,212.886088
-52,2,212.892089
-52,2,212.89709
-52,2,212.902091
-52,2,212.907093
-52,2,212.912094
-52,2,212.917095
-52,2,212.924096
-52,2,212.932098
-52,2,212.9381
-52,2,212.9431
-52,2,212.948102
-52,2,212.953103
-52,2,212.958104
-52,2,212.964105
-52,2,212.969106
-52,2,212.974108
-52,2,212.979109
-52,2,212.984109
-52,2,212.989111
-52,2,212.994112
-52,2,212.999113
-52,2,213.004114
-52,2,213.010116
-52,2,213.015117
-52,2,213.020118
-53,3,213.02812
-52,2,213.033121
-52,2,213.039122
-52,2,213.044123
-52,2,213.049124
-52,2,213.054125
-52,2,213.059127
-52,2,213.066128
-52,2,213.071129
-52,2,213.07613
-52,2,213.081132
-52,2,213.088133
-52,2,213.096135
-52,2,213.101136
-52,2,213.106137
-52,2,213.111138
-52,2,213.116139
-52,2,213.12114
-52,2,213.127141
-54,4,213.137144
-52,2,213.142145
-52,2,213.147146
-52,2,213.153147
-52,2,213.158149
-52,2,213.16315
-52,2,213.169151
-52,2,213.174152
-52,2,213.181154
-52,2,213.187155
-52,2,213.193156
-52,2,213.198158
-52,2,213.203159
-52,2,213.20816
-52,2,213.214161
-52,2,213.219162
-52,2,213.224163
-52,2,213.232165
-52,2,213.237166
-52,2,213.244168
-52,2,213.249169
-52,2,213.25517
-52,2,213.261172
-52,2,213.266173
-52,2,213.271174
-52,2,213.278176
-52,2,213.283176
-52,2,213.290179
-52,2,213.295179
-52,2,213.30018
-52,2,213.305182
-52,2,213.310183
-52,2,213.315184
-52,2,213.320185
-52,2,213.325186
-52,2,213.330187
-52,2,213.335188
-52,2,213.341189
-52,2,213.346191
-52,2,213.351192
-52,2,213.356193
-52,2,213.361194
-52,2,213.366195
-53,3,213.374197
-52,2,213.379198
-52,2,213.384199
-52,2,213.3892
-52,2,213.394202
-52,2,213.400203
-52,2,213.405204
-53,3,213.412205
-52,2,213.417207
-52,2,213.422208
-52,2,213.427208
-52,2,213.43321
-52,2,213.438212
-52,2,213.443212
-52,2,213.448214
-52,2,213.453214
-52,2,213.458216
-52,2,213.464217
-52,2,213.468219
-52,2,213.474219
-52,2,213.47922
-52,2,213.484221
-52,2,213.489223
-52,2,213.494223
-52,2,213.501225
-52,2,213.506226
-52,2,213.512228
-52,2,213.517229
-52,2,213.52223
-52,2,213.527231
-52,2,213.533232
-52,2,213.538234
-52,2,213.544235
-52,2,213.549236
-52,2,213.556237
-52,2,213.561239
-52,2,213.56624
-52,2,213.571241
-52,2,213.576242
-52,2,213.581243
-52,2,213.589245
-52,2,213.596246
-52,2,213.601248
-54,4,213.61125
-52,2,213.616251
-52,2,213.621252
-52,2,213.626253
-52,2,213.631254
-52,2,213.636255
-52,2,213.642256
-52,2,213.648258
-52,2,213.653259
-52,2,213.658261
-52,2,213.665262
-52,2,213.670263
-52,2,213.675264
-52,2,213.680265
-52,2,213.686266
-52,2,213.691268
-52,2,213.69927
-52,2,213.70427
-52,2,213.711272
-52,2,213.716273
-52,2,213.721274
-52,2,213.726275
-52,2,213.731276
-52,2,213.740278
-52,2,213.746279
-52,2,213.751281
-52,2,213.756282
-52,2,213.761283
-52,2,213.766284
-52,2,213.771285
-52,2,213.776286
-52,2,213.783288
-52,2,213.788289
-52,2,213.794291
-52,2,213.799292
-52,2,213.804293
-52,2,213.809294
-52,2,213.816295
-52,2,213.821296
-52,2,213.826298
-52,2,213.831299
-52,2,213.8383
-52,2,213.844302
-52,2,213.849303
-54,4,213.859305
-52,2,213.864306
-52,2,213.869307
-52,2,213.874308
-52,2,213.88031
-52,2,213.885311
-52,2,213.890312
-52,2,213.895313
-52,2,213.900314
-52,2,213.905315
-52,2,213.910317
-52,2,213.915318
-52,2,213.920319
-52,2,213.928321
-52,2,213.933321
-52,2,213.941324
-52,2,213.949325
-52,2,213.954326
-52,2,213.95933
-52,2,213.964331
-52,2,213.969332
-52,2,213.974333
-52,2,213.979334
-52,2,213.984335
-52,2,213.989337
-52,2,213.995338
-52,2,214.002339
-52,2,214.007341
-52,2,214.012341
-52,2,214.017343
-52,2,214.024344
-52,2,214.029346
-52,2,214.034347
-52,2,214.039347
-52,2,214.044349
-52,2,214.04935
-52,2,214.055351
-52,2,214.060353
-52,2,214.066354
-52,2,214.071355
-52,2,214.078357
-52,2,214.083358
-52,2,214.088359
-52,2,214.09336
-52,2,214.098361
-52,2,214.104362
-52,2,214.109363
-52,2,214.114364
-52,2,214.119365
-54,4,214.128368
-52,2,214.134369
-52,2,214.140371
-52,2,214.146372
-52,2,214.151373
-52,2,214.156374
-52,2,214.161375
-52,2,214.166376
-52,2,214.171377
-52,2,214.176378
-52,2,214.181379
-52,2,214.188381
-52,2,214.193382
-52,2,214.198384
-52,2,214.204385
-52,2,214.209386
-52,2,214.216387
-52,2,214.221388
-52,2,214.22639
-52,2,214.232391
-52,2,214.237392
-52,2,214.243393
-52,2,214.248394
-52,2,214.254395
-52,2,214.260398
-52,2,214.265398
-52,2,214.270399
-52,2,214.276401
-52,2,214.281402
-52,2,214.287403
-52,2,214.292405
-52,2,214.300406
-52,2,214.305407
-52,2,214.310409
-52,2,214.315409
-53,3,214.323411
-52,2,214.328412
-52,2,214.333413
-52,2,214.338415
-52,2,214.344416
-52,2,214.349417
-52,2,214.354418
-52,2,214.359419
-52,2,214.36542
-52,2,214.370422
-52,2,214.376423
-52,2,214.381424
-52,2,214.387425
-52,2,214.392426
-52,2,214.397428
-52,2,214.403429
-52,2,214.40843
-52,2,214.413431
-52,2,214.420434
-52,2,214.425434
-52,2,214.430435
-52,2,214.436436
-52,2,214.441437
-52,2,214.446439
-52,2,214.451439
-52,2,214.457441
-52,2,214.462442
-52,2,214.467443
-52,2,214.473445
-52,2,214.478446
-52,2,214.483447
-52,2,214.488448
-52,2,214.493449
-52,2,214.49845
-52,2,214.504452
-52,2,214.509453
-52,2,214.516454
-52,2,214.521456
-52,2,214.526456
-52,2,214.531457
-52,2,214.536458
-52,2,214.54246
-52,2,214.547461
-52,2,214.553462
-52,2,214.559464
-52,2,214.564466
-52,2,214.569466
-52,2,214.574467
-52,2,214.579468
-52,2,214.58547
-52,2,214.590471
-52,2,214.595472
-52,2,214.600473
-52,2,214.606474
-52,2,214.611475
-52,2,214.616477
-53,3,214.623478
-52,2,214.62848
-52,2,214.635481
-52,2,214.640482
-52,2,214.645483
-52,2,214.650485
-52,2,214.655485
-52,2,214.661487
-52,2,214.666487
-52,2,214.671489
-52,2,214.676491
-52,2,214.681491
-52,2,214.686492
-52,2,214.691493
-54,4,214.701495
-52,2,214.706496
-52,2,214.713498
-52,2,214.718499
-52,2,214.724501
-52,2,214.729502
-52,2,214.734503
-52,2,214.739504
-52,2,214.745505
-52,2,214.750507
-52,2,214.755507
-52,2,214.760509
-52,2,214.76651
-52,2,214.771511
-52,2,214.776512
-52,2,214.781513
-52,2,214.788515
-52,2,214.793516
-52,2,214.799517
-52,2,214.804518
-52,2,214.80952
-52,2,214.814521
-52,2,214.819522
-52,2,214.824523
-53,3,214.832525
-52,2,214.838526
-52,2,214.843527
-52,2,214.848528
-52,2,214.85553
-52,2,214.861531
-52,2,214.866532
-52,2,214.871533
-54,4,214.881536
-52,2,214.887537
-52,2,214.892538
-52,2,214.897539
-52,2,214.90254
-52,2,214.910542
-52,2,214.915543
-52,2,214.920544
-52,2,214.925545
-52,2,214.930547
-52,2,214.935548
-52,2,214.940549
-55,5,214.953552
-52,2,214.958553
-54,4,214.967555
-52,2,214.972556
-52,2,214.977557
-52,2,214.982558
-52,2,214.98956
-52,2,214.994561
-52,2,214.999562
-52,2,215.004563
-52,2,215.010564
-52,2,215.016566
-52,2,215.021567
-52,2,215.027568
-52,2,215.032569
-52,2,215.038571
-52,2,215.043572
-52,2,215.049573
-52,2,215.055574
-52,2,215.060576
-52,2,215.065577
-52,2,215.072578
-52,2,215.077579
-52,2,215.082581
-52,2,215.087581
-52,2,215.094583
-52,2,215.099584
-52,2,215.104585
-52,2,215.109587
-52,2,215.114588
-52,2,215.121589
-52,2,215.12659
-52,2,215.131591
-52,2,215.136592
-52,2,215.142594
-52,2,215.147595
-52,2,215.152596
-52,2,215.157597
-52,2,215.162598
-52,2,215.1686
-52,2,215.173601
-52,2,215.178602
-52,2,215.185604
-52,2,215.190605
-52,2,215.195606
-52,2,215.200607
-52,2,215.206608
-52,2,215.212609
-52,2,215.217611
-52,2,215.223612
-52,2,215.228613
-52,2,215.233614
-52,2,215.238615
-52,2,215.243616
-52,2,215.248618
-52,2,215.253618
-52,2,215.25862
-52,2,215.263621
-52,2,215.270623
-52,2,215.275623
-52,2,215.280625
-52,2,215.285626
-52,2,215.291627
-52,2,215.296628
-52,2,215.301629
-52,2,215.30663
-52,2,215.311631
-52,2,215.316633
-52,2,215.322634
-53,3,215.331636
-52,2,215.337637
-52,2,215.342638
-52,2,215.34764
-52,2,215.352641
-54,4,215.361643
-52,2,215.366644
-52,2,215.371645
-52,2,215.376646
-52,2,215.382647
-52,2,215.387649
-52,2,215.39265
-52,2,215.39765
-52,2,215.403652
-52,2,215.408653
-52,2,215.413654
-52,2,215.418656
-52,2,215.423656
-52,2,215.428658
-52,2,215.433659
-52,2,215.43866
-52,2,215.444661
-53,3,215.454663
-52,2,215.459664
-52,2,215.464666
-52,2,215.469667
-52,2,215.474668
-52,2,215.479669
-52,2,215.48567
-52,2,215.490672
-52,2,215.495673
-52,2,215.500674
-52,2,215.507675
-52,2,215.512677
-52,2,215.517677
-52,2,215.522679
-52,2,215.527679
-52,2,215.532681
-52,2,215.537682
-52,2,215.543683
-52,2,215.548685
-52,2,215.553685
-52,2,215.558687
-52,2,215.563688
-52,2,215.56969
-54,4,215.578691
-52,2,215.584692
-52,2,215.589694
-52,2,215.595695
-52,2,215.601309
-52,2,215.605814
-52,2,215.610815
-52,2,215.615816
-52,2,215.621818
-52,2,215.628819
-52,2,215.633821
-52,2,215.638822
-52,2,215.644823
-52,2,215.651824
-52,2,215.656825
-52,2,215.661827
-52,2,215.667828
-52,2,215.67383
-52,2,215.678831
-52,2,215.683831
-54,4,215.692833
-52,2,215.698835
-52,2,215.703836
-52,2,215.709837
-52,2,215.714838
-52,2,215.71984
-52,2,215.724841
-52,2,215.729842
-52,2,215.734843
-52,2,215.742845
-52,2,215.747846
-52,2,215.752847
-52,2,215.757848
-52,2,215.762849
-52,2,215.76785
-52,2,215.772851
-52,2,215.778853
-52,2,215.784854
-52,2,215.791855
-52,2,215.796857
-52,2,215.801858
-52,2,215.806859
-52,2,215.81186
-52,2,215.816861
-52,2,215.821862
-52,2,215.827863
-52,2,215.832865
-52,2,215.838866
-52,2,215.844867
-52,2,215.849869
-52,2,215.85487
-52,2,215.859871
-52,2,215.864872
-52,2,215.871873
-52,2,215.876874
-52,2,215.881876
-52,2,215.886877
-52,2,215.891878
-52,2,215.896879
-52,2,215.90188
-52,2,215.907881
-52,2,215.912883
-52,2,215.919884
-52,2,215.925885
-52,2,215.931887
-52,2,215.936888
-52,2,215.941889
-52,2,215.94689
-52,2,215.951891
-52,2,215.957892
-52,2,215.962894
-52,2,215.967895
-52,2,215.972896
-52,2,215.977897
-52,2,215.982898
-52,2,215.9899
-52,2,215.994901
-52,2,215.999902
-52,2,216.005904
-52,2,216.010904
-52,2,216.015906
-52,2,216.021907
-52,2,216.026908
-52,2,216.032909
-52,2,216.03791
-52,2,216.042912
-52,2,216.049913
-52,2,216.054914
-52,2,216.059915
-52,2,216.064917
-52,2,216.071918
-52,2,216.07892
-52,2,216.084921
-52,2,216.089922
-52,2,216.094923
-52,2,216.099924
-52,2,216.104925
-52,2,216.109927
-52,2,216.117928
-52,2,216.12393
-52,2,216.128931
-52,2,216.133932
-52,2,216.139933
-52,2,216.144935
-52,2,216.149935
-52,2,216.155936
-52,2,216.160938
-52,2,216.165939
-52,2,216.17194
-52,2,216.176942
-52,2,216.181942
-52,2,216.186944
-52,2,216.191945
-52,2,216.197946
-52,2,216.202947
-52,2,216.207948
-52,2,216.21295
-52,2,216.218951
-52,2,216.223952
-52,2,216.228953
-52,2,216.233954
-52,2,216.240957
-52,2,216.245957
-52,2,216.251958
-52,2,216.25896
-52,2,216.264961
-53,3,216.271963
-52,2,216.276964
-52,2,216.281965
-54,4,216.291967
-52,2,216.296968
-52,2,216.30197
-52,2,216.30697
-52,2,216.311971
-52,2,216.316973
-52,2,216.321974
-52,2,216.328976
-52,2,216.334977
-52,2,216.339978
-52,2,216.344979
-52,2,216.34998
-52,2,216.357982
-52,2,216.364983
-52,2,216.369985
-52,2,216.375986
-52,2,216.380987
-52,2,216.386989
-52,2,216.39299
-52,2,216.397991
-52,2,216.402992
-52,2,216.408993
-52,2,216.413994
-52,2,216.418996
-52,2,216.423997
-52,2,216.428998
-52,2,216.433999
-52,2,216.439
-52,2,216.446002
-52,2,216.453003
-52,2,216.459004
-52,2,216.464006
-52,2,216.469007
-52,2,216.474008
-52,2,216.480009
-52,2,216.48501
-52,2,216.490011
-52,2,216.495012
-56,6,216.508015
-52,2,216.513016
-52,2,216.519018
-53,3,216.526019
-52,2,216.531021
-53,3,216.538022
-52,2,216.544024
-52,2,216.549025
-52,2,216.554026
-52,2,216.561028
-52,2,216.567028
-52,2,216.57203
-52,2,216.577031
-52,2,216.582032
-52,2,216.587033
-52,2,216.592035
-52,2,216.597035
-52,2,216.603036
-52,2,216.608038
-52,2,216.613039
-52,2,216.61804
-52,2,216.624042
-52,2,216.629043
-52,2,216.634043
-52,2,216.640045
-52,2,216.645046
-52,2,216.650047
-52,2,216.657049
-52,2,216.66205
-52,2,216.667051
-52,2,216.672052
-52,2,216.677053
-52,2,216.682054
-52,2,216.687055
-52,2,216.694057
-52,2,216.699058
-52,2,216.704059
-52,2,216.711061
-52,2,216.718062
-52,2,216.723063
-52,2,216.728065
-52,2,216.734066
-52,2,216.739067
-52,2,217.545247
-52,2,217.551248
-52,2,217.556249
-52,2,217.561251
-52,2,217.566251
-52,2,217.571253
-52,2,217.577254
-52,2,217.582255
-52,2,217.587256
-52,2,217.595259
-52,2,217.600259
-52,2,217.60526
-52,2,217.610261
-52,2,217.616263
-52,2,217.622264
-52,2,217.629266
-52,2,217.634267
-52,2,217.641268
-52,2,217.646269
-52,2,217.65127
-52,2,217.656271
-52,2,217.662273
-52,2,217.667274
-54,4,217.677276
-52,2,217.683277
-52,2,217.688279
-52,2,217.69328
-52,2,217.698281
-52,2,217.703282
-52,2,217.708283
-52,2,217.713284
-52,2,217.718285
-52,2,217.724287
-52,2,217.731288
-52,2,217.736289
-52,2,217.741291
-52,2,217.746292
-53,3,217.753293
-52,2,217.758294
-52,2,217.764295
-52,2,217.769297
-52,2,217.774298
-60,10,217.797303
-52,2,217.803304
-52,2,217.809306
-52,2,217.815307
-52,2,217.821309
-52,2,217.827309
-52,2,217.832311
-52,2,217.837312
-52,2,217.842313
-52,2,217.847314
-52,2,217.852315
-52,2,217.857316
-52,2,217.862317
-52,2,217.867318
-52,2,217.872319
-52,2,217.877321
-52,2,217.882322
-52,2,217.887323
-52,2,217.894325
-52,2,217.899326
-52,2,217.904327
-52,2,217.909328
-52,2,217.914329
-52,2,217.921331
-52,2,217.926332
-52,2,217.931333
-52,2,217.937334
-52,2,217.942335
-52,2,217.947336
-52,2,217.954338
-52,2,217.959339
-52,2,217.96434
-52,2,217.969342
-52,2,217.975343
-52,2,217.981344
-52,2,217.986345
-52,2,217.991347
-52,2,217.996347
-52,2,218.001349
-52,2,218.006349
-52,2,218.013351
-52,2,218.018352
-52,2,218.023353
-52,2,218.028354
-52,2,218.033355
-52,2,218.039357
-52,2,218.044358
-52,2,218.049359
-52,2,218.05536
-52,2,218.060362
-52,2,218.066363
-52,2,218.071364
-52,2,218.076365
-52,2,218.081367
-52,2,218.086367
-52,2,218.091369
-52,2,218.09937
-52,2,218.104372
-52,2,218.109373
-52,2,218.114374
-52,2,218.122376
-52,2,218.127377
-52,2,218.132378
-52,2,218.137379
-52,2,218.14238
-52,2,218.147381
-52,2,218.153382
-52,2,218.158383
-52,2,218.164385
-52,2,218.171386
-52,2,218.177387
-52,2,218.182389
-52,2,218.18739
-52,2,218.192391
-52,2,218.197392
-52,2,218.205394
-52,2,218.210395
-52,2,218.215396
-52,2,218.220397
-52,2,218.225398
-52,2,218.2304
-52,2,218.237401
-52,2,218.242402
-52,2,218.248403
-52,2,218.253405
-52,2,218.258406
-52,2,218.263407
-52,2,218.268408
-52,2,218.273409
-52,2,218.27841
-52,2,218.283412
-52,2,218.288413
-52,2,218.293414
-52,2,218.298415
-52,2,218.304416
-52,2,218.309417
-52,2,218.314418
-52,2,218.32142
-52,2,218.326421
-52,2,218.331422
-52,2,218.336423
-52,2,218.341425
-52,2,218.346426
-52,2,218.351427
-52,2,218.356428
-52,2,218.361429
-52,2,218.36643
-52,2,218.375432
-52,2,218.380433
-52,2,218.385434
-52,2,218.390435
-52,2,218.395436
-52,2,218.400437
-52,2,218.406439
-52,2,218.41144
-52,2,218.418441
-52,2,218.424443
-52,2,218.431445
-52,2,218.436446
-52,2,218.442447
-52,2,218.447448
-52,2,218.45545
-52,2,218.460451
-52,2,218.466452
-53,3,218.473454
-52,2,218.479455
-52,2,218.486457
-52,2,218.491458
-52,2,218.496459
-52,2,218.50346
-52,2,218.508462
-52,2,218.514463
-52,2,218.519464
-52,2,218.525466
-52,2,218.530466
-52,2,218.535468
-52,2,218.540469
-52,2,218.54647
-52,2,218.551471
-52,2,218.556472
-52,2,218.561474
-54,4,218.571476
-52,2,218.578477
-52,2,218.584479
-52,2,218.590481
-52,2,218.595481
-52,2,218.600482
-52,2,218.605483
-52,2,218.611485
-52,2,218.617486
-52,2,218.622487
-52,2,218.627488
-52,2,218.63549
-52,2,218.640491
-52,2,218.645492
-52,2,218.650493
-52,2,218.655494
-52,2,218.660496
-52,2,218.666497
-52,2,218.671498
-52,2,218.676499
-52,2,218.6815
-52,2,218.686502
-52,2,218.691503
-52,2,218.696503
-52,2,218.703505
-52,2,218.708506
-52,2,218.715508
-52,2,218.720509
-52,2,218.72551
-52,2,218.730511
-52,2,218.737513
-52,2,218.742514
-52,2,218.747515
-52,2,218.752516
-52,2,218.757517
-52,2,218.762518
-52,2,218.767519
-52,2,218.772521
-52,2,218.778522
-52,2,218.783523
-52,2,218.788524
-52,2,218.793525
-52,2,218.798527
-52,2,218.803527
-52,2,218.808528
-52,2,218.81453
-52,2,218.820531
-52,2,218.825532
-52,2,218.830534
-52,2,218.835534
-53,3,218.843536
-52,2,218.848537
-52,2,218.853538
-52,2,218.85854
-52,2,218.864541
-52,2,218.869543
-52,2,218.874543
-52,2,218.879547
-52,2,218.884549
-52,2,218.89255
-52,2,218.897552
-52,2,218.902553
-52,2,218.907554
-52,2,218.912555
-52,2,218.917556
-52,2,218.922557
-52,2,218.928559
-52,2,218.93456
-52,2,218.939562
-52,2,218.944562
-52,2,218.949564
-52,2,218.954565
-52,2,218.959566
-52,2,218.965567
-52,2,218.970568
-52,2,218.975569
-52,2,218.98057
-52,2,218.986572
-52,2,218.991573
-52,2,218.996574
-52,2,219.002575
-52,2,219.008576
-52,2,219.013577
-52,2,219.018579
-52,2,219.02358
-52,2,219.029581
-52,2,219.035582
-52,2,219.040584
-52,2,219.046585
-52,2,219.052586
-52,2,219.057588
-52,2,219.062588
-52,2,219.06759
-52,2,219.073591
-52,2,219.078592
-52,2,219.083593
-52,2,219.088594
-52,2,219.093596
-52,2,219.098597
-52,2,219.103598
-52,2,219.108599
-52,2,219.1156
-52,2,219.120601
-52,2,219.125603
-52,2,219.130604
-52,2,219.136605
-52,2,219.142606
-52,2,219.147607
-52,2,219.152608
-52,2,219.16061
-52,2,219.165612
-52,2,219.170613
-52,2,219.175613
-52,2,219.181615
-52,2,219.186616
-53,3,219.194618
-52,2,219.199619
-52,2,219.206621
-52,2,219.212622
-52,2,219.219624
-52,2,219.225625
-52,2,219.230626
-52,2,219.236627
-52,2,219.241629
-52,2,219.24663
-52,2,219.251631
-52,2,219.258632
-52,2,219.264634
-52,2,219.269635
-52,2,219.274636
-52,2,219.279637
-52,2,219.284638
-52,2,219.289639
-52,2,219.29464
-54,4,219.306643
-52,2,219.311644
-52,2,219.317645
-52,2,219.322646
-52,2,219.327647
-52,2,219.332649
-52,2,219.33865
-52,2,219.344651
-52,2,219.349653
-52,2,219.354654
-52,2,219.360655
-52,2,219.365656
-52,2,219.371658
-52,2,219.376658
-52,2,219.38166
-52,2,219.386661
-52,2,219.391662
-52,2,219.397663
-52,2,219.402664
-52,2,219.408666
-52,2,219.413667
-52,2,219.421669
-52,2,219.42767
-52,2,219.433671
-52,2,219.438673
-52,2,219.443674
-52,2,219.448675
-52,2,219.453676
-52,2,219.459677
-52,2,219.463678
-52,2,219.46968
-52,2,219.474681
-52,2,219.479682
-52,2,219.484683
-52,2,219.489684
-52,2,219.494685
-52,2,219.499686
-52,2,219.504687
-52,2,219.510689
-52,2,219.51569
-52,2,219.522691
-52,2,219.527692
-52,2,219.532694
-52,2,219.537694
-52,2,219.543696
-52,2,219.548697
-52,2,219.554699
-52,2,219.5597
-52,2,219.564701
-52,2,219.569702
-52,2,219.574703
-52,2,219.579704
-52,2,219.584705
-52,2,219.590706
-52,2,219.595707
-52,2,219.600709
-52,2,219.60571
-52,2,219.610711
-52,2,219.615712
-54,4,219.626714
-52,2,219.632716
-52,2,219.637717
-52,2,219.642718
-52,2,219.647719
-52,2,219.65272
-52,2,219.657722
-52,2,219.663723
-52,2,219.668724
-52,2,219.673725
-52,2,219.679727
-52,2,219.686728
-52,2,219.691729
-52,2,219.69673
-52,2,219.704732
-52,2,219.709733
-52,2,219.714734
-52,2,219.720735
-52,2,219.725736
-52,2,219.732738
-52,2,219.737739
-52,2,219.74274
-52,2,219.747741
-52,2,219.752743
-52,2,219.757744
-52,2,219.764745
-52,2,219.770746
-52,2,219.777748
-52,2,219.782749
-52,2,219.78775
-52,2,219.792751
-52,2,219.798753
-52,2,219.803754
-52,2,219.808755
-52,2,219.813756
-52,2,219.818757
-52,2,219.823758
-52,2,219.82976
-52,2,219.834761
-52,2,219.839762
-52,2,219.844763
-52,2,219.849764
-52,2,219.854766
-52,2,219.859766
-52,2,219.864768
-52,2,219.869769
-52,2,219.877771
-52,2,219.882771
-52,2,219.889773
-52,2,219.895774
-52,2,219.900775
-52,2,219.905777
-52,2,219.912778
-52,2,219.917779
-52,2,219.922781
-52,2,219.928782
-52,2,219.933783
-52,2,219.939785
-52,2,219.944785
-52,2,219.949787
-52,2,219.955788
-52,2,219.960789
-52,2,219.96579
-52,2,219.970791
-52,2,219.975792
-52,2,219.980793
-52,2,219.986794
-52,2,219.991796
-52,2,219.996796
-52,2,220.001798
-52,2,220.006799
-52,2,220.0118
-52,2,220.016801
-52,2,220.023803
-53,3,220.030805
-52,2,220.035805
-52,2,220.041807
-52,2,220.046809
-52,2,220.051809
-52,2,220.05681
-52,2,220.061811
-52,2,220.066813
-52,2,220.071814
-52,2,220.077815
-52,2,220.085817
-52,2,220.090818
-52,2,220.096819
-52,2,220.10182
-52,2,220.106821
-52,2,220.112823
-52,2,220.117824
-52,2,220.122825
-52,2,220.127826
-52,2,220.132828
-52,2,220.137829
-52,2,220.14283
-52,2,220.14783
-52,2,220.152832
-52,2,220.159833
-52,2,220.165835
-52,2,220.173836
-52,2,220.178838
-53,3,220.186839
-52,2,220.19184
-52,2,220.196841
-52,2,220.202843
-52,2,220.209845
-52,2,220.217846
-52,2,220.224848
-52,2,220.229849
-52,2,220.23485
-52,2,220.239851
-52,2,220.246853
-52,2,220.251854
-52,2,220.256855
-52,2,220.262856
-52,2,220.267858
-52,2,220.272858
-52,2,220.277859
-52,2,220.282861
-52,2,220.290863
-52,2,220.295864
-52,2,220.300865
-52,2,220.305866
-52,2,220.310867
-52,2,220.315868
-52,2,220.320869
-52,2,220.325871
-52,2,220.330871
-52,2,220.335873
-52,2,220.340874
-52,2,220.345875
-52,2,220.351876
-52,2,220.356877
-52,2,220.361879
-52,2,220.36688
-52,2,220.371881
-52,2,220.376882
-52,2,220.383883
-52,2,220.389885
-52,2,220.394886
-52,2,220.400895
-52,2,220.405888
-52,2,220.410889
-52,2,220.41589
-52,2,220.420892
-52,2,220.426893
-52,2,220.431894
-52,2,220.437895
-52,2,220.442896
-52,2,220.447897
-52,2,220.452899
-52,2,220.460901
-52,2,220.465902
-52,2,220.470903
-52,2,220.475904
-52,2,220.481905
-52,2,220.488907
-52,2,220.493908
-52,2,220.498909
-52,2,220.50391
-52,2,220.509911
-52,2,220.516913
-52,2,220.521914
-52,2,220.527915
-52,2,220.532917
-52,2,220.537918
-52,2,220.543919
-52,2,220.54892
-52,2,220.553921
-52,2,220.558922
-52,2,220.563923
-52,2,220.569925
-52,2,220.574926
-52,2,220.579927
-52,2,220.586928
-52,2,220.59193
-52,2,220.596931
-52,2,220.602932
-52,2,220.607933
-52,2,220.612935
-52,2,220.617935
-52,2,220.625937
-52,2,220.633939
-52,2,220.639941
-52,2,220.644941
-52,2,220.649943
-52,2,220.654944
-52,2,220.660945
-52,2,220.666946
-52,2,220.671947
-52,2,220.676949
-52,2,220.68295
-52,2,220.687951
-52,2,220.692952
-52,2,220.697953
-52,2,220.702955
-52,2,220.707956
-52,2,220.713957
-52,2,220.718958
-52,2,220.723959
-52,2,220.72896
-52,2,220.735962
-52,2,220.740963
-52,2,220.745964
-52,2,220.750965
-52,2,220.758967
-52,2,220.765089
-52,2,220.770086
-52,2,220.775086
-52,2,220.781088
-52,2,220.786089
-52,2,220.79109
-52,2,220.796091
-52,2,220.801092
-52,2,220.806093
-52,2,220.811095
-52,2,220.819096
-52,2,220.824097
-52,2,220.829098
-52,2,220.8351
-52,2,220.840101
-52,2,220.845102
-52,2,220.850103
-52,2,220.855104
-52,2,220.861106
-52,2,220.866107
-52,2,220.871108
-52,2,220.876109
-52,2,220.88111
-52,2,220.886111
-52,2,220.892113
-52,2,220.897114
-52,2,220.902115
-52,2,220.907116
-52,2,220.912117
-52,2,220.917118
-52,2,220.92412
-52,2,220.929121
-52,2,220.935122
-52,2,220.940124
-52,2,220.947125
-52,2,220.953126
-52,2,220.958127
-52,2,220.963129
-52,2,220.96913
-52,2,220.974131
-52,2,220.979132
-52,2,220.985133
-52,2,220.990135
-52,2,220.995135
-52,2,221.001137
-52,2,221.006138
-52,2,221.011139
-52,2,221.01614
-52,2,221.021142
-52,2,221.026143
-52,2,221.032144
-52,2,221.037145
-52,2,221.042146
-52,2,221.047147
-52,2,221.054149
-52,2,221.06015
-52,2,221.066151
-52,2,221.071153
-52,2,221.076154
-52,2,221.081155
-52,2,221.086156
-52,2,221.092158
-52,2,221.097158
-52,2,221.10216
-52,2,221.10716
-52,2,221.114162
-52,2,221.119163
-52,2,221.124164
-52,2,221.130166
-52,2,221.135167
-52,2,221.140168
-52,2,221.145169
-52,2,221.15017
-52,2,221.156171
-52,2,221.161173
-52,2,221.166173
-52,2,221.172175
-52,2,221.180177
-52,2,221.185178
-52,2,221.19218
-52,2,221.197181
-52,2,221.203182
-52,2,221.208183
-52,2,221.214184
-52,2,221.220186
-52,2,221.225187
-52,2,221.232189
-52,2,221.23719
-52,2,221.242191
-52,2,221.247192
-52,2,221.253193
-52,2,221.258194
-52,2,221.263195
-52,2,221.268197
-52,2,221.273198
-52,2,221.278198
-52,2,221.2832
-52,2,221.288201
-52,2,221.295202
-52,2,221.301204
-52,2,221.307205
-52,2,221.312207
-52,2,221.317207
-52,2,221.322209
-52,2,221.327209
-52,2,221.332211
-52,2,221.337212
-52,2,221.342213
-52,2,221.347214
-52,2,221.352215
-52,2,221.357216
-52,2,221.363218
-52,2,221.368219
-52,2,221.37522
-52,2,221.381222
-52,2,221.386223
-52,2,221.391224
-52,2,221.396225
-52,2,221.401226
-52,2,221.406227
-52,2,221.411228
-52,2,221.41923
-52,2,221.424232
-53,3,221.431233
-52,2,221.437234
-52,2,221.442235
-52,2,221.448237
-52,2,221.455238
-52,2,221.460239
-52,2,221.467241
-52,2,221.472242
-52,2,221.480244
-52,2,221.485245
-52,2,221.492247
-52,2,221.497247
-52,2,221.503249
-52,2,221.50825
-52,2,221.513251
-52,2,221.518252
-52,2,221.524254
-52,2,221.529254
-52,2,221.534256
-52,2,221.539257
-52,2,221.545258
-52,2,221.55026
-52,2,221.55526
-52,2,221.560262
-52,2,221.566263
-52,2,221.571264
-52,2,221.576265
-52,2,221.581266
-52,2,221.586267
-52,2,221.591269
-52,2,221.59727
-52,2,221.602271
-52,2,221.607272
-52,2,221.612274
-52,2,221.617275
-52,2,221.623275
-52,2,221.629277
-52,2,221.634278
-52,2,221.64228
-52,2,221.649281
-52,2,221.654283
-52,2,221.659284
-52,2,221.664285
-52,2,221.669286
-52,2,221.676288
-52,2,221.684289
-52,2,221.689291
-52,2,221.694291
-52,2,221.699293
-52,2,221.704294
-52,2,221.710295
-52,2,221.715296
-52,2,221.720298
-52,2,221.725298
-52,2,221.730299
-52,2,221.736301
-52,2,221.741302
-52,2,221.746303
-52,2,221.751304
-52,2,221.756305
-52,2,221.761307
-52,2,221.766308
-52,2,221.771309
-52,2,221.77831
-52,2,221.783311
-52,2,221.788313
-54,4,221.797315
-52,2,221.803316
-52,2,221.808317
-52,2,221.813318
-52,2,221.818319
-52,2,221.82332
-52,2,221.829322
-52,2,221.834323
-52,2,221.839324
-52,2,221.844325
-52,2,221.849326
-52,2,221.854327
-52,2,221.860329
-53,3,221.86733
-52,2,221.872331
-53,3,221.881333
-52,2,221.887335
-52,2,221.892336
-52,2,221.897337
-52,2,221.903338
-52,2,221.908339
-52,2,221.913341
-52,2,221.918341
-52,2,221.924343
-52,2,221.929344
-52,2,221.935346
-52,2,221.940347
-52,2,221.946348
-52,2,221.951349
-52,2,221.95635
-52,2,221.961351
-52,2,221.969353
-52,2,221.976355
-52,2,221.981355
-52,2,221.986356
-52,2,221.992358
-52,2,221.998359
-52,2,222.00336
-52,2,222.008362
-52,2,222.013362
-52,2,222.020364
-52,2,222.026366
-52,2,222.031367
-52,2,222.036368
-52,2,222.041369
-52,2,222.04637
-52,2,222.053372
-52,2,222.060374
-52,2,222.065374
-52,2,222.070375
-52,2,222.075377
-52,2,222.080378
-53,3,222.087379
-52,2,222.092381
-52,2,222.098382
-52,2,222.103383
-52,2,222.108384
-52,2,222.113385
-52,2,222.118386
-52,2,222.123388
-53,3,222.131389
-52,2,222.13639
-52,2,222.141391
-52,2,222.146392
-52,2,222.151394
-52,2,222.156517
-52,2,222.161516
-52,2,222.166517
-52,2,222.172519
-52,2,222.177519
-52,2,222.182521
-52,2,222.187522
-52,2,222.192523
-52,2,222.199524
-52,2,222.207526
-52,2,222.212528
-52,2,222.217529
-52,2,222.22253
-52,2,222.228531
-52,2,222.233532
-52,2,222.238533
-52,2,222.243534
-52,2,222.249536
-52,2,222.254537
-52,2,222.259538
-52,2,222.264539
-52,2,222.270541
-52,2,222.275542
-52,2,222.280543
-52,2,222.285543
-52,2,222.291545
-52,2,222.296546
-52,2,222.301547
-52,2,222.306548
-52,2,222.31355
-52,2,222.318551
-52,2,222.323552
-52,2,222.328553
-52,2,222.334554
-52,2,222.339556
-52,2,222.344557
-52,2,222.351558
-52,2,222.35656
-52,2,222.361561
-52,2,222.366562
-52,2,222.372563
-52,2,222.377564
-52,2,222.383565
-52,2,222.389567
-52,2,222.394568
-52,2,222.399569
-52,2,222.40457
-52,2,222.409571
-52,2,222.417573
-52,2,222.422575
-52,2,222.428576
-52,2,222.433577
-52,2,222.440578
-52,2,222.445579
-52,2,222.451581
-52,2,222.456582
-52,2,222.463583
-52,2,222.470585
-52,2,222.475586
-52,2,222.480587
-52,2,222.485588
-52,2,222.49059
-52,2,222.49559
-52,2,222.500592
-52,2,222.505593
-52,2,222.510594
-52,2,222.516595
-52,2,222.521596
-52,2,222.528598
-52,2,222.533599
-52,2,222.5386
-52,2,222.544601
-52,2,222.549603
-52,2,222.554604
-52,2,222.560605
-52,2,222.566606
-52,2,222.571608
-52,2,222.577609
-52,2,222.58261
-52,2,222.589611
-52,2,222.594613
-52,2,222.599614
-53,3,222.607615
-52,2,222.614617
-52,2,222.619618
-52,2,222.624619
-52,2,222.62962
-52,2,222.634622
-52,2,222.640623
-52,2,222.645624
-52,2,222.651626
-52,2,222.656626
-52,2,222.661628
-52,2,222.666629
-52,2,222.67463
-52,2,222.679632
-52,2,222.684633
-52,2,222.692634
-52,2,222.697636
-52,2,222.704637
-52,2,222.710639
-52,2,222.71564
-52,2,222.720641
-52,2,222.725642
-52,2,222.731643
-52,2,222.736644
-52,2,222.742646
-52,2,222.748647
-53,3,222.756649
-52,2,222.76165
-52,2,222.766651
-53,3,222.773653
-52,2,222.778654
-52,2,222.783655
-57,7,222.799659
-52,2,222.804659
-52,2,222.809661
-52,2,222.815662
-52,2,222.820664
-52,2,222.825665
-52,2,222.832666
-52,2,222.837667
-52,2,222.843668
-52,2,222.848669
-53,3,222.855671
-52,2,222.861672
-52,2,222.866673
-52,2,222.871674
-52,2,222.876675
-52,2,222.882677
-52,2,222.887678
-52,2,222.892679
-52,2,222.89768
-52,2,222.902681
-52,2,222.908683
-52,2,222.913684
-52,2,222.918685
-52,2,222.923686
-52,2,222.928687
-52,2,222.933688
-52,2,222.93969
-52,2,222.945691
-52,2,222.950692
-52,2,222.955693
-52,2,222.960695
-52,2,222.966696
-52,2,222.972697
-52,2,222.977698
-52,2,222.9837
-52,2,222.9887
-52,2,222.995702
-52,2,223.000704
-52,2,223.005704
-52,2,223.010705
-52,2,223.015707
-52,2,223.021708
-52,2,223.026709
-52,2,223.03171
-52,2,223.036711
-52,2,223.043713
-52,2,223.049714
-52,2,223.054715
-52,2,223.061717
-52,2,223.066718
-52,2,223.072719
-52,2,223.07772
-52,2,223.082722
-52,2,223.087723
-52,2,223.894041
-52,2,223.900043
-52,2,223.907044
-52,2,223.912046
-52,2,223.919047
-52,2,223.924049
-52,2,223.93005
-52,2,223.936051
-52,2,223.941179
-52,2,223.94718
-52,2,223.952182
-52,2,223.957183
-52,2,223.962184
-52,2,223.967185
-52,2,223.972186
-52,2,223.977187
-52,2,223.982188
-52,2,223.98819
-52,2,223.992191
-52,2,223.997192
-52,2,224.004193
-52,2,224.009194
-52,2,224.014195
-52,2,224.021197
-52,2,224.027198
-52,2,224.032199
-52,2,224.0372
-52,2,224.042202
-52,2,224.047203
-52,2,224.052204
-52,2,224.057205
-52,2,224.063206
-52,2,224.068208
-52,2,224.076209
-52,2,224.08121
-52,2,224.086211
-52,2,224.091213
-61,11,224.118218
-52,2,224.12322
-52,2,224.128221
-52,2,224.134222
-52,2,224.139223
-52,2,224.144224
-52,2,224.149225
-52,2,224.154227
-52,2,224.159228
-52,2,224.164229
-52,2,224.16923
-52,2,224.175231
-52,2,224.180232
-52,2,224.185233
-52,2,224.190235
-52,2,224.195236
-52,2,224.200237
-52,2,224.206238
-52,2,224.21224
-52,2,224.218241
-52,2,224.224242
-52,2,224.230244
-52,2,224.235245
-52,2,224.242246
-52,2,224.247247
-52,2,224.252248
-52,2,224.257249
-52,2,224.262251
-52,2,224.267252
-52,2,224.272253
-52,2,224.277254
-52,2,224.282255
-52,2,224.288257
-52,2,224.293258
-52,2,224.298259
-52,2,224.30326
-52,2,224.308261
-52,2,224.313262
-52,2,224.318263
-52,2,224.325264
-52,2,224.330266
-52,2,224.336267
-52,2,224.341269
-52,2,224.346269
-52,2,224.352271
-52,2,224.357272
-52,2,224.362273
-52,2,224.367274
-52,2,224.372275
-53,3,224.381277
-52,2,224.388278
-52,2,224.39328
-52,2,224.398281
-52,2,224.403282
-52,2,224.409283
-52,2,224.414285
-52,2,224.419286
-52,2,224.426287
-52,2,224.431289
-52,2,224.436289
-52,2,224.441291
-52,2,224.446292
-52,2,224.452293
-52,2,224.457294
-52,2,224.462295
-52,2,224.470297
-52,2,224.475298
-52,2,224.480299
-52,2,224.4853
-52,2,224.490302
-52,2,224.495302
-52,2,224.501304
-52,2,224.506305
-52,2,224.512306
-52,2,224.517308
-52,2,224.522309
-52,2,224.52831
-52,2,224.533312
-52,2,224.539312
-52,2,224.544314
-52,2,224.550315
-52,2,224.555316
-52,2,224.560317
-52,2,224.565318
-52,2,224.57232
-52,2,224.579321
-52,2,224.584323
-52,2,224.589324
-52,2,224.594325
-52,2,224.599326
-52,2,224.604327
-52,2,224.609329
-52,2,224.616329
-52,2,224.621331
-52,2,224.626332
-52,2,224.632333
-52,2,224.638335
-52,2,224.645336
-52,2,224.651338
-52,2,224.656339
-52,2,224.66234
-52,2,224.667341
-52,2,224.672342
-52,2,224.677343
-52,2,224.682344
-52,2,224.689347
-52,2,224.697348
-52,2,224.702349
-52,2,224.70835
-52,2,224.713352
-52,2,224.718353
-52,2,224.723354
-52,2,224.728355
-52,2,224.735356
-52,2,224.740357
-52,2,224.745359
-52,2,224.75036
-52,2,224.756361
-52,2,224.761362
-52,2,224.766363
-52,2,224.771365
-52,2,224.776366
-52,2,224.781367
-52,2,224.787368
-52,2,224.792369
-52,2,224.79737
-52,2,224.802371
-52,2,224.807372
-52,2,224.812374
-52,2,224.817374
-52,2,224.822376
-52,2,224.827377
-52,2,224.833378
-52,2,224.838379
-52,2,224.845381
-52,2,224.850382
-52,2,224.855383
-52,2,224.860384
-52,2,224.86552
-52,2,224.870521
-52,2,224.875522
-52,2,224.880523
-52,2,224.885525
-52,2,224.890526
-52,2,224.896527
-52,2,224.901528
-52,2,224.906529
-52,2,224.911531
-52,2,224.917532
-52,2,224.923533
-52,2,224.928534
-52,2,224.934536
-52,2,224.939537
-52,2,224.945538
-52,2,224.950539
-52,2,224.95554
-52,2,224.960541
-52,2,224.965543
-52,2,224.970544
-52,2,224.975545
-52,2,224.981546
-52,2,224.986547
-52,2,224.991548
-52,2,224.99855
-52,2,225.003551
-52,2,225.008552
-52,2,225.013553
-52,2,225.018554
-52,2,225.024556
-52,2,225.029557
-52,2,225.034558
-52,2,225.039559
-52,2,225.04556
-52,2,225.050561
-52,2,225.055562
-52,2,225.060564
-52,2,225.065565
-52,2,225.070566
-52,2,225.075567
-52,2,225.080568
-52,2,225.085569
-52,2,225.09057
-52,2,225.096571
-52,2,225.101573
-52,2,225.106574
-52,2,225.111575
-52,2,225.116576
-52,2,225.121578
-52,2,225.128579
-52,2,225.135581
-52,2,225.140581
-52,2,225.148583
-52,2,225.153584
-52,2,225.159586
-52,2,225.164587
-52,2,225.170588
-52,2,225.175589
-52,2,225.182591
-52,2,225.187592
-52,2,225.1926
-52,2,225.197594
-52,2,225.202595
-52,2,225.207596
-52,2,225.212598
-52,2,225.220599
-52,2,225.2256
-52,2,225.230602
-52,2,225.235603
-52,2,225.240604
-52,2,225.246736
-52,2,225.251734
-52,2,225.256735
-52,2,225.262737
-52,2,225.268738
-52,2,225.273739
-52,2,225.27874
-52,2,225.283741
-52,2,225.288743
-52,2,225.293744
-52,2,225.298745
-52,2,225.304746
-52,2,225.309747
-52,2,225.315748
-52,2,225.32275
-52,2,225.327751
-52,2,225.332752
-52,2,225.337754
-52,2,225.342754
-52,2,225.347755
-52,2,225.352757
-52,2,225.358758
-52,2,225.36376
-52,2,225.36876
-52,2,225.373762
-52,2,225.378762
-52,2,225.383764
-52,2,225.388764
-52,2,225.396766
-52,2,225.402768
-52,2,225.407769
-52,2,225.41277
-52,2,225.417771
-52,2,225.422772
-52,2,225.428773
-52,2,225.433775
-52,2,225.438776
-52,2,225.444777
-52,2,225.449779
-52,2,225.45778
-52,2,225.462781
-52,2,225.467782
-52,2,225.472783
-52,2,225.477785
-52,2,225.483786
-52,2,225.488787
-52,2,225.493788
-52,2,225.50079
-52,2,225.506791
-52,2,225.511792
-52,2,225.516793
-52,2,225.521794
-52,2,225.526796
-52,2,225.531797
-52,2,225.536798
-52,2,225.542799
-52,2,225.5478
-52,2,225.552801
-52,2,225.557802
-52,2,225.563804
-52,2,225.569805
-52,2,225.575806
-52,2,225.580807
-52,2,225.585809
-52,2,225.59281
-52,2,225.598811
-52,2,225.604813
-52,2,225.610814
-52,2,225.615815
-52,2,225.620816
-52,2,225.626818
-52,2,225.631819
-52,2,225.63782
-52,2,225.642822
-52,2,225.647822
-52,2,225.652824
-52,2,225.657825
-52,2,225.662826
-52,2,225.668827
-52,2,225.673828
-52,2,225.678829
-52,2,225.68383
-52,2,225.688832
-52,2,225.693833
-52,2,225.698834
-52,2,225.703835
-52,2,225.708836
-52,2,225.713838
-52,2,225.719839
-52,2,225.72584
-52,2,225.731842
-52,2,225.736842
-52,2,225.742844
-52,2,225.747845
-52,2,225.752846
-52,2,225.757847
-52,2,225.763849
-52,2,225.77085
-52,2,225.776851
-52,2,225.781852
-52,2,225.786854
-52,2,225.794855
-52,2,225.799856
-52,2,225.804858
-52,2,225.809858
-52,2,225.81486
-52,2,225.81986
-52,2,225.824862
-52,2,225.829863
-52,2,225.834864
-52,2,225.841866
-52,2,225.846867
-52,2,225.851868
-52,2,225.856869
-52,2,225.86187
-52,2,225.866871
-52,2,225.874873
-52,2,225.879874
-52,2,225.885875
-52,2,225.890877
-52,2,225.895878
-52,2,225.900879
-52,2,225.90588
-52,2,225.910881
-52,2,225.915882
-52,2,225.920883
-52,2,225.926885
-52,2,225.931886
-52,2,225.937887
-52,2,225.943889
-52,2,225.94889
-52,2,225.953891
-53,3,225.960892
-52,2,225.965893
-52,2,225.971895
-54,4,225.981897
-52,2,225.986898
-52,2,225.9919
-52,2,225.999901
-52,2,226.005902
-52,2,226.010903
-52,2,226.015905
-52,2,226.021906
-52,2,226.026907
-52,2,226.031909
-52,2,226.036909
-52,2,226.041911
-52,2,226.048912
-52,2,226.053913
-52,2,226.058914
-52,2,226.063915
-52,2,226.068916
-52,2,226.073918
-52,2,226.080919
-52,2,226.08592
-52,2,226.090921
-52,2,226.095922
-52,2,226.100924
-52,2,226.105925
-52,2,226.113927
-52,2,226.119928
-52,2,226.124929
-52,2,226.12993
-52,2,226.134931
-52,2,226.141933
-52,2,226.146934
-52,2,226.151935
-52,2,226.156936
-52,2,226.163938
-52,2,226.168939
-52,2,226.17394
-52,2,226.178941
-52,2,226.185942
-52,2,226.192944
-52,2,226.198945
-52,2,226.203947
-52,2,226.208947
-52,2,226.214949
-52,2,226.220961
-52,2,226.225954
-52,2,226.230955
-52,2,226.235956
-52,2,226.240957
-52,2,226.245959
-52,2,226.250959
-52,2,226.255961
-52,2,226.262962
-52,2,226.267963
-52,2,226.274965
-52,2,226.280967
-52,2,226.285967
-52,2,226.291969
-52,2,226.29697
-52,2,226.301971
-52,2,226.306972
-52,2,226.311973
-52,2,226.316974
-52,2,226.322976
-52,2,226.327977
-52,2,226.332978
-52,2,226.337979
-52,2,226.34298
-52,2,226.347982
-52,2,226.352982
-52,2,226.357984
-52,2,226.362984
-52,2,226.367985
-52,2,226.372987
-52,2,226.378988
-52,2,226.383989
-52,2,226.38899
-52,2,226.394992
-52,2,226.399993
-52,2,226.404994
-52,2,226.409995
-52,2,226.414996
-52,2,226.420997
-52,2,226.425999
-52,2,226.431
-52,2,226.438001
-52,2,226.443002
-52,2,226.448004
-52,2,226.454005
-52,2,226.461006
-52,2,226.466008
-52,2,226.471009
-52,2,226.47601
-52,2,226.482011
-52,2,226.487012
-52,2,226.492014
-52,2,226.499015
-52,2,226.505016
-52,2,226.510017
-52,2,226.515018
-52,2,226.52002
-52,2,226.525021
-52,2,226.530022
-52,2,226.536024
-52,2,226.541025
-52,2,226.546025
-52,2,226.551027
-52,2,226.557028
-52,2,226.56203
-52,2,226.56703
-52,2,226.572031
-52,2,226.578032
-52,2,226.583034
-52,2,226.588036
-53,3,226.597037
-52,2,226.602038
-52,2,226.608039
-52,2,226.61304
-52,2,226.618042
-52,2,226.623043
-52,2,226.628044
-52,2,226.635046
-52,2,226.640046
-52,2,226.646048
-58,8,226.666052
-52,2,226.671054
-52,2,226.676054
-52,2,226.681056
-52,2,226.686057
-52,2,226.691058
-52,2,226.696059
-52,2,226.70206
-52,2,226.708062
-52,2,226.714063
-52,2,226.720065
-52,2,226.725065
-52,2,226.730067
-52,2,226.735068
-52,2,226.740069
-52,2,226.74507
-52,2,226.750071
-52,2,226.755073
-52,2,226.760073
-52,2,226.765074
-52,2,226.770076
-52,2,226.776077
-52,2,226.781078
-52,2,226.786079
-52,2,226.79108
-52,2,226.796082
-52,2,226.801082
-52,2,226.807084
-52,2,226.812086
-52,2,226.817086
-52,2,226.822087
-53,3,226.829088
-52,2,226.83609
-52,2,226.841091
-52,2,226.846093
-52,2,226.852094
-52,2,226.857095
-52,2,226.863096
-52,2,226.868097
-52,2,226.873099
-52,2,226.880101
-52,2,226.886101
-53,3,226.893103
-52,2,226.898104
-52,2,226.904105
-52,2,226.910107
-52,2,226.915108
-52,2,226.920109
-52,2,226.92511
-54,4,226.935112
-52,2,226.941114
-52,2,226.946115
-52,2,226.952116
-52,2,226.957118
-52,2,226.962118
-52,2,226.97012
-52,2,226.975121
-52,2,226.981123
-52,2,226.986124
-52,2,226.992125
-52,2,226.997126
-52,2,227.002127
-52,2,227.007128
-52,2,227.01213
-52,2,227.017131
-52,2,227.022132
-52,2,227.027133
-52,2,227.032135
-52,2,227.037135
-52,2,227.044137
-52,2,227.049138
-52,2,227.054139
-52,2,227.05914
-52,2,227.066142
-52,2,227.071142
-52,2,227.076144
-52,2,227.081145
-52,2,227.086146
-52,2,227.092148
-52,2,227.097148
-52,2,227.10215
-52,2,227.107151
-52,2,227.112152
-52,2,227.117153
-52,2,227.122154
-52,2,227.127155
-52,2,227.135157
-52,2,227.141158
-52,2,227.146159
-52,2,227.151161
-52,2,227.156162
-52,2,227.163163
-52,2,227.169164
-52,2,227.174166
-52,2,227.179167
-52,2,227.185168
-52,2,227.191169
-52,2,227.197171
-52,2,227.202172
-52,2,227.210174
-52,2,227.216175
-52,2,227.221176
-52,2,227.228178
-52,2,227.233179
-52,2,227.23918
-52,2,227.244181
-52,2,227.249182
-52,2,227.255184
-52,2,227.260185
-52,2,227.265186
-52,2,227.270187
-52,2,227.275188
-52,2,227.280189
-52,2,227.286191
-52,2,227.291192
-52,2,227.296193
-52,2,227.301194
-52,2,227.308196
-52,2,227.315197
-52,2,227.320198
-52,2,227.325199
-52,2,227.332201
-52,2,227.337202
-52,2,227.342203
-52,2,227.348204
-52,2,227.353205
-52,2,227.358207
-52,2,227.363208
-52,2,227.369209
-52,2,227.37421
-52,2,227.382212
-52,2,227.387213
-52,2,227.392214
-52,2,227.397215
-52,2,227.402216
-52,2,227.408218
-52,2,227.413219
-52,2,227.41822
-52,2,227.423221
-52,2,227.428222
-52,2,227.433223
-52,2,227.440225
-52,2,227.445226
-52,2,227.452228
-52,2,227.457229
-52,2,227.462229
-52,2,227.469231
-52,2,227.474233
-52,2,227.479234
-52,2,227.484235
-52,2,227.489236
-52,2,227.494237
-52,2,227.500239
-52,2,227.50524
-52,2,227.510241
-52,2,227.515242
-52,2,227.520243
-52,2,227.525244
-52,2,227.531245
-52,2,227.536246
-52,2,227.542248
-52,2,227.548249
-52,2,227.55325
-52,2,227.558251
-52,2,227.563252
-53,3,227.571254
-52,2,227.576255
-54,4,227.585258
-52,2,227.591259
-52,2,227.59626
-52,2,227.601261
-52,2,227.606262
-52,2,227.611263
-52,2,227.616264
-52,2,227.623266
-52,2,227.628267
-52,2,227.634269
-52,2,227.639269
-52,2,227.644271
-52,2,227.649272
-52,2,227.655273
-52,2,227.660274
-52,2,227.665275
-52,2,227.670276
-52,2,227.675277
-52,2,227.680278
-52,2,227.68628
-52,2,227.691281
-52,2,227.696282
-52,2,227.701283
-52,2,227.707284
-52,2,227.712286
-52,2,227.718287
-52,2,227.724288
-52,2,227.729289
-52,2,227.735291
-52,2,227.741292
-52,2,227.748294
-52,2,227.754295
-52,2,227.759296
-52,2,227.764298
-52,2,227.769299
-52,2,227.7743
-52,2,227.7793
-52,2,227.784302
-52,2,227.790303
-52,2,227.795304
-52,2,227.800305
-52,2,227.805306
-52,2,227.812308
-52,2,227.817309
-52,2,227.82231
-52,2,227.829312
-52,2,227.834313
-52,2,227.840314
-52,2,227.846316
-52,2,227.852317
-52,2,227.858318
-52,2,227.863319
-52,2,227.869321
-52,2,227.874322
-52,2,227.880323
-52,2,227.885324
-52,2,227.891325
-52,2,227.897327
-52,2,227.904329
-52,2,227.91033
-52,2,227.916331
-52,2,227.921332
-52,2,227.926333
-52,2,227.932335
-52,2,227.938336
-52,2,227.943337
-52,2,227.949339
-52,2,227.95434
-52,2,227.959341
-52,2,227.964342
-52,2,227.969343
-52,2,227.974344
-52,2,227.980346
-53,3,227.987347
-52,2,227.992348
-52,2,227.997349
-54,4,228.008352
-52,2,228.015353
-52,2,228.020354
-52,2,228.025355
-52,2,228.030357
-52,2,228.036358
-52,2,228.041359
-52,2,228.04636
-52,2,228.051361
-52,2,228.057363
-52,2,228.062364
-52,2,228.067365
-52,2,228.072366
-52,2,228.080368
-52,2,228.085369
-52,2,228.09037
-52,2,228.096371
-52,2,228.101372
-52,2,228.106374
-52,2,228.111375
-52,2,228.117376
-52,2,228.123377
-52,2,228.128378
-52,2,228.13338
-52,2,228.138381
-52,2,228.143382
-52,2,228.148383
-52,2,228.155385
-52,2,228.160385
-52,2,228.166387
-52,2,228.172389
-52,2,228.177389
-52,2,228.18239
-52,2,228.189392
-52,2,228.194393
-52,2,228.199394
-52,2,228.204396
-52,2,228.210397
-52,2,228.215398
-52,2,228.220399
-52,2,228.2254
-52,2,228.230401
-52,2,228.236403
-52,2,228.241404
-52,2,228.246405
-52,2,228.251406
-52,2,228.257407
-52,2,228.262408
-52,2,228.26741
-52,2,228.275412
-52,2,228.280412
-52,2,228.285414
-52,2,228.292415
-52,2,228.297416
-52,2,228.303417
-52,2,228.309419
-52,2,228.31542
-52,2,228.320421
-52,2,228.325423
-52,2,228.332424
-52,2,228.337425
-52,2,228.342427
-52,2,228.348428
-52,2,228.353429
-52,2,228.35943
-52,2,228.364431
-52,2,228.369432
-52,2,228.374434
-52,2,228.382435
-52,2,228.387436
-52,2,228.392437
-52,2,228.397439
-52,2,228.402439
-52,2,228.408441
-52,2,228.413442
-52,2,228.418443
-53,3,228.425446
-52,2,228.430446
-52,2,228.435447
-52,2,228.441449
-52,2,228.446449
-52,2,228.45145
-52,2,228.456452
-52,2,228.462453
-52,2,228.468454
-52,2,228.473456
-52,2,228.478457
-52,2,228.485458
-52,2,228.490459
-52,2,228.49546
-52,2,228.500461
-52,2,228.506463
-52,2,228.512465
-52,2,228.518465
-52,2,228.523467
-52,2,228.528468
-52,2,228.533469
-52,2,228.53847
-52,2,228.545472
-52,2,228.551473
-52,2,228.556474
-52,2,228.561476
-52,2,228.567477
-52,2,228.572478
-52,2,228.577479
-52,2,228.582481
-52,2,228.587481
-52,2,228.593482
-52,2,228.598483
-52,2,228.603484
-52,2,228.609486
-52,2,228.614487
-52,2,228.619488
-52,2,228.624489
-52,2,228.62949
-52,2,228.634491
-52,2,228.641493
-52,2,228.647494
-52,2,228.653495
-52,2,228.659497
-52,2,228.664499
-52,2,228.669499
-52,2,228.674501
-52,2,228.679501
-52,2,228.684503
-52,2,228.691504
-52,2,228.696506
-52,2,228.701506
-52,2,228.707508
-52,2,228.712509
-52,2,228.71751
-52,2,228.722511
-52,2,228.727512
-54,4,228.737514
-52,2,228.744516
-52,2,228.75092
-52,2,228.755921
-52,2,228.760922
-52,2,228.765923
-52,2,228.770924
-52,2,228.775926
-52,2,228.780926
-52,2,228.786928
-52,2,228.793929
-52,2,228.79893
-52,2,228.803931
-52,2,228.809933
-52,2,228.814934
-52,2,228.819935
-52,2,228.824937
-52,2,228.829937
-52,2,228.836939
-52,2,228.84194
-52,2,228.846941
-52,2,228.851942
-52,2,228.856943
-52,2,228.864945
-52,2,228.869946
-52,2,228.874948
-52,2,228.881949
-52,2,228.88695
-52,2,228.892952
-52,2,228.897953
-52,2,228.905954
-52,2,228.910955
-52,2,228.915956
-52,2,228.920958
-52,2,228.925959
-52,2,228.93096
-52,2,228.935961
-52,2,228.941962
-52,2,228.946963
-52,2,228.952965
-52,2,228.957966
-52,2,228.962967
-52,2,228.968968
-52,2,228.973969
-52,2,228.978971
-52,2,228.983972
-52,2,228.988973
-52,2,228.993974
-52,2,229.000975
-52,2,229.005977
-52,2,229.010978
-52,2,229.015979
-52,2,229.02098
-52,2,229.025981
-52,2,229.032983
-52,2,229.037984
-52,2,229.043985
-52,2,229.048986
-52,2,229.053988
-52,2,229.058988
-52,2,229.06499
-52,2,229.069991
-52,2,229.074992
-52,2,229.079993
-52,2,229.084994
-52,2,229.089995
-52,2,229.094997
-52,2,229.102998
-52,2,229.107999
-52,2,229.115001
-52,2,229.121002
-52,2,229.128004
-52,2,229.133005
-52,2,229.138006
-52,2,229.143008
-52,2,229.148008
-52,2,229.15501
-52,2,229.160011
-52,2,229.165012
-52,2,229.171013
-52,2,229.176015
-52,2,229.181016
-52,2,229.186017
-52,2,229.192018
-52,2,229.19702
-52,2,229.20202
-52,2,229.207022
-52,2,229.212023
-52,2,229.217024
-52,2,229.222025
-52,2,229.227026
-52,2,229.233028
-52,2,229.238028
-52,2,229.24403
-52,2,229.249031
-52,2,229.254032
-52,2,229.259033
-52,2,229.264034
-52,2,229.269035
-52,2,229.274036
-52,2,229.279037
-52,2,229.284039
-52,2,229.29004
-52,2,229.295041
-52,2,229.303044
-52,2,229.308044
-52,2,229.313045
-52,2,229.318047
-52,2,229.323048
-52,2,229.328048
-52,2,229.33305
-52,2,229.338051
-52,2,229.343052
-52,2,229.349053
-52,2,229.354054
-52,2,229.359055
-53,3,229.366058
-52,2,229.372058
-53,3,229.37906
-52,2,229.384061
-52,2,229.390062
-52,2,229.395064
-52,2,229.400064
-52,2,229.405066
-52,2,229.410067
-52,2,229.415068
-52,2,230.226462
-52,2,230.234464
-52,2,230.242465
-52,2,230.247467
-52,2,230.253468
-52,2,230.258469
-52,2,230.26447
-52,2,230.270472
-52,2,230.277473
-52,2,230.284475
-52,2,230.292477
-52,2,230.298478
-52,2,230.303479
-52,2,230.308615
-52,2,230.313616
-52,2,230.318617
-52,2,230.323618
-52,2,230.328619
-52,2,230.33362
-52,2,230.339622
-52,2,230.344623
-52,2,230.350624
-52,2,230.355626
-52,2,230.362627
-52,2,230.367628
-52,2,230.372629
-52,2,230.37763
-52,2,230.382631
-52,2,230.387633
-52,2,230.392633
-52,2,230.398635
-52,2,230.403636
-52,2,230.408637
-52,2,230.413638
-52,2,230.418639
-52,2,230.423641
-52,2,230.428642
-52,2,230.434643
-52,2,230.441644
-52,2,230.446645
-52,2,230.451647
-52,2,230.457648
-52,2,230.462649
-52,2,230.46865
-52,2,230.473652
-52,2,230.480653
-52,2,230.485654
-52,2,230.491656
-52,2,230.496657
-52,2,230.501658
-52,2,230.507659
-52,2,230.512661
-52,2,230.517662
-52,2,230.522662
-52,2,230.527663
-52,2,230.532665
-52,2,230.537666
-52,2,230.543668
-52,2,230.549669
-52,2,230.55667
-52,2,230.561671
-52,2,230.566673
-52,2,230.571674
-52,2,230.578675
-52,2,230.583676
-52,2,230.588677
-52,2,230.593679
-52,2,230.598679
-52,2,230.603681
-52,2,230.608682
-52,2,230.613683
-52,2,230.619684
-52,2,230.624685
-52,2,230.629686
-52,2,230.634687
-52,2,230.639688
-52,2,230.64469
-52,2,230.649691
-52,2,230.655692
-52,2,230.660693
-52,2,230.665694
-52,2,230.670695
-52,2,230.675697
-52,2,230.680698
-52,2,230.685699
-52,2,230.6907
-52,2,230.696701
-52,2,230.701702
-52,2,230.706703
-52,2,230.711705
-52,2,230.719707
-52,2,230.724707
-52,2,230.729709
-52,2,230.73471
-52,2,230.740711
-52,2,230.745713
-52,2,230.750713
-52,2,230.755715
-52,2,230.760715
-52,2,230.765717
-52,2,230.770718
-52,2,230.775719
-52,2,230.781721
-52,2,230.788722
-52,2,230.793723
-52,2,230.798724
-52,2,230.803725
-52,2,230.808726
-52,2,230.813728
-52,2,230.819729
-52,2,230.82473
-52,2,230.829731
-52,2,230.834732
-52,2,230.839733
-52,2,230.844734
-52,2,230.849735
-52,2,230.854737
-52,2,230.859738
-52,2,230.865739
-52,2,230.87074
-52,2,230.875741
-52,2,230.881742
-52,2,230.886744
-52,2,230.891745
-54,4,230.903748
-52,2,230.908749
-52,2,230.91675
-52,2,230.921751
-52,2,230.926753
-52,2,230.931754
-52,2,230.936755
-52,2,230.942756
-52,2,230.947757
-52,2,230.952758
-52,2,230.95776
-52,2,230.965762
-52,2,230.970763
-52,2,230.975764
-52,2,230.980765
-52,2,230.985766
-52,2,230.990767
-52,2,230.995768
-52,2,231.001769
-52,2,231.006771
-52,2,231.011771
-52,2,231.017773
-52,2,231.022774
-52,2,231.027775
-52,2,231.033777
-52,2,231.038778
-52,2,231.043779
-52,2,231.049781
-52,2,231.054781
-52,2,231.059783
-52,2,231.064783
-52,2,231.069784
-52,2,231.074786
-52,2,231.079787
-52,2,231.084788
-52,2,231.089789
-52,2,231.09479
-52,2,231.099791
-52,2,231.104793
-52,2,231.109794
-52,2,231.116795
-52,2,231.121796
-52,2,231.126797
-52,2,231.134799
-52,2,231.1398
-52,2,231.144801
-52,2,231.149802
-52,2,231.157804
-52,2,231.162805
-52,2,231.169807
-52,2,231.174808
-52,2,231.179809
-52,2,231.18481
-52,2,231.190811
-52,2,231.196813
-52,2,231.201814
-52,2,231.207815
-52,2,231.212816
-52,2,231.217818
-52,2,231.223819
-52,2,231.22882
-52,2,231.235822
-52,2,231.240823
-52,2,231.245824
-52,2,231.250825
-52,2,231.255826
-52,2,231.261827
-52,2,231.266828
-52,2,231.27183
-52,2,231.276831
-52,2,231.281832
-52,2,231.286833
-52,2,231.293835
-52,2,231.298836
-52,2,231.304837
-52,2,231.309838
-52,2,231.314839
-52,2,231.320841
-52,2,231.325842
-52,2,231.330843
-52,2,231.335844
-52,2,231.340845
-52,2,231.346846
-52,2,231.351847
-52,2,231.356848
-52,2,231.36185
-52,2,231.366851
-52,2,231.372852
-52,2,231.377853
-52,2,231.382854
-52,2,231.387856
-52,2,231.392857
-52,2,231.397858
-52,2,231.403859
-52,2,231.40886
-54,4,231.418863
-52,2,231.423864
-52,2,231.430865
-52,2,231.435866
-52,2,231.441868
-52,2,231.446869
-52,2,231.45387
-52,2,231.458871
-52,2,231.465873
-52,2,231.471874
-52,2,231.477876
-52,2,231.482877
-52,2,231.488878
-52,2,231.493879
-52,2,231.49888
-52,2,231.503881
-52,2,231.508883
-52,2,231.513884
-52,2,231.518885
-52,2,231.523886
-52,2,231.528887
-52,2,231.533888
-52,2,231.538889
-52,2,231.54689
-52,2,231.551892
-52,2,231.556893
-52,2,231.561894
-52,2,231.566896
-52,2,231.571897
-52,2,231.577898
-52,2,231.582899
-52,2,231.5879
-52,2,231.592901
-52,2,231.597902
-52,2,231.603904
-52,2,231.608905
-52,2,231.614907
-52,2,231.620908
-52,2,231.625909
-52,2,231.63291
-52,2,231.637911
-52,2,231.644913
-52,2,231.649914
-52,2,231.654915
-52,2,231.659916
-52,2,231.664917
-52,2,231.670919
-52,2,231.67592
-52,2,231.680921
-52,2,231.686922
-52,2,231.691923
-52,2,231.696924
-52,2,231.702926
-52,2,231.707927
-52,2,231.712928
-52,2,231.717929
-52,2,231.723931
-52,2,231.728932
-52,2,231.733933
-52,2,231.739934
-52,2,231.744935
-52,2,231.749936
-52,2,231.754938
-52,2,231.759938
-52,2,231.76494
-52,2,231.772941
-52,2,231.777943
-52,2,231.782943
-52,2,231.787945
-52,2,231.792946
-52,2,231.797947
-52,2,231.802948
-52,2,231.807949
-52,2,231.813951
-52,2,231.817951
-52,2,231.824953
-52,2,231.830955
-52,2,231.836956
-52,2,231.841957
-54,4,231.850959
-52,2,231.85596
-52,2,231.860961
-52,2,231.867962
-52,2,231.872964
-52,2,231.877965
-52,2,231.883966
-52,2,231.889967
-52,2,231.894969
-52,2,231.89997
-52,2,231.904971
-52,2,231.909972
-52,2,231.916973
-52,2,231.923975
-52,2,231.928976
-52,2,231.933978
-52,2,231.940979
-52,2,231.94598
-52,2,231.950981
-52,2,231.955983
-52,2,231.960983
-52,2,231.965985
-52,2,231.971986
-52,2,231.976987
-52,2,231.981988
-52,2,231.986989
-52,2,231.99199
-52,2,231.996991
-52,2,232.002993
-52,2,232.007994
-52,2,232.012995
-52,2,232.017996
-52,2,232.022997
-52,2,232.027998
-52,2,232.035
-52,2,232.041001
-52,2,232.046003
-52,2,232.052004
-52,2,232.059005
-52,2,232.064007
-52,2,232.069007
-52,2,232.074009
-52,2,232.080009
-52,2,232.085011
-52,2,232.090012
-52,2,232.095013
-52,2,232.100014
-52,2,232.105016
-52,2,232.110017
-52,2,232.115018
-52,2,232.12302
-52,2,232.128021
-52,2,232.133022
-52,2,232.138023
-52,2,232.143024
-52,2,232.148025
-52,2,232.153026
-52,2,232.160028
-52,2,232.166029
-52,2,232.17103
-52,2,232.176032
-52,2,232.181032
-52,2,232.187034
-52,2,232.193035
-52,2,232.198036
-52,2,232.203037
-52,2,232.208039
-52,2,232.213039
-52,2,232.218041
-52,2,232.223042
-52,2,232.228043
-52,2,232.233044
-52,2,232.238046
-52,2,232.244047
-52,2,232.249048
-52,2,232.255049
-52,2,232.26105
-52,2,232.267052
-52,2,232.272053
-52,2,232.278054
-52,2,232.284056
-52,2,232.289057
-52,2,232.294058
-52,2,232.299059
-52,2,232.30606
-52,2,232.311061
-52,2,232.316063
-52,2,232.322064
-52,2,232.327065
-52,2,232.332066
-52,2,232.338067
-52,2,232.344069
-52,2,232.34907
-52,2,232.354071
-52,2,232.359072
-52,2,232.365074
-52,2,232.370075
-52,2,232.375076
-52,2,232.380077
-52,2,232.385078
-52,2,232.390079
-52,2,232.396081
-52,2,232.401081
-52,2,232.406083
-52,2,232.411084
-52,2,232.416085
-52,2,232.421086
-52,2,232.426087
-52,2,232.432088
-52,2,232.43709
-52,2,232.442091
-52,2,232.447092
-52,2,232.452093
-52,2,232.459094
-52,2,232.465096
-52,2,232.471098
-52,2,232.476098
-52,2,232.481099
-52,2,232.486101
-52,2,232.491102
-52,2,232.496103
-52,2,232.501104
-52,2,232.506105
-52,2,232.511106
-52,2,232.516107
-52,2,232.521108
-52,2,232.52611
-52,2,232.531111
-52,2,232.536112
-52,2,232.542113
-52,2,232.550115
-52,2,232.555116
-52,2,232.562117
-52,2,232.569119
-52,2,232.57412
-52,2,232.580122
-52,2,232.585123
-52,2,232.590124
-52,2,232.595125
-52,2,232.600126
-52,2,232.605128
-52,2,232.610128
-52,2,232.61813
-52,2,232.624131
-52,2,232.629132
-52,2,232.634134
-52,2,232.639135
-52,2,232.644136
-52,2,232.649137
-52,2,232.654138
-52,2,232.659139
-52,2,232.66414
-52,2,232.669142
-52,2,232.675143
-52,2,232.679143
-52,2,232.685145
-52,2,232.690146
-52,2,232.695147
-52,2,232.700148
-52,2,232.70715
-52,2,232.714152
-52,2,232.719152
-52,2,232.724154
-52,2,232.729155
-52,2,232.734156
-52,2,232.739157
-52,2,232.745158
-52,2,232.75016
-52,2,232.757161
-52,2,232.762162
-52,2,232.767163
-52,2,232.772164
-52,2,232.777165
-52,2,232.783167
-52,2,232.789168
-52,2,232.794169
-53,3,232.802171
-52,2,232.807172
-52,2,232.812173
-52,2,232.817175
-52,2,232.823176
-52,2,232.828177
-52,2,232.833178
-52,2,232.838179
-54,4,232.848181
-52,2,232.853182
-52,2,232.859184
-52,2,232.864185
-52,2,232.870186
-52,2,232.875187
-52,2,232.880188
-52,2,232.88719
-52,2,232.892191
-52,2,232.898192
-52,2,232.903194
-52,2,232.909195
-52,2,232.914196
-52,2,232.919197
-52,2,232.925199
-52,2,232.9302
-52,2,232.938202
-52,2,232.944203
-52,2,232.949203
-52,2,232.954205
-52,2,232.959206
-52,2,232.964207
-52,2,232.969208
-52,2,232.97421
-52,2,232.979211
-52,2,232.984212
-52,2,232.989213
-52,2,232.994214
-52,2,233.000215
-52,2,233.005217
-52,2,233.012218
-52,2,233.018219
-52,2,233.02322
-52,2,233.028221
-52,2,233.033223
-53,3,233.040224
-52,2,233.045225
-52,2,233.051226
-52,2,233.056227
-52,2,233.061229
-52,2,233.06723
-52,2,233.072231
-52,2,233.077232
-52,2,233.082233
-52,2,233.088235
-52,2,233.093236
-52,2,233.098237
-52,2,233.103238
-52,2,233.108239
-52,2,233.11324
-52,2,233.118241
-52,2,233.123243
-52,2,233.128244
-52,2,233.133245
-52,2,233.140246
-52,2,233.148248
-52,2,233.153249
-52,2,233.158251
-52,2,233.165252
-52,2,233.170253
-52,2,233.175254
-52,2,233.180255
-52,2,233.185256
-52,2,233.190258
-52,2,233.196259
-52,2,233.20126
-52,2,233.206262
-52,2,233.211262
-52,2,233.217263
-52,2,233.222265
-52,2,233.227266
-52,2,233.232267
-52,2,233.237268
-52,2,233.242269
-52,2,233.248271
-52,2,233.253272
-52,2,233.258273
-52,2,233.263274
-52,2,233.269275
-52,2,233.275276
-52,2,233.280277
-52,2,233.285279
-52,2,233.29228
-52,2,233.297281
-56,6,233.311285
-52,2,233.316286
-52,2,233.321287
38,12,233.349293
-52,2,233.355294
-52,2,233.360296
-52,2,233.365297
-52,2,233.370298
-52,2,233.377299
-52,2,233.383301
-52,2,233.388302
-52,2,233.394304
-52,2,233.399304
-52,2,233.406306
-52,2,233.411307
-53,3,233.419309
-52,2,233.42431
-52,2,233.429311
-52,2,233.435312
-52,2,233.440313
-52,2,233.445314
-52,2,233.450315
-52,2,233.456317
-52,2,233.461318
-52,2,233.466319
-52,2,233.47132
-52,2,233.476321
-52,2,233.481323
-52,2,233.486324
-52,2,233.492325
-52,2,233.497326
-52,2,233.502327
-52,2,233.507328
-52,2,233.512329
-52,2,233.518331
-52,2,233.525332
-52,2,233.530334
-52,2,233.536335
-52,2,233.541336
-52,2,233.546338
-52,2,233.552338
-52,2,233.55834
-52,2,233.563341
-52,2,233.568342
-52,2,233.573343
-53,3,233.581345
-52,2,233.587346
-52,2,233.592347
-52,2,233.597348
-52,2,233.602349
-52,2,233.608351
-52,2,233.613352
-52,2,233.618353
-52,2,233.623354
-52,2,233.628355
-52,2,233.635357
-52,2,233.640358
-52,2,233.645359
-52,2,233.65036
-52,2,233.656362
-52,2,233.661363
-52,2,233.666364
-52,2,233.671365
-52,2,233.676366
-52,2,233.682367
-52,2,233.687369
-52,2,233.692369
-52,2,233.698371
-52,2,233.703372
-52,2,233.708373
-52,2,233.714375
-52,2,233.719375
-52,2,233.726377
-52,2,233.731378
-52,2,233.736379
-52,2,233.742381
-52,2,233.747382
-52,2,233.752383
-52,2,233.758384
-52,2,233.764386
-52,2,233.769387
-52,2,233.774388
-52,2,233.780389
-52,2,233.785391
-52,2,233.790392
-52,2,233.795393
-52,2,233.800394
-52,2,233.806395
-52,2,233.811396
-52,2,233.816397
-52,2,233.822398
-52,2,233.8274
-52,2,233.832401
-52,2,233.837402
-52,2,233.842403
-52,2,233.847404
-52,2,233.852405
-52,2,233.857407
-52,2,233.863408
-52,2,233.868409
-52,2,233.87341
-52,2,233.880412
-52,2,233.887413
-52,2,233.892414
-52,2,233.897415
-52,2,233.902416
-52,2,233.907418
-52,2,233.913419
-52,2,233.91842
-52,2,233.923421
-52,2,233.929422
-52,2,233.934424
-52,2,233.939425
-52,2,233.944426
-52,2,233.950427
-52,2,233.955428
-52,2,233.96043
-52,2,233.966431
-52,2,233.972432
-52,2,233.977433
-52,2,233.982434
-52,2,233.987436
-52,2,233.992437
-52,2,233.997438
-52,2,234.002439
-52,2,234.00744
-52,2,234.015442
-52,2,234.020442
-52,2,234.025444
-52,2,234.030445
-52,2,234.036447
-52,2,234.041448
-52,2,234.046449
-52,2,234.05145
-52,2,234.057451
-52,2,234.062452
-52,2,234.067453
-52,2,234.072454
-52,2,234.079456
-52,2,234.085458
-52,2,234.090458
-52,2,234.09646
-52,2,234.101461
-52,2,234.106462
-52,2,234.111463
-52,2,234.118464
-52,2,234.124466
-52,2,234.129467
-52,2,234.134468
-52,2,234.139469
-52,2,234.14447
-52,2,234.150472
-52,2,234.155473
-52,2,234.162474
-52,2,234.168476
-52,2,234.173477
-52,2,234.180479
-52,2,234.185479
-52,2,234.190481
-52,2,234.195482
-52,2,234.201483
-52,2,234.207484
-52,2,234.212486
-52,2,234.217487
-52,2,234.222488
-52,2,234.228489
-52,2,234.234491
-52,2,234.240492
-52,2,234.245493
-52,2,234.250494
-52,2,234.257496
-52,2,234.262497
-52,2,234.267498
-52,2,234.273499
-52,2,234.2785
-52,2,234.283502
-52,2,234.288502
-52,2,234.293504
-52,2,234.298505
-52,2,234.305506
-52,2,234.310507
-53,3,234.317509
-52,2,234.32251
-52,2,234.327512
-52,2,234.332512
-52,2,234.338513
-52,2,234.345515
-52,2,234.350517
-52,2,234.355518
-52,2,234.360519
-52,2,234.36652
-52,2,234.371521
-52,2,234.376522
-52,2,234.382524
-52,2,234.387525
-52,2,234.392526
-52,2,234.397527
-52,2,234.403528
-52,2,234.40753
-52,2,234.41353
-52,2,234.418531
-52,2,234.423533
-52,2,234.429534
-52,2,234.434535
-52,2,234.441537
-52,2,234.446538
-52,2,234.451539
-52,2,234.45654
-52,2,234.461541
-52,2,234.467543
-52,2,234.472543
-52,2,234.478545
-52,2,234.483546
-52,2,234.489547
-52,2,234.494549
-52,2,234.49955
-52,2,234.505551
-52,2,234.510552
-52,2,234.516554
-52,2,234.522555
-52,2,234.527556
-52,2,234.532557
-52,2,234.537561
-52,2,234.545563
-52,2,234.550565
-52,2,234.555565
-52,2,234.560567
-52,2,234.566568
-53,3,234.573569
-52,2,234.57857
-52,2,234.583572
-52,2,234.588573
-52,2,234.593574
-52,2,234.598575
-52,2,234.604577
-52,2,234.610578
-52,2,234.615579
-52,2,234.62058
-52,2,234.625581
-52,2,234.630582
-52,2,234.636584
-52,2,234.641585
-52,2,234.647586
-52,2,234.652587
-52,2,234.657588
-52,2,234.66259
-52,2,234.66759
-52,2,234.673592
-52,2,234.678594
-52,2,234.683594
-52,2,234.688595
-52,2,234.694597
-52,2,234.699598
-52,2,234.704599
-52,2,234.7096
-52,2,234.714601
-52,2,234.719602
-52,2,234.724603
-52,2,234.730604
-52,2,234.735605
-52,2,234.740607
-52,2,234.745608
-52,2,234.750609
-52,2,234.756611
-52,2,234.761611
-52,2,234.767613
-52,2,234.772614
-52,2,234.778615
-52,2,234.783616
-52,2,234.788617
-52,2,234.793618
-52,2,234.79862
-52,2,234.803621
-52,2,234.808622
-52,2,234.813623
-52,2,234.819624
-52,2,234.824626
-52,2,234.829626
-52,2,234.834628
-52,2,234.84163
-52,2,234.846631
-52,2,234.851631
-52,2,234.856633
-52,2,234.861634
-52,2,234.866635
-52,2,234.871636
-52,2,234.878637
-52,2,234.883639
-52,2,234.888639
-52,2,234.894641
-52,2,234.900642
-52,2,234.905643
-52,2,234.910645
-52,2,234.917646
-52,2,234.922647
-52,2,234.927648
-52,2,234.93265
-52,2,234.938651
-52,2,234.944653
-52,2,234.950654
-52,2,234.955655
-52,2,234.960656
-52,2,234.966658
-52,2,234.971658
-52,2,234.97666
-52,2,234.984662
-52,2,234.989662
-52,2,234.994664
-52,2,234.999665
-52,2,235.004666
-52,2,235.011667
-52,2,235.017669
-52,2,235.025671
-52,2,235.030672
-52,2,235.035672
-52,2,235.042674
-52,2,235.047675
-52,2,235.052676
-52,2,235.060678
-52,2,235.06668
-52,2,235.072681
-52,2,235.077682
-52,2,235.082683
-52,2,235.087684
-52,2,235.092685
-52,2,235.099687
-52,2,235.105688
-52,2,235.11069
-52,2,235.11569
-52,2,235.120692
-52,2,235.125693
-52,2,235.130694
-52,2,235.137695
-52,2,235.144697
-52,2,235.150698
-52,2,235.155699
-52,2,235.160701
-52,2,235.166702
-52,2,235.173703
-52,2,235.179705
-52,2,235.185706
-52,2,235.191707
-52,2,235.196709
-52,2,235.201709
-52,2,235.207711
-52,2,235.212712
-52,2,235.217713
-52,2,235.222715
-52,2,235.227715
-52,2,235.232716
-52,2,235.237718
-52,2,235.242718
-52,2,235.24772
-52,2,235.252721
-52,2,235.257722
-52,2,235.262723
-52,2,235.268724
-52,2,235.274726
-52,2,235.280727
-52,2,235.285728
-52,2,235.29073
-52,2,235.29573
-52,2,235.301732
-52,2,235.306733
-52,2,235.311734
-52,2,235.316736
-52,2,235.321736
-52,2,235.326738
-52,2,235.331738
-52,2,235.33774
-52,2,235.342741
-52,2,235.347742
-52,2,235.352744
-52,2,235.358745
-52,2,235.363746
-52,2,235.368747
-52,2,235.373748
-52,2,235.378749
-52,2,235.384751
-52,2,235.391752
-52,2,235.396753
-52,2,235.402754
-52,2,235.408756
-52,2,235.413757
-52,2,235.418758
-52,2,235.42576
-52,2,235.430761
-52,2,235.435762
-54,4,235.445764
-52,2,235.451766
-52,2,235.457767
-52,2,235.462768
-52,2,235.467769
-52,2,235.474771
-52,2,235.479772
-52,2,235.484773
-52,2,235.490774
-52,2,235.496776
-52,2,235.501777
-52,2,235.506778
-52,2,235.511779
-52,2,235.51778
-52,2,235.522781
-52,2,235.527782
-52,2,235.532784
-52,2,235.539785
-52,2,235.544787
-52,2,235.550787
-52,2,235.555789
-52,2,235.56079
-52,2,235.565791
-52,2,235.570792
-52,2,235.575793
-52,2,235.580794
-52,2,235.588796
-52,2,235.596798
-52,2,235.601799
-52,2,235.606801
-52,2,235.611801
-52,2,235.616803
-52,2,235.623804
-52,2,235.628805
-52,2,235.633806
-52,2,235.638807
-52,2,235.644809
-52,2,235.649809
-52,2,235.654811
-52,2,235.659812
-52,2,235.664813
-52,2,235.669814
-52,2,235.674816
-52,2,235.680816
-52,2,235.685818
-52,2,235.690819
-52,2,235.69882
-52,2,235.704822
-52,2,235.709823
-52,2,235.715824
-52,2,235.722826
-52,2,235.727827
-52,2,235.732828
-52,2,235.73983
-52,2,235.744831
-52,2,236.551011
-52,2,236.557012
-52,2,236.562013
-52,2,236.567014
-52,2,236.573015
-52,2,236.578016
-52,2,236.583018
-52,2,236.588019
-52,2,236.59302
-52,2,236.598022
-52,2,236.603022
-52,2,236.609024
-52,2,236.614025
-52,2,236.619026
-52,2,236.624027
-52,2,236.629028
-52,2,236.635029
-52,2,236.640031
-52,2,236.645032
-52,2,236.652033
-52,2,236.658035
-52,2,236.663036
-52,2,236.668037
-52,2,236.673038
-52,2,236.678039
-52,2,236.68304
-52,2,236.688041
-52,2,236.695043
-52,2,236.700044
-52,2,236.705045
-52,2,236.711046
-52,2,236.716048
-52,2,236.723049
-52,2,236.72805
-52,2,236.733051
-52,2,236.741054
-52,2,236.746054
-52,2,236.751055
-52,2,236.758057
-52,2,236.763058
-52,2,236.768059
-52,2,236.773061
-52,2,236.780062
-54,4,236.790064
-52,2,236.795065
-52,2,236.800066
-52,2,236.805068
-52,2,236.810068
-52,2,236.81507
-52,2,236.820071
-52,2,236.825072
-52,2,236.832073
-52,2,236.840075
-52,2,236.845077
-52,2,236.850077
-52,2,236.855079
-52,2,236.86008
-52,2,236.865081
-52,2,236.870082
-52,2,236.876083
-52,2,236.881084
-52,2,236.886085
-52,2,236.892087
-52,2,236.897088
-52,2,236.902089
-52,2,236.90709
-52,2,236.912091
-52,2,236.917092
-52,2,236.922093
-52,2,236.930095
-52,2,236.935097
-52,2,236.941097
-53,3,236.948099
-52,2,236.9531
-52,2,236.959101
-52,2,236.964103
-52,2,236.969104
-52,2,236.974105
-52,2,236.979106
-52,2,236.984107
-52,2,236.990109
-52,2,236.99511
-52,2,237.000111
-52,2,237.007113
-52,2,237.013114
-52,2,237.018115
-52,2,237.023116
-52,2,237.028117
-52,2,237.033118
-52,2,237.038119
-53,3,237.045121
-52,2,237.052122
-52,2,237.058124
-52,2,237.063125
-52,2,237.068126
-52,2,237.073127
-52,2,237.078128
-52,2,237.083129
-52,2,237.08813
-52,2,237.093131
-53,3,237.100133
-52,2,237.105135
-52,2,237.111135
-55,5,237.122138
-52,2,237.127142
-52,2,237.135144
-52,2,237.140145
-57,7,237.15715
-52,2,237.16215
-52,2,237.170152
-52,2,237.175153
-52,2,237.180154
-52,2,237.188157
-52,2,237.195158
-52,2,237.200159
-52,2,237.20516
-52,2,237.210161
-52,2,237.215162
-52,2,237.221164
-52,2,237.227165
-52,2,237.232166
-52,2,237.237167
-52,2,237.242168
-52,2,237.247169
-52,2,237.25317
-52,2,237.258172
-52,2,237.263173
-52,2,237.268174
-52,2,237.273175
-52,2,237.278176
-52,2,237.284178
-52,2,237.289178
-52,2,237.294179
-52,2,237.299181
-52,2,237.304182
-52,2,237.309183
-52,2,237.314184
-52,2,237.319185
-52,2,237.324186
-52,2,237.329187
-52,2,237.334188
-52,2,237.33919
-52,2,237.344191
-52,2,237.349192
-52,2,237.355193
-52,2,237.360194
-52,2,237.365195
-52,2,237.372197
-52,2,237.377198
-52,2,237.384199
-52,2,237.390201
-52,2,237.395202
-52,2,237.400203
-52,2,237.406204
-52,2,237.411206
-52,2,237.417207
-52,2,237.423208
-52,2,237.42921
-52,2,237.434211
-52,2,237.439212
-52,2,237.445213
-52,2,237.450214
-52,2,237.455216
-52,2,237.460217
-52,2,237.467218
-52,2,237.472219
-52,2,237.477221
-52,2,237.482221
-52,2,237.487223
-52,2,237.492224
-52,2,237.499225
-52,2,237.504226
-52,2,237.510228
-52,2,237.514228
-52,2,237.52023
-52,2,237.525231
-52,2,237.530232
-52,2,237.535233
-52,2,237.540235
-52,2,237.545236
-52,2,237.551237
-52,2,237.556238
-53,3,237.563239
-52,2,237.568241
-52,2,237.575243
-52,2,237.580243
-52,2,237.585245
-52,2,237.591246
-52,2,237.596247
-52,2,237.601248
-52,2,237.606249
-52,2,237.61125
-52,2,237.616251
-52,2,237.621253
-52,2,237.626254
-52,2,237.631255
-52,2,237.636256
-52,2,237.641257
-52,2,237.646258
-52,2,237.65226
-52,2,237.657261
-52,2,237.662261
-52,2,237.667263
-52,2,237.672264
-52,2,237.677265
-52,2,237.683266
-52,2,237.688267
-52,2,237.696269
-52,2,237.70127
-53,3,237.710272
-52,2,237.715274
-52,2,237.720274
-52,2,237.725276
-52,2,237.730277
-52,2,237.735278
-52,2,237.740279
-52,2,237.74528
-52,2,237.751281
-52,2,237.758283
-52,2,237.763284
-52,2,237.768285
-52,2,237.774287
-52,2,237.779288
-52,2,237.784289
-52,2,237.78929
-52,2,237.794291
-52,2,237.799292
-52,2,237.804293
-52,2,237.811295
-52,2,237.816296
-52,2,237.821297
-52,2,237.826298
-52,2,237.831299
-52,2,237.837301
-52,2,237.842302
-52,2,237.847303
-52,2,237.853304
-52,2,237.858305
-52,2,237.865308
-52,2,237.870308
-52,2,237.875309
-52,2,237.880311
-52,2,237.885312
-52,2,237.890312
-52,2,237.895314
-52,2,237.900315
-52,2,237.905316
-52,2,237.911317
-52,2,237.918319
-52,2,237.92332
-54,4,237.933322
-52,2,237.939323
-52,2,237.946325
-52,2,237.952327
-52,2,237.958328
-52,2,237.963329
-52,2,237.96833
-52,2,237.974331
-54,4,237.986334
-52,2,237.991335
-52,2,237.999337
-52,2,238.004338
-52,2,238.009339
-52,2,238.01434
-52,2,238.019341
-52,2,238.024342
-52,2,238.029344
-52,2,238.034344
-52,2,238.039346
-52,2,238.047348
-52,2,238.052349
-53,3,238.05935
-52,2,238.064351
-52,2,238.069352
-52,2,238.074353
-52,2,238.082355
-52,2,238.087357
-52,2,238.092358
-52,2,238.098359
-52,2,238.10336
-54,4,238.113362
-52,2,238.118363
-52,2,238.123364
-52,2,238.128365
-52,2,238.133367
-52,2,238.138368
-52,2,238.143369
-52,2,238.148371
-52,2,238.154372
-52,2,238.160373
-52,2,238.165374
-52,2,238.170375
-52,2,238.175376
-52,2,238.180378
-52,2,238.185378
-52,2,238.190379
-52,2,238.195381
-52,2,238.200382
-52,2,238.205383
-52,2,238.211384
-52,2,238.217386
-52,2,238.222387
-52,2,238.227388
-52,2,238.232389
-52,2,238.23739
-52,2,238.245392
-52,2,238.250393
-52,2,238.256394
-52,2,238.262395
-52,2,238.267397
-52,2,238.272398
-52,2,238.278399
-52,2,238.2834
-52,2,238.289402
-52,2,238.294403
-52,2,238.301404
-52,2,238.306406
-52,2,238.311406
-52,2,238.316408
-52,2,238.322409
-52,2,238.32741
-52,2,238.332411
-52,2,238.338413
-52,2,238.345414
-52,2,238.350415
-52,2,238.355416
-52,2,238.360417
-52,2,238.365419
-52,2,238.37242
-52,2,238.377421
-52,2,238.382422
-52,2,238.387424
-52,2,238.392425
-52,2,238.397426
-52,2,238.402426
-52,2,238.407428
-52,2,238.412429
-52,2,238.41743
-52,2,238.422431
-52,2,238.427433
-52,2,238.433434
-52,2,238.438435
-52,2,238.443436
-52,2,238.450438
-52,2,238.455439
-52,2,238.46044
-52,2,238.465441
-52,2,238.470442
-52,2,238.477444
-52,2,238.482444
-52,2,238.487446
-52,2,238.492447
-52,2,238.497448
-52,2,238.502563
-52,2,238.508564
-52,2,238.514565
-52,2,238.519567
-52,2,238.525568
-52,2,238.530569
-52,2,238.53557
-52,2,238.541572
-52,2,238.548573
-52,2,238.554575
-52,2,238.559576
-52,2,238.564577
-52,2,238.569577
-52,2,238.574579
-52,2,238.57958
-52,2,238.585582
-52,2,238.591583
-52,2,238.597584
-52,2,238.602585
-52,2,238.607586
-52,2,238.612588
-52,2,238.617589
-52,2,238.62359
-52,2,238.628592
-52,2,238.633592
-52,2,238.638593
-52,2,238.643594
-52,2,238.648596
-52,2,238.654597
-52,2,238.658597
-52,2,238.664599
-52,2,238.6706
-52,2,238.676602
-52,2,238.681603
-52,2,238.687604
-52,2,238.692605
-52,2,238.697607
-52,2,238.703607
-52,2,238.708609
-52,2,238.71361
-52,2,238.718611
-52,2,238.724613
-52,2,238.729613
-52,2,238.736615
-52,2,238.741616
-52,2,238.746617
-52,2,238.751618
-52,2,238.75662
-52,2,238.762621
-52,2,238.768622
-52,2,238.775624
-52,2,238.780625
-52,2,238.785626
-52,2,238.793628
-52,2,238.799629
-52,2,238.80463
-52,2,238.810631
-52,2,238.815633
-52,2,238.820634
-52,2,238.826635
-52,2,238.831636
-52,2,238.838638
-52,2,238.843639
-52,2,238.84864
-52,2,238.853641
-52,2,238.858642
-52,2,238.865644
-52,2,238.871645
-52,2,238.876646
-52,2,238.882647
-52,2,238.887649
-52,2,238.89365
-52,2,238.898651
-52,2,238.903652
-52,2,238.908653
-52,2,238.913654
-52,2,238.918656
-52,2,238.924657
-52,2,238.929658
-52,2,238.93566
-52,2,238.941661
-52,2,238.946662
-52,2,238.951663
-52,2,238.957664
-52,2,238.962665
-52,2,238.967667
-52,2,238.973668
-52,2,238.978669
-52,2,238.98367
-52,2,238.988671
-52,2,238.993672
-52,2,238.998673
-52,2,239.006675
-52,2,239.011676
-54,4,239.020679
-52,2,239.02568
-52,2,239.030681
-52,2,239.036682
-52,2,239.042683
-52,2,239.047685
-52,2,239.053686
-52,2,239.059687
-52,2,239.066689
-52,2,239.07169
-52,2,239.076692
-52,2,239.081692
-52,2,239.086693
-52,2,239.091694
-52,2,239.096695
-52,2,239.101696
-52,2,239.107698
-52,2,239.112699
-52,2,239.1177
-52,2,239.122701
-52,2,239.127703
-52,2,239.132703
-52,2,239.139705
-52,2,239.144706
-52,2,239.149707
-52,2,239.154709
-52,2,239.160709
-52,2,239.166711
-52,2,239.171712
-52,2,239.176713
-52,2,239.182714
-52,2,239.187716
-52,2,239.195718
-52,2,239.200718
-52,2,239.20672
-54,4,239.216722
-52,2,239.222723
-52,2,239.227725
-52,2,239.232726
-52,2,239.238727
-52,2,239.243728
-52,2,239.248729
-52,2,239.25373
-52,2,239.260732
-52,2,239.265733
-52,2,239.270734
-52,2,239.275735
-52,2,239.280736
-52,2,239.285738
-52,2,239.290739
-52,2,239.29574
-52,2,239.300741
-52,2,239.306742
-52,2,239.311743
-52,2,239.316744
-52,2,239.321745
-52,2,239.326746
-52,2,239.333748
-52,2,239.338749
-52,2,239.344751
-52,2,239.349752
-52,2,239.354753
-52,2,239.359754
-52,2,239.364755
-52,2,239.369756
-52,2,239.375758
-52,2,239.380759
-52,2,239.38576
-52,2,239.390761
-52,2,239.395762
-52,2,239.403764
-52,2,239.408765
-52,2,239.414766
-52,2,239.419767
-52,2,239.426769
-52,2,239.43177
-52,2,239.438771
-52,2,239.443773
-52,2,239.450774
-52,2,239.455776
-52,2,239.460777
-52,2,239.465778
-52,2,239.470779
-52,2,239.47678
-52,2,239.481781
-52,2,239.486782
-52,2,239.491783
-52,2,239.496784
-52,2,239.502786
-52,2,239.507787
-52,2,239.512788
-52,2,239.517789
-52,2,239.52279
-52,2,239.527792
-52,2,239.533792
-52,2,239.538794
-52,2,239.544908
-52,2,239.549909
-52,2,239.557911
-52,2,239.562912
-52,2,239.567914
-53,3,239.574915
-52,2,239.581916
-52,2,239.586918
-52,2,239.593919
-52,2,239.59892
-52,2,239.604922
-52,2,239.609923
-52,2,239.614924
-52,2,239.619925
-52,2,239.624926
-52,2,239.629927
-52,2,239.634928
-52,2,239.63993
-52,2,239.646931
-52,2,239.651932
-52,2,239.656933
-52,2,239.662934
-52,2,239.668936
-52,2,239.673937
-52,2,239.680938
-52,2,239.68594
-52,2,239.690941
-52,2,239.695942
-52,2,239.700943
-52,2,239.707945
-52,2,239.712946
-52,2,239.717947
-52,2,239.722948
-52,2,239.727949
-52,2,239.734951
-52,2,239.739951
-52,2,239.745953
-52,2,239.750955
-52,2,239.755955
-52,2,239.760956
-52,2,239.765957
-52,2,239.773959
-52,2,239.77896
-52,2,239.783961
-52,2,239.789963
-52,2,239.794964
-52,2,239.799965
-52,2,239.804966
-52,2,239.809968
-52,2,239.816969
-52,2,239.82197
-52,2,239.826971
-52,2,239.831972
-52,2,239.838974
-52,2,239.844976
-52,2,239.849976
-52,2,239.854977
-52,2,239.859979
-52,2,239.86498
-52,2,239.870981
-52,2,239.875983
-52,2,239.881983
-52,2,239.886985
-52,2,239.891986
-52,2,239.896987
-52,2,239.901988
-52,2,239.906989
-52,2,239.91299
-52,2,239.917992
-52,2,239.922992
-52,2,239.927994
-52,2,239.932995
-52,2,239.938996
-52,2,239.943997
-52,2,239.948998
-52,2,239.955
-52,2,239.961001
-52,2,239.966002
-52,2,239.972004
-52,2,239.977005
-52,2,239.983006
-52,2,239.988007
-52,2,239.993008
-52,2,240.00001
-52,2,240.005011
-52,2,240.010012
-52,2,240.015013
-52,2,240.022015
-52,2,240.027016
-54,4,240.037018
-52,2,240.042019
-52,2,240.04702
-52,2,240.052022
-52,2,240.057023
-52,2,240.062023
-52,2,240.067024
-52,2,240.072026
-52,2,240.078027
-52,2,240.083028
-52,2,240.09003
-52,2,240.095031
-52,2,240.100032
-52,2,240.105033
-52,2,240.110034
-52,2,240.115035
-52,2,240.120036
-52,2,240.126038
-52,2,240.132039
-52,2,240.137041
-52,2,240.143041
-52,2,240.148043
-52,2,240.153044
-52,2,240.158045
-52,2,240.163046
-52,2,240.170047
-52,2,240.175049
-52,2,240.18105
-52,2,240.186051
-52,2,240.191052
-52,2,240.196054
-52,2,240.202055
-52,2,240.207056
-54,4,240.217058
-52,2,240.222059
-52,2,240.22706
-52,2,240.233062
-52,2,240.241063
-52,2,240.246065
-52,2,240.251066
-52,2,240.256067
-52,2,240.263068
-52,2,240.26807
-52,2,240.273071
-52,2,240.279072
-52,2,240.284073
-52,2,240.289074
-52,2,240.294075
-52,2,240.299076
-52,2,240.304078
-52,2,240.309079
-52,2,240.31408
-52,2,240.320081
-52,2,240.325082
-52,2,240.330083
-52,2,240.335084
-52,2,240.340086
-52,2,240.345087
-52,2,240.350087
-52,2,240.356089
-52,2,240.36109
-52,2,240.366091
-52,2,240.371093
-52,2,240.376094
-53,3,240.384096
-52,2,240.389096
-52,2,240.394098
-53,3,240.401099
-52,2,240.406101
-52,2,240.411102
-52,2,240.417103
-52,2,240.422104
-52,2,240.430105
-52,2,240.435107
-52,2,240.443109
-52,2,240.44811
-52,2,240.453111
-52,2,240.459112
-52,2,240.464113
-52,2,240.469114
-52,2,240.474115
-52,2,240.480117
-52,2,240.486118
-52,2,240.492119
-52,2,240.500121
-52,2,240.505122
-52,2,240.510123
-52,2,240.515125
-52,2,240.521127
-52,2,240.526127
-52,2,240.531128
-52,2,240.536129
-52,2,240.542131
-52,2,240.547132
-52,2,240.552133
-52,2,240.558134
-52,2,240.563135
-52,2,240.568137
-52,2,240.573138
-52,2,240.578139
-52,2,240.58414
-52,2,240.590141
-52,2,240.596143
-52,2,240.603144
-52,2,240.608145
-52,2,240.613147
-52,2,240.619148
-52,2,240.624149
-52,2,240.62915
-54,4,240.640152
-52,2,240.645154
-52,2,240.650155
-52,2,240.656156
-52,2,240.661157
-52,2,240.666158
-52,2,240.671159
-52,2,240.676161
-52,2,240.684162
-52,2,240.689163
-52,2,240.694164
-52,2,240.699166
-52,2,240.704167
-52,2,240.710168
-52,2,240.715169
-52,2,240.72017
-52,2,240.725172
-52,2,240.730172
-52,2,240.737174
-52,2,240.744176
-52,2,240.749177
-52,2,240.754178
-52,2,240.759179
-52,2,240.76418
-52,2,240.770181
-52,2,240.775183
-52,2,240.782184
-52,2,240.788186
-52,2,240.793186
-54,4,240.802189
-52,2,240.80719
-52,2,240.812191
-52,2,240.820193
-52,2,240.826194
-52,2,240.832195
-52,2,240.837196
-52,2,240.842198
-52,2,240.847198
-52,2,240.854201
-52,2,240.859201
-52,2,240.864202
-52,2,240.869204
-52,2,240.875205
-52,2,240.880206
-53,3,240.887208
-52,2,240.892209
-52,2,240.89721
-52,2,240.902211
-52,2,240.907212
-52,2,240.913214
-52,2,240.918215
-52,2,240.924216
-53,3,240.931217
-52,2,240.938219
-52,2,240.94422
-52,2,240.949221
-52,2,240.955223
-52,2,240.960224
-52,2,240.965225
-52,2,240.970226
-52,2,240.978228
-52,2,240.983229
-52,2,240.988231
-52,2,240.993232
-52,2,241.000233
-52,2,241.005234
-52,2,241.010235
-52,2,241.018237
-52,2,241.023238
-52,2,241.029239
-52,2,241.03424
-52,2,241.041243
-52,2,241.048244
-52,2,241.053245
-52,2,241.058246
-52,2,241.063247
-52,2,241.068248
-52,2,241.073249
-52,2,241.080251
-52,2,241.086252
-52,2,241.091253
-52,2,241.097255
-52,2,241.102255
-52,2,241.107257
-52,2,241.112258
-52,2,241.117259
-52,2,241.12226
-52,2,241.127261
-52,2,241.132262
-52,2,241.137264
-52,2,241.144265
-52,2,241.150266
-52,2,241.155267
-52,2,241.160269
-52,2,241.16827
-52,2,241.173271
-52,2,241.178272
-52,2,241.183274
-52,2,241.188275
-52,2,241.193276
-52,2,241.200278
-52,2,241.205279
-52,2,241.21028
-52,2,241.215281
-52,2,241.222282
-52,2,241.227283
-52,2,241.232285
-53,3,241.239286
-52,2,241.244287
-52,2,241.249289
-52,2,241.25629
-52,2,241.262291
-52,2,241.267292
-52,2,241.272293
-52,2,241.277295
-52,2,241.283296
-52,2,241.288297
-52,2,241.293298
-52,2,241.2993
-52,2,241.305301
-52,2,241.311302
-52,2,241.316304
-52,2,241.322304
-52,2,241.327306
-52,2,241.332307
-52,2,241.340309
-52,2,241.34731
-52,2,241.352311
-52,2,241.357313
-52,2,241.362314
-52,2,241.367315
-52,2,241.372316
-52,2,241.378317
-52,2,241.384319
-52,2,241.38932
-52,2,241.395321
-52,2,241.400322
-52,2,241.406324
-52,2,241.412325
-52,2,241.418326
-52,2,241.423327
-52,2,241.428329
-52,2,241.433329
-52,2,241.438331
-52,2,241.443332
-52,2,241.448333
-52,2,241.453334
-52,2,241.459335
-52,2,241.464336
-52,2,241.469338
-52,2,241.474338
-52,2,241.47934
-52,2,241.484341
-52,2,241.492342
-52,2,241.498344
-52,2,241.503345
-52,2,241.508347
-52,2,241.513347
-52,2,241.518349
-52,2,241.52435
-52,2,241.529351
-52,2,241.534352
-54,4,241.546355
-52,2,241.551355
-52,2,241.556357
-52,2,241.561358
-52,2,241.566359
-52,2,241.57136
-52,2,241.576362
-52,2,241.585363
-52,2,241.590364
-54,4,241.599366
-52,2,241.605368
-52,2,241.610369
-52,2,241.61537
-52,2,241.620372
-52,2,241.625372
-52,2,241.630373
-52,2,241.635375
-52,2,241.640376
-52,2,241.645377
-52,2,241.653378
-52,2,241.65838
-52,2,241.663381
-52,2,241.668382
-52,2,241.673383
-52,2,241.679384
-52,2,241.686386
-54,4,241.696388
-52,2,241.701389
-52,2,241.706391
-52,2,241.711391
-52,2,241.717393
-52,2,241.722394
-52,2,241.729396
-52,2,241.734397
-52,2,241.741398
-52,2,241.7464
-52,2,241.7514
-52,2,241.756402
-52,2,241.764403
-52,2,241.769404
-52,2,241.774405
-52,2,241.779407
-52,2,241.785408
-52,2,241.790409
-52,2,241.79541
-52,2,241.800411
-52,2,241.805412
-52,2,241.812414
-52,2,241.818416
-52,2,241.823416
-52,2,241.828418
-52,2,241.833419
-52,2,241.83842
-52,2,241.843421
-52,2,241.849422
-52,2,241.854423
-52,2,241.859424
-52,2,241.864426
-52,2,241.872428
-52,2,241.877429
-52,2,241.88243
-52,2,241.888432
-52,2,241.893432
-52,2,241.898434
-52,2,241.903434
-52,2,241.908436
-52,2,241.915437
-52,2,241.920438
-52,2,241.925439
-52,2,241.93044
-52,2,241.935441
-52,2,241.943444
-52,2,241.948445
-52,2,241.953445
-52,2,241.958447
-52,2,241.963448
-52,2,241.968449
-52,2,241.97345
-52,2,241.978451
-52,2,241.983452
-52,2,241.989453
-52,2,241.994454
-52,2,241.999456
-52,2,242.004457
-52,2,242.009458
-52,2,242.014459
-52,2,242.01946
-52,2,242.024461
-52,2,242.031463
-52,2,242.037465
-52,2,242.042465
-52,2,242.049467
-52,2,242.055468
-52,2,242.06147
-52,2,242.066471
-52,2,242.071472
-52,2,242.076473
-52,2,242.081474
-52,2,242.886653
-52,2,242.894655
-52,2,242.899657
-52,2,242.905658
-52,2,242.910659
-52,2,242.91566
-52,2,242.920661
-52,2,242.925662
-52,2,242.933664
-52,2,242.938665
-52,2,242.944666
-52,2,242.949667
-52,2,242.954669
-52,2,242.96067
-52,2,242.968672
-52,2,242.973673
-52,2,242.978674
-52,2,242.983675
-53,3,242.991678
-52,2,242.996678
-52,2,243.001679
-52,2,243.00668
-52,2,243.011681
-52,2,243.017683
-52,2,243.022684
-52,2,243.027685
-52,2,243.033687
-52,2,243.038687
-52,2,243.043689
-52,2,243.04969
-52,2,243.054691
-52,2,243.061693
-52,2,243.067694
-52,2,243.072695
-52,2,243.079697
-52,2,243.084698
-52,2,243.090699
-52,2,243.096701
-52,2,243.101701
-52,2,243.106703
-52,2,243.111704
-52,2,243.117705
-52,2,243.122706
-52,2,243.127707
-52,2,243.132709
-52,2,243.13771
-52,2,243.142711
-52,2,243.147712
-52,2,243.153713
-52,2,243.158715
-52,2,243.163715
-52,2,243.168717
-52,2,243.173717
-52,2,243.178719
-52,2,243.18372
-52,2,243.191722
-52,2,243.196723
-52,2,243.201724
-52,2,243.207725
-52,2,243.214727
-52,2,243.221728
-52,2,243.22873
-52,2,243.235732
-52,2,243.241733
-52,2,243.246735
-52,2,243.254736
-52,2,243.260737
-52,2,243.265738
-52,2,243.270739
-52,2,243.27574
-52,2,243.281742
-52,2,243.286743
-52,2,243.291744
-52,2,243.296745
-52,2,243.301746
-52,2,243.306747
-54,4,243.31675
-52,2,243.321751
-52,2,243.326752
-52,2,243.333753
-52,2,243.338755
-52,2,243.343755
-52,2,243.351757
-52,2,243.356759
-52,2,243.36176
-52,2,243.366761
-53,3,243.374763
-52,2,243.379764
-52,2,243.384765
-52,2,243.389766
-52,2,243.394767
-52,2,243.399768
-52,2,243.405769
-52,2,243.41077
-52,2,243.415772
-52,2,243.421773
-52,2,243.426774
-52,2,243.434776
-52,2,243.439777
-52,2,243.444778
-52,2,243.45178
-52,2,243.457781
-52,2,243.462782
-52,2,243.467783
-52,2,243.472785
-52,2,243.477785
-52,2,243.482787
-52,2,243.487787
-52,2,243.493789
-52,2,243.498791
-52,2,243.505792
-52,2,243.511793
-52,2,243.516794
-52,2,243.522796
-52,2,243.527797
-52,2,243.532798
-52,2,243.537799
-52,2,243.5438
-52,2,243.548802
-52,2,243.554803
-52,2,243.561804
-52,2,243.566806
-52,2,243.572807
-52,2,243.577808
-52,2,243.582809
-52,2,243.58781
-52,2,243.594812
-52,2,243.599813
-52,2,243.604814
-52,2,243.609815
-52,2,243.617816
-52,2,243.622818
-52,2,243.628819
-52,2,243.63382
-52,2,243.638822
-52,2,243.643822
-52,2,243.648824
-52,2,243.653825
-52,2,243.661827
-52,2,243.666828
-52,2,243.671829
-52,2,243.67683
-52,2,243.681831
-52,2,243.687832
-61,11,243.712838
-52,2,243.717839
-52,2,243.72384
-52,2,243.728842
-52,2,243.733843
-52,2,243.738844
-52,2,243.744845
-52,2,243.749846
-52,2,243.754847
-52,2,243.759848
-52,2,243.76485
-52,2,243.769851
-52,2,243.774852
-52,2,243.780853
-52,2,243.785854
-52,2,243.790856
-52,2,243.795856
-52,2,243.803858
-52,2,243.808859
-52,2,243.81486
-52,2,243.820862
-52,2,243.825863
-52,2,243.830864
-52,2,243.835865
-52,2,243.840866
-52,2,243.846868
-52,2,243.85287
-52,2,243.85787
-52,2,243.862871
-52,2,243.868873
-52,2,243.874874
-52,2,243.879875
-52,2,243.884876
-52,2,243.889877
-52,2,243.894879
-52,2,243.899879
-52,2,243.904881
-52,2,243.910882
-52,2,243.915883
-52,2,243.920884
-52,2,243.925885
-52,2,243.930887
-52,2,243.937888
-52,2,243.942889
-52,2,243.94789
-52,2,243.953892
-52,2,243.958893
-52,2,243.963894
-52,2,243.968895
-52,2,243.974896
-52,2,243.980898
-52,2,243.985898
-52,2,243.9929
-52,2,243.997901
-52,2,244.003903
-52,2,244.008904
-52,2,244.013905
-52,2,244.019906
-52,2,244.025908
-52,2,244.032909
-52,2,244.03791
-52,2,244.043912
-52,2,244.048913
-52,2,244.053914
-54,4,244.065917
-52,2,244.071918
-52,2,244.076919
-52,2,244.08192
-52,2,244.086921
-52,2,244.091922
-52,2,244.096924
-52,2,244.102925
-52,2,244.107926
-52,2,244.113928
-52,2,244.120929
-52,2,244.12593
-52,2,244.133932
-52,2,244.138933
-52,2,244.143934
-52,2,244.148936
-52,2,244.154936
-52,2,244.159937
-52,2,244.166939
-52,2,244.173941
-52,2,244.178942
-52,2,244.183943
-52,2,244.191945
-52,2,244.196946
-52,2,244.201947
-52,2,244.207948
-52,2,244.21295
-52,2,244.217951
-52,2,244.222952
-52,2,244.227953
-52,2,244.232954
-52,2,244.237955
-52,2,244.242956
-52,2,244.248958
-52,2,244.253958
-52,2,244.25896
-52,2,244.263961
-52,2,244.268962
-53,3,244.276964
-52,2,244.281965
-52,2,244.286967
-52,2,244.291967
-52,2,244.297968
-52,2,244.30397
-52,2,244.308971
-52,2,244.313972
-52,2,244.318974
-52,2,244.323974
-52,2,244.328976
-52,2,244.336977
-52,2,244.341979
-52,2,244.34698
-52,2,244.351981
-52,2,244.359982
-52,2,244.364983
-52,2,244.369985
-52,2,244.374985
-52,2,244.380987
-52,2,244.385988
-52,2,244.392989
-52,2,244.397991
-52,2,244.402992
-52,2,244.407993
-52,2,244.412994
-52,2,244.417995
-52,2,244.422996
-52,2,244.427998
-52,2,244.433999
-53,3,244.443001
-52,2,244.448002
-52,2,244.454003
-54,4,244.463006
-52,2,244.469007
-52,2,244.475008
-52,2,244.480009
-52,2,244.48501
-52,2,244.491011
-52,2,244.496013
-52,2,244.501014
-52,2,244.506015
-52,2,244.511016
-52,2,244.517017
-52,2,244.524019
-52,2,244.53002
-52,2,244.536021
-52,2,244.542138
-52,2,244.547157
-52,2,244.553159
-52,2,244.561161
-52,2,244.566161
-52,2,244.571163
-52,2,244.577164
-52,2,244.582165
-52,2,244.587167
-52,2,244.593168
-52,2,244.598169
-52,2,244.60317
-52,2,244.608171
-52,2,244.613172
-52,2,244.618173
-52,2,244.623174
-52,2,244.628175
-52,2,244.634177
-52,2,244.639178
-52,2,244.644179
-52,2,244.64918
-52,2,244.654181
-52,2,244.659183
-52,2,244.665184
-52,2,244.670185
-52,2,244.675186
-52,2,244.681187
-52,2,244.687189
-53,3,244.69419
-52,2,244.699192
-52,2,244.707193
-52,2,244.714195
-52,2,244.719197
-52,2,244.725197
-52,2,244.730198
-52,2,244.735199
-52,2,244.740201
-52,2,244.745202
-52,2,244.750203
-52,2,244.756204
-52,2,244.761205
-52,2,244.766207
-52,2,244.771207
-52,2,244.776209
-52,2,244.78121
-52,2,244.787212
-52,2,244.792212
-52,2,244.797214
-54,4,244.807216
-52,2,244.812216
-52,2,244.818218
-52,2,244.823219
-52,2,244.829221
-52,2,244.835222
-52,2,244.840223
-52,2,244.845224
-52,2,244.850225
-52,2,244.856226
-52,2,244.861227
-52,2,244.866229
-52,2,244.87123
-52,2,244.876231
-52,2,244.882232
-52,2,244.887233
-52,2,244.892234
-52,2,244.897236
-52,2,244.903237
-52,2,244.908238
-52,2,244.913239
-52,2,244.91824
-52,2,244.925242
-52,2,244.930243
-52,2,244.935244
-52,2,244.942245
-52,2,244.947247
-52,2,244.952248
-52,2,244.95725
-52,2,244.96225
-52,2,244.968251
-52,2,244.973253
-52,2,244.979254
-52,2,244.985255
-52,2,244.991257
-52,2,244.996258
-52,2,245.002259
-52,2,245.00726
-52,2,245.012261
-52,2,245.017262
-52,2,245.023263
-52,2,245.028265
-52,2,245.033266
-52,2,245.038267
-52,2,245.043268
-52,2,245.04927
-52,2,245.054271
-52,2,245.060272
-52,2,245.066273
-52,2,245.071274
-52,2,245.076275
-52,2,245.081277
-52,2,245.086277
-52,2,245.091279
-52,2,245.09628
-52,2,245.102282
-52,2,245.107283
-52,2,245.112283
-52,2,245.118285
-52,2,245.124286
-52,2,245.129287
-52,2,245.134289
-52,2,245.13929
-52,2,245.146291
-52,2,245.152293
-52,2,245.157294
-52,2,245.162295
-56,6,245.176298
-52,2,245.182299
-52,2,245.1873
-52,2,245.192301
-52,2,245.198303
-52,2,245.203304
-52,2,245.208305
-52,2,245.213306
-52,2,245.218307
-52,2,245.224308
-52,2,245.229309
-52,2,245.235311
-52,2,245.240312
-52,2,245.245314
-52,2,245.250314
-52,2,245.256315
-52,2,245.261317
-52,2,245.267318
-52,2,245.272319
-52,2,245.277321
-52,2,245.285322
-52,2,245.290323
-52,2,245.295324
-52,2,245.302325
-52,2,245.307327
-52,2,245.313329
-52,2,245.31933
-52,2,245.324331
-52,2,245.330332
-52,2,245.335333
-52,2,245.340334
-52,2,245.346336
-52,2,245.351337
-52,2,245.356338
-52,2,245.361339
-52,2,245.36634
-52,2,245.371341
-52,2,245.377343
-52,2,245.382344
-52,2,245.387345
-52,2,245.392346
-52,2,245.399348
-52,2,245.404348
-52,2,245.40935
-52,2,245.414351
-52,2,245.419352
-52,2,245.427354
-52,2,245.432355
-52,2,245.437356
-52,2,245.442357
-52,2,245.447358
-52,2,245.45336
-52,2,245.458361
-52,2,245.463362
-52,2,245.468363
-52,2,245.473364
-52,2,245.478365
-52,2,245.484366
-52,2,245.489368
-52,2,245.494369
-52,2,245.50037
-52,2,245.506371
-52,2,245.511372
-52,2,245.516374
-52,2,245.522375
-52,2,245.527376
-52,2,245.532378
-52,2,245.540379
-52,2,245.54638
-52,2,245.551382
-52,2,245.556382
-52,2,245.561384
-52,2,245.567385
-52,2,245.572386
-52,2,245.578387
-52,2,245.585389
-52,2,245.59039
-52,2,245.596392
-52,2,245.602393
-52,2,245.607394
-52,2,245.612395
-52,2,245.617396
-52,2,245.623398
-52,2,245.628399
-52,2,245.6334
-52,2,245.639401
-52,2,245.645402
-52,2,245.650403
-52,2,245.655405
-52,2,245.663406
-52,2,245.668407
-52,2,245.673409
-52,2,245.67841
-52,2,245.684411
-52,2,245.692413
-52,2,245.698414
-52,2,245.704416
-52,2,245.709417
-52,2,245.715418
-52,2,245.720419
-52,2,245.72542
-52,2,245.730422
-52,2,245.735423
-52,2,245.740424
-52,2,245.746425
-52,2,245.751426
-52,2,245.756427
-52,2,245.763429
-52,2,245.76843
-52,2,245.773431
-52,2,245.778432
-52,2,245.783433
-52,2,245.789435
-52,2,245.794436
-52,2,245.800437
-52,2,245.805438
-52,2,245.810439
-52,2,245.81544
-52,2,245.821441
-52,2,245.826443
-52,2,245.831444
-52,2,245.836445
-52,2,245.841446
-52,2,245.846447
-52,2,245.851448
-52,2,245.85745
-52,2,245.862451
-52,2,245.869453
-52,2,245.874454
-52,2,245.879455
-52,2,245.885456
-52,2,245.890457
-52,2,245.895458
-52,2,245.90046
-52,2,245.90546
-52,2,245.912462
-52,2,245.919464
-53,3,245.927465
-52,2,245.932467
-52,2,245.938468
-52,2,245.943469
-52,2,245.94947
-52,2,245.954471
-52,2,245.959473
-52,2,245.964474
-52,2,245.971475
-52,2,245.976476
-52,2,245.982478
-52,2,245.987479
-52,2,245.99248
-52,2,245.997481
-52,2,246.002482
-52,2,246.008483
-52,2,246.013484
-52,2,246.018486
-52,2,246.023487
-52,2,246.029489
-52,2,246.034489
-52,2,246.039491
-52,2,246.044491
-52,2,246.049493
-52,2,246.054493
-52,2,246.059495
-52,2,246.065496
-52,2,246.072497
-52,2,246.077499
-52,2,246.0835
-52,2,246.088501
-52,2,246.093502
-52,2,246.098504
-52,2,246.103504
-52,2,246.108506
-52,2,246.113507
-52,2,246.119509
-52,2,246.124509
-52,2,246.129511
-52,2,246.134511
-52,2,246.139513
-52,2,246.144514
-52,2,246.149515
-52,2,246.155516
-52,2,246.160517
-52,2,246.165519
-52,2,246.17152
-52,2,246.176521
-52,2,246.181522
-52,2,246.186523
-52,2,246.191524
-52,2,246.196525
-52,2,246.204527
-52,2,246.209529
-52,2,246.21753
-52,2,246.222531
-52,2,246.227533
-52,2,246.233534
-52,2,246.238535
-52,2,246.243536
-52,2,246.248537
-52,2,246.254538
-52,2,246.25954
-52,2,246.26454
-52,2,246.269542
-52,2,246.274543
-52,2,246.279544
-52,2,246.284545
-52,2,246.290546
-54,4,246.300549
-52,2,246.30555
-52,2,246.311551
-52,2,246.316552
-52,2,246.321553
-52,2,246.326555
-52,2,246.333556
-52,2,246.341558
-52,2,246.346559
-52,2,246.35156
-52,2,246.360562
-52,2,246.365563
-52,2,246.370564
-52,2,246.377566
-52,2,246.382567
-52,2,246.387568
-52,2,246.392569
-52,2,246.39757
-52,2,246.403572
-52,2,246.408572
-52,2,246.413574
-52,2,246.420575
-52,2,246.426577
-52,2,246.431578
-52,2,246.436579
-52,2,246.44158
-52,2,246.447582
-52,2,246.454583
-52,2,246.459584
-52,2,246.465585
-52,2,246.470587
-52,2,246.477588
-52,2,246.482589
-52,2,246.487591
-52,2,246.495592
-52,2,246.501594
-52,2,246.507595
-52,2,246.512596
-52,2,246.517597
-52,2,246.523599
-52,2,246.528599
-52,2,246.5336
-52,2,246.538602
-52,2,246.544603
-52,2,246.549604
-52,2,246.555606
-52,2,246.560606
-52,2,246.565608
-52,2,246.570609
-52,2,246.57661
-52,2,246.581611
-52,2,246.586612
-52,2,246.592613
-52,2,246.597615
-52,2,246.602616
-52,2,246.607617
-52,2,246.612618
-52,2,246.61962
-52,2,246.624621
-52,2,246.629622
-52,2,246.634623
-52,2,246.639625
-52,2,246.645625
-52,2,246.650627
-52,2,246.655627
-52,2,246.660629
-52,2,246.66563
-52,2,246.670631
-52,2,246.676632
-52,2,246.682634
-52,2,246.687635
-52,2,246.693636
-52,2,246.698637
-52,2,246.703639
-52,2,246.70864
-52,2,246.71364
-52,2,246.718642
-52,2,246.725643
-52,2,246.731645
-52,2,246.736646
-52,2,246.741647
-52,2,246.749649
-52,2,246.75565
-52,2,246.760651
-52,2,246.768653
-52,2,246.773654
-52,2,246.778655
-52,2,246.783657
-52,2,246.788657
-52,2,246.795659
-52,2,246.80066
-52,2,246.806661
-52,2,246.811663
-52,2,246.816664
-52,2,246.821665
-52,2,246.827667
-52,2,246.832667
-52,2,246.837669
-52,2,246.842669
-52,2,246.847671
-52,2,246.853672
-52,2,246.858673
-52,2,246.863674
-52,2,246.868675
-52,2,246.874676
-52,2,246.879678
-52,2,246.884679
-52,2,246.891681
-52,2,246.896681
-52,2,246.901683
-52,2,246.906684
-52,2,246.911685
-52,2,246.916686
-52,2,246.921687
-52,2,246.929689
-52,2,246.93569
-52,2,246.940225
-52,2,246.948222
-52,2,246.953223
-52,2,246.958225
-52,2,246.964226
-52,2,246.969227
-52,2,246.975228
-52,2,246.98023
-52,2,246.986231
-52,2,246.991231
-52,2,246.996233
-52,2,247.002234
-52,2,247.007235
-52,2,247.012236
-52,2,247.017238
-52,2,247.022238
-52,2,247.02824
-52,2,247.033241
-52,2,247.038242
-52,2,247.043243
-52,2,247.048244
-52,2,247.053246
-52,2,247.058247
-52,2,247.066248
-52,2,247.07125
-52,2,247.076251
-52,2,247.081252
-52,2,247.086253
-52,2,247.091254
-52,2,247.096255
-52,2,247.104257
-52,2,247.110259
-52,2,247.115259
-52,2,247.121261
-52,2,247.127262
-52,2,247.132263
-52,2,247.137265
-52,2,247.142265
-52,2,247.147267
-52,2,247.152268
-52,2,247.16027
-52,2,247.165271
-52,2,247.170272
-52,2,247.175273
-52,2,247.180274
-52,2,247.185275
-52,2,247.191277
-52,2,247.198278
-52,2,247.203279
-52,2,247.20828
-52,2,247.215282
-52,2,247.221283
-52,2,247.226284
-52,2,247.231286
-52,2,247.238287
-52,2,247.243288
-52,2,247.249289
-52,2,247.25429
-52,2,247.259292
-52,2,247.264293
-52,2,247.270294
-52,2,247.275295
-52,2,247.280297
-52,2,247.285297
-52,2,247.290299
-52,2,247.2963
-52,2,247.301301
-52,2,247.306302
-52,2,247.313304
-52,2,247.318305
-52,2,247.323306
-52,2,247.329307
-52,2,247.334308
-52,2,247.34031
-52,2,247.347311
-52,2,247.353312
-52,2,247.358314
-52,2,247.363315
-52,2,247.368316
-52,2,247.373317
-52,2,247.380319
-52,2,247.38532
-52,2,247.390321
-52,2,247.395322
-52,2,247.400323
-52,2,247.408325
-52,2,247.413326
-52,2,247.418327
-52,2,247.424328
-52,2,247.43033
-52,2,247.435331
-52,2,247.440332
-52,2,247.445333
-52,2,247.451334
-52,2,247.456336
-52,2,247.461337
-52,2,247.466338
-52,2,247.472339
-52,2,247.47734
-52,2,247.483342
-52,2,247.491343
-52,2,247.496344
-52,2,247.501346
-52,2,247.506346
-52,2,247.512348
-52,2,247.517349
-52,2,247.523351
-52,2,247.528352
-52,2,247.533353
-52,2,247.538354
-52,2,247.544355
-52,2,247.553357
-52,2,247.560359
-52,2,247.56536
-52,2,247.570361
-52,2,247.575362
-52,2,247.580364
-52,2,247.585364
-52,2,247.591366
-52,2,247.596367
-52,2,247.601368
-52,2,247.607369
-52,2,247.61237
-52,2,247.617372
-52,2,247.622372
-52,2,247.627374
-52,2,247.633375
-52,2,247.638376
-52,2,247.643377
-52,2,247.648378
-52,2,247.65538
-52,2,247.661381
-52,2,247.666382
-52,2,247.671383
-52,2,247.677385
-52,2,247.683386
-52,2,247.688388
-52,2,247.693388
-52,2,247.69839
-52,2,247.703391
-52,2,247.709392
-52,2,247.714393
-52,2,247.719394
-52,2,247.725395
-52,2,247.730397
-52,2,247.735398
-52,2,247.740399
-52,2,247.7464
-52,2,247.751401
-52,2,247.756403
-52,2,247.764404
-52,2,247.769405
-52,2,247.774406
-52,2,247.780408
-52,2,247.787409
-52,2,247.79241
-52,2,247.797412
-52,2,247.804413
-52,2,247.811414
-52,2,247.816416
-52,2,247.821417
-52,2,247.826418
-52,2,247.832419
-52,2,247.838421
-52,2,247.844422
-52,2,247.851424
-52,2,247.856425
-52,2,247.861426
-52,2,247.866427
-52,2,247.873429
-52,2,247.87843
-52,2,247.883431
-52,2,247.888432
-52,2,247.894433
-52,2,247.899434
-52,2,247.904436
-52,2,247.909436
-52,2,247.916438
-52,2,247.921439
-52,2,247.928442
-52,2,247.933442
-52,2,247.939443
-52,2,247.945444
-52,2,247.950446
-52,2,247.957447
-52,2,247.962448
-52,2,247.96745
-52,2,247.972451
-52,2,247.977452
-52,2,247.982453
-52,2,247.988455
-52,2,247.993455
-52,2,247.998457
-52,2,248.003457
-52,2,248.008459
-52,2,248.013459
-52,2,248.018461
-52,2,248.024463
-52,2,248.032464
-52,2,248.037465
-52,2,248.042471
-52,2,248.047472
-52,2,248.052473
-52,2,248.057474
-52,2,248.062475
-52,2,248.068476
-52,2,248.073478
-52,2,248.078479
-52,2,248.08348
-52,2,248.088481
-52,2,248.093482
-52,2,248.098483
-52,2,248.104484
-52,2,248.109485
-52,2,248.115487
-52,2,248.120488
-52,2,248.125489
-53,3,248.132491
-52,2,248.138492
-52,2,248.145493
-52,2,248.150495
-52,2,248.155496
-52,2,248.160497
-52,2,248.166498
-52,2,248.171499
-52,2,248.1765
-52,2,248.182502
-52,2,248.187503
-52,2,248.195504
-52,2,248.201506
-52,2,248.207507
-52,2,248.212508
-52,2,248.21851
-52,2,248.223511
-52,2,248.228512
-52,2,248.233513
-52,2,248.239514
-52,2,248.244515
-52,2,248.249516
-53,3,248.257518
-52,2,248.26252
-52,2,248.268521
-52,2,248.273522
-52,2,248.278524
-52,2,248.283524
-52,2,248.290526
-52,2,248.295527
-52,2,248.300528
-52,2,248.305529
-52,2,248.31053
-52,2,248.316531
-52,2,248.322533
-52,2,248.327534
-52,2,248.333535
-52,2,248.339537
-52,2,248.344538
-52,2,248.349539
-52,2,248.35454
-52,2,248.359541
-52,2,248.364542
-52,2,248.370544
-52,2,248.375545
-52,2,248.380546
-52,2,248.385547
-52,2,248.391548
-52,2,248.396549
-52,2,248.402551
-52,2,248.407552
-52,2,248.412553
-52,2,248.419555
-52,2,248.426556
-52,2,248.431557
-52,2,248.436559
-52,2,248.44156
-52,2,248.447561
-52,2,248.452562
-52,2,248.457563
-52,2,248.462564
-52,2,248.467565
-52,2,249.273745
-52,2,249.278746
-52,2,249.283748
-52,2,249.289749
-52,2,249.294749
-52,2,249.299752
-52,2,249.304752
-52,2,249.310753
-52,2,249.316755
-52,2,249.323756
-52,2,249.328757
-52,2,249.333759
-52,2,249.34076
-52,2,249.347761
-52,2,249.352763
-52,2,249.357764
-52,2,249.363766
-52,2,249.368766
-52,2,249.375768
-52,2,249.380769
-52,2,249.38577
-52,2,249.391772
-52,2,249.397773
-52,2,249.402774
-52,2,249.407775
-52,2,249.412776
-52,2,249.417777
-52,2,249.422779
-52,2,249.42778
-52,2,249.433781
-52,2,249.438782
-52,2,249.443784
-52,2,249.450785
-52,2,249.455786
-52,2,249.463788
-52,2,249.469789
-54,4,249.478791
-52,2,249.483792
-52,2,249.488793
-52,2,249.493794
-52,2,249.498795
-52,2,249.503796
-52,2,249.509798
-52,2,249.516799
-52,2,249.521801
-52,2,249.529802
-52,2,249.534803
-52,2,249.539804
-52,2,249.544806
-52,2,249.550807
-52,2,249.555809
-52,2,249.56181
-52,2,249.56681
-52,2,249.572812
-52,2,249.579813
-52,2,249.584814
-52,2,249.590333
-52,2,249.595334
-52,2,249.600335
-52,2,249.605336
-52,2,249.610337
-52,2,249.615338
-52,2,249.620339
-52,2,249.626341
-52,2,249.631342
-52,2,249.639344
-52,2,249.644345
-52,2,249.649346
-52,2,249.655347
-52,2,249.660348
-52,2,249.665349
-52,2,249.670351
-52,2,249.676352
-52,2,249.681353
-52,2,249.686354
-52,2,249.691355
-52,2,249.698357
-52,2,249.703359
-52,2,249.709359
-52,2,249.71436
-52,2,249.719362
-52,2,249.724363
-52,2,249.729364
-52,2,249.734365
-52,2,249.739366
-52,2,249.744367
-52,2,249.750368
-52,2,249.75637
-53,3,249.764372
-52,2,249.769373
-52,2,249.777375
-52,2,249.782376
-52,2,249.787377
-52,2,249.792378
-53,3,249.79938
-52,2,249.805381
-52,2,249.812382
-52,2,249.819384
-52,2,249.824385
-52,2,249.829386
-52,2,249.834387
-52,2,249.839388
-52,2,249.84539
-52,2,249.851391
-52,2,249.858392
-52,2,249.863394
-52,2,249.868395
-52,2,249.874396
-52,2,249.879398
-52,2,249.884398
-52,2,249.8894
-52,2,249.894401
-52,2,249.899402
-52,2,249.904403
-52,2,249.909404
-52,2,249.914405
-52,2,249.919406
-52,2,249.925408
-52,2,249.930409
-52,2,249.93541
-52,2,249.941411
-52,2,249.949413
-52,2,249.956414
-52,2,249.961416
-52,2,249.966416
-52,2,249.971418
-52,2,249.976419
-52,2,249.98142
-52,2,249.986421
-52,2,249.991422
-52,2,249.996423
-52,2,250.001425
-52,2,250.006425
-52,2,250.012427
-52,2,250.017428
-52,2,250.02543
-52,2,250.032431
-52,2,250.037433
-52,2,250.043434
-52,2,250.048435
-52,2,250.053436
-53,3,250.060438
-52,2,250.068439
-52,2,250.07344
-52,2,250.078442
-52,2,250.083443
-52,2,250.088444
-52,2,250.094445
-52,2,250.099446
-52,2,250.105448
-52,2,250.110449
-52,2,250.11645
-52,2,250.121452
-52,2,250.126452
-52,2,250.131454
-52,2,250.137455
-52,2,250.142456
-52,2,250.147457
-52,2,250.152458
-52,2,250.157459
-53,3,250.165461
-52,2,250.170462
-52,2,250.176464
-52,2,250.181465
-52,2,250.186466
-52,2,250.191467
-52,2,250.196468
-52,2,250.20347
-52,2,250.208471
-52,2,250.214472
-52,2,250.220473
-52,2,250.225474
-52,2,250.233476
-52,2,250.238477
-52,2,250.243478
-52,2,250.24848
-52,2,250.254481
-52,2,250.260482
-52,2,250.265483
-52,2,250.270484
-52,2,250.275486
-52,2,250.280487
-52,2,250.285488
-52,2,250.291489
-52,2,250.29649
-52,2,250.301491
-52,2,250.307493
-52,2,250.312494
-52,2,250.317495
-52,2,250.322496
-52,2,250.327497
-52,2,250.333498
-52,2,250.338499
-52,2,250.343501
-52,2,250.349502
-52,2,250.354503
-52,2,250.359504
-52,2,250.366506
-52,2,250.371507
-52,2,250.377508
-52,2,250.382509
-54,4,250.392512
-52,2,250.397512
-52,2,250.402514
-52,2,250.407515
-52,2,250.412516
-52,2,250.417517
-52,2,250.422518
-52,2,250.428519
-52,2,250.433521
-52,2,250.438522
-52,2,250.443523
-52,2,250.449525
-52,2,250.454525
-52,2,250.459527
-52,2,250.464528
-52,2,250.469529
-52,2,250.47553
-52,2,250.480532
-52,2,250.485532
-52,2,250.490533
-52,2,250.496535
-52,2,250.501536
-52,2,250.506537
-52,2,250.512539
-52,2,250.51854
-52,2,250.523541
-52,2,250.528543
-52,2,250.533543
-52,2,250.539545
-52,2,250.545546
-52,2,250.551548
-52,2,250.557548
-52,2,250.56255
-52,2,250.56755
-52,2,250.572552
-52,2,250.577553
-52,2,250.582554
-52,2,250.587555
-52,2,250.592557
-52,2,250.597557
-52,2,250.602559
-52,2,250.607559
-52,2,250.614561
-52,2,250.620563
-52,2,250.626564
-52,2,250.634565
-52,2,250.639567
-52,2,250.644568
-52,2,250.649569
-52,2,250.65457
-52,2,250.659571
-52,2,250.664572
-52,2,250.669574
-52,2,250.674574
-52,2,250.679576
-52,2,250.684577
-52,2,250.690578
-52,2,250.695579
-52,2,250.70058
-52,2,250.706582
-52,2,250.713583
-52,2,250.718584
-52,2,250.723585
-52,2,250.728587
-52,2,250.733588
-52,2,250.738589
-52,2,250.74359
-52,2,250.748591
-52,2,250.753592
-52,2,250.758593
-52,2,250.767595
-52,2,250.772597
-52,2,250.777597
-52,2,250.782599
-52,2,250.7876
-52,2,250.794601
-52,2,250.799603
-52,2,250.804604
-52,2,250.809605
-52,2,250.814606
-52,2,250.820607
-52,2,250.825608
-52,2,250.832611
-52,2,250.838611
-52,2,250.843612
-52,2,250.848614
-52,2,250.853615
-52,2,250.861616
-52,2,250.866617
-52,2,250.871619
-52,2,250.87662
-52,2,250.882621
-52,2,250.887622
-52,2,250.892623
-52,2,250.897624
-52,2,250.904626
-52,2,250.909627
-52,2,250.914628
-52,2,250.91963
-52,2,250.92463
-52,2,250.929631
-52,2,250.934633
-52,2,250.940634
-52,2,250.945635
-52,2,250.953637
-52,2,250.958638
-52,2,250.964639
-52,2,250.969641
-52,2,250.975642
-52,2,250.980643
-52,2,250.985644
-52,2,250.990645
-52,2,250.995646
-52,2,251.002648
-52,2,251.007649
-52,2,251.01265
-52,2,251.018651
-52,2,251.023652
-52,2,251.029654
-52,2,251.035655
-52,2,251.040657
-52,2,251.045657
-52,2,251.051659
-52,2,251.05666
-52,2,251.063661
-52,2,251.068662
-52,2,251.073663
-52,2,251.078665
-52,2,251.084666
-52,2,251.090667
-52,2,251.095669
-52,2,251.10167
-52,2,251.107671
-52,2,251.112672
-52,2,251.117673
-52,2,251.124675
-52,2,251.129676
-52,2,251.135677
-52,2,251.140678
-52,2,251.145679
-52,2,251.150681
-52,2,251.155682
-52,2,251.162683
-52,2,251.167684
-52,2,251.172686
-52,2,251.179688
-52,2,251.184689
-52,2,251.18969
-52,2,251.19469
-52,2,251.200692
-52,2,251.205693
-52,2,251.210695
-52,2,251.215695
-52,2,251.220696
-52,2,251.226697
-52,2,251.231699
-52,2,251.236701
-52,2,251.241701
-52,2,251.246702
-52,2,251.252704
-52,2,251.257704
-52,2,251.262706
-52,2,251.267707
-52,2,251.272708
-52,2,251.278709
-52,2,251.28371
-52,2,251.288712
-52,2,251.294713
-52,2,251.299714
-52,2,251.304715
-52,2,251.310716
-52,2,251.315718
-52,2,251.320719
-52,2,251.32572
-52,2,251.333722
-52,2,251.338723
-52,2,251.343724
-52,2,251.348725
-52,2,251.354726
-52,2,251.359728
-52,2,251.364729
-52,2,251.37073
-52,2,251.375731
-52,2,251.380732
-52,2,251.387733
-52,2,251.394735
-52,2,251.399737
-52,2,251.404737
-52,2,251.409739
-52,2,251.41674
-52,2,251.421741
-52,2,251.426742
-52,2,251.434744
-52,2,251.439746
-52,2,251.445746
-52,2,251.451748
-52,2,251.45675
-52,2,251.46175
-53,3,251.469752
-52,2,251.474753
-52,2,251.479754
-52,2,251.484755
-52,2,251.490757
-52,2,251.496758
-52,2,251.501759
-52,2,251.507761
-52,2,251.513762
-52,2,251.518763
-52,2,251.523764
-52,2,251.528765
-52,2,251.533767
-52,2,251.538767
-52,2,251.544769
-52,2,251.55077
-52,2,251.555771
-52,2,251.560772
-52,2,251.565773
-52,2,251.571775
-52,2,251.576776
-52,2,251.581777
-52,2,251.586891
-52,2,251.591893
-52,2,251.596894
-52,2,251.601895
-52,2,251.606896
-52,2,251.614898
-52,2,251.620899
-52,2,251.627901
-52,2,251.633902
-52,2,251.638903
-52,2,251.643904
-52,2,251.649906
-52,2,251.657907
-52,2,251.662909
-52,2,251.66791
-52,2,251.672911
-52,2,251.677912
-52,2,251.682913
-52,2,251.688914
-60,10,251.710919
-52,2,251.71692
-52,2,251.721922
-52,2,251.726923
-52,2,251.731924
-52,2,251.737925
-52,2,251.742926
-52,2,251.747927
-52,2,251.753929
-52,2,251.75893
-52,2,251.763931
-52,2,251.768932
-52,2,251.776934
-52,2,251.781935
-52,2,251.786936
-52,2,251.791937
-52,2,251.796939
-52,2,251.801939
-52,2,251.80694
-52,2,251.811942
-52,2,251.816943
-52,2,251.822944
-52,2,251.827945
-52,2,251.832946
-52,2,251.837947
-52,2,251.842949
-52,2,251.84795
-52,2,251.852951
-52,2,251.858952
-52,2,251.863953
-52,2,251.868954
-52,2,251.873955
-52,2,251.879957
-52,2,251.885958
-52,2,251.89296
-52,2,251.897961
-52,2,251.902962
-52,2,251.907963
-52,2,251.912964
-57,7,251.928968
-52,2,251.933969
-52,2,251.939971
-52,2,251.944971
-52,2,251.949973
-52,2,251.956974
-52,2,251.961975
-52,2,251.966976
-52,2,251.971978
-52,2,251.976979
-52,2,251.98198
-52,2,251.986981
-52,2,251.991982
-52,2,251.999984
-52,2,252.004985
-52,2,252.009986
-52,2,252.014987
-52,2,252.019988
-52,2,252.025989
-52,2,252.030991
-52,2,252.035992
-52,2,252.040993
-52,2,252.045994
-52,2,252.050995
-52,2,252.055996
-52,2,252.060997
-52,2,252.065998
-52,2,252.073
-52,2,252.078001
-52,2,252.084002
-52,2,252.090004
-52,2,252.095005
-52,2,252.101006
-52,2,252.106007
-52,2,252.111008
-52,2,252.116009
-52,2,252.121011
-52,2,252.126012
-52,2,252.131133
-52,2,252.136134
-52,2,252.141135
-52,2,252.147136
-52,2,252.152138
-52,2,252.157138
-52,2,252.16214
-52,2,252.16714
-52,2,252.172142
-52,2,252.178143
-52,2,252.184144
-52,2,252.189145
-52,2,252.194147
-52,2,252.201148
-52,2,252.20715
-52,2,252.212151
-52,2,252.217152
-52,2,252.222153
-52,2,252.229154
-52,2,252.234155
-52,2,252.240158
-52,2,252.245158
-52,2,252.250159
-52,2,252.25516
-52,2,252.260162
-52,2,252.265162
-52,2,252.270164
-52,2,252.275165
-52,2,252.280166
-52,2,252.285167
-52,2,252.290168
-52,2,252.295169
-52,2,252.301171
-52,2,252.306171
-52,2,252.312173
-52,2,252.320175
-52,2,252.325176
-52,2,252.331177
-52,2,252.337178
-52,2,252.34218
-52,2,252.347181
-52,2,252.352182
-52,2,252.358183
-52,2,252.363184
-52,2,252.368186
-52,2,252.375187
-52,2,252.380188
-52,2,252.38719
-52,2,252.393191
-52,2,252.398192
-52,2,252.403193
-52,2,252.408194
-52,2,252.414196
-52,2,252.420197
-52,2,252.426198
-52,2,252.4312
-52,2,252.436201
-52,2,252.443202
-52,2,252.448203
-52,2,252.453204
-52,2,252.459206
-52,2,252.464207
-52,2,252.469208
-52,2,252.474209
-52,2,252.47921
-52,2,252.485212
-52,2,252.493213
-52,2,252.498214
-52,2,252.506216
-52,2,252.511218
-52,2,252.516218
-52,2,252.52222
-52,2,252.527221
-52,2,252.533222
-52,2,252.538223
-52,2,252.544225
-52,2,252.549226
-52,2,252.554227
-52,2,252.559228
-52,2,252.565229
-52,2,252.57023
-52,2,252.575232
-52,2,252.581233
-52,2,252.588235
-52,2,252.593235
-52,2,252.598237
-52,2,252.603239
-52,2,252.608239
-52,2,252.61324
-52,2,252.618241
-52,2,252.623242
-52,2,252.628243
-52,2,252.633245
-52,2,252.638245
-52,2,252.643247
-52,2,252.650248
-52,2,252.65625
-52,2,252.661251
-52,2,252.667252
-52,2,252.671776
-52,2,252.676776
-52,2,252.683778
-52,2,252.688779
-52,2,252.69378
-52,2,252.698781
-52,2,252.707783
-52,2,252.712785
-52,2,252.717786
-52,2,252.722787
-52,2,252.730789
-52,2,252.73579
-52,2,252.740791
-52,2,252.745792
-52,2,252.750793
-52,2,252.755794
-52,2,252.761796
-52,2,252.769797
-52,2,252.774798
-52,2,252.779799
-52,2,252.7848
-52,2,252.790802
-52,2,252.796804
-52,2,252.801804
-52,2,252.808806
-52,2,252.815808
-52,2,252.820809
-52,2,252.82581
-52,2,252.831811
-52,2,252.836812
-52,2,252.841813
-52,2,252.846814
-52,2,252.851816
-52,2,252.856817
-52,2,252.861818
-52,2,252.866819
-52,2,252.87482
-52,2,252.879822
-52,2,252.884823
-52,2,252.889824
-52,2,252.894825
-52,2,252.899826
-52,2,252.904827
-52,2,252.909828
-52,2,252.91583
-52,2,252.920831
-52,2,252.926832
-52,2,252.931833
-52,2,252.936835
-52,2,252.941836
-52,2,252.947837
-52,2,252.953838
-52,2,252.958839
-52,2,252.96384
-52,2,252.968842
-52,2,252.973843
-52,2,252.981845
-52,2,252.986846
-52,2,252.991847
-52,2,252.997848
-52,2,253.00285
-52,2,253.007851
-52,2,253.012852
-52,2,253.017853
-52,2,253.022854
-52,2,253.027855
-52,2,253.032856
-52,2,253.037857
-52,2,253.042859
-52,2,253.048859
-52,2,253.053861
-52,2,253.058862
-52,2,253.063863
-52,2,253.068864
-52,2,253.073865
-52,2,253.078866
-52,2,253.083868
-52,2,253.088868
-52,2,253.09687
-52,2,253.103872
-52,2,253.108873
-52,2,253.113874
-52,2,253.118875
-52,2,253.123876
-52,2,253.129878
-52,2,253.134879
-52,2,253.13988
-52,2,253.145881
-52,2,253.150882
-52,2,253.156883
-52,2,253.162886
-52,2,253.167886
-52,2,253.172888
-52,2,253.178889
-52,2,253.183889
-52,2,253.188891
-52,2,253.193892
-52,2,253.198893
-52,2,253.203894
-52,2,253.210896
-52,2,253.215897
-52,2,253.220898
-52,2,253.2259
-52,2,253.2309
-52,2,253.235901
-52,2,253.240902
-52,2,253.248904
-52,2,253.253906
-52,2,253.258906
-52,2,253.263907
-52,2,253.268909
-52,2,253.27391
-52,2,253.278911
-52,2,253.283912
-52,2,253.288913
-52,2,253.293914
-52,2,253.299915
-52,2,253.304917
-52,2,253.309918
-52,2,253.315919
-52,2,253.320921
-52,2,253.327922
-52,2,253.332923
-52,2,253.337924
-52,2,253.342925
-52,2,253.347926
-52,2,253.352927
-52,2,253.357928
-52,2,253.36393
-52,2,253.368931
-53,3,253.377933
-52,2,253.382934
-52,2,253.387935
-52,2,253.394937
-52,2,253.399938
-52,2,253.404939
-52,2,253.412941
-52,2,253.417942
-52,2,253.422943
-52,2,253.427944
-52,2,253.433945
-52,2,253.438946
-52,2,253.444947
-52,2,253.449949
-52,2,253.45495
-52,2,253.460952
-52,2,253.465952
-52,2,253.470954
-52,2,253.475955
-52,2,253.480956
-52,2,253.485957
-52,2,253.490958
-52,2,253.495959
-52,2,253.501961
-52,2,253.506962
-52,2,253.511963
-52,2,253.516964
-52,2,253.521965
-52,2,253.526966
-52,2,253.531968
-52,2,253.536968
-52,2,253.54297
-52,2,253.548971
-52,2,253.553972
-52,2,253.558973
-52,2,253.563974
-52,2,253.568975
-52,2,253.573977
-52,2,253.578978
-52,2,253.583979
-52,2,253.590981
-52,2,253.595981
-52,2,253.602984
-52,2,253.608985
-52,2,253.613986
-52,2,253.618987
-52,2,253.623988
-52,2,253.628989
-52,2,253.63399
-52,2,253.638991
-52,2,253.643992
-52,2,253.651994
-52,2,253.657995
-52,2,253.665997
-52,2,253.670999
-52,2,253.677
-52,2,253.682001
-52,2,253.687002
-52,2,253.692003
-52,2,253.698004
-52,2,253.703006
-52,2,253.708007
-52,2,253.713008
-52,2,253.718009
-52,2,253.72601
-52,2,253.731012
-52,2,253.737014
-52,2,253.742014
-52,2,253.747015
-52,2,253.752017
-52,2,253.758018
-52,2,253.763019
-52,2,253.76902
-52,2,253.774021
-52,2,253.779022
-52,2,253.784023
-52,2,253.789025
-52,2,253.794026
-52,2,253.799027
-52,2,253.805028
-52,2,253.810029
-52,2,253.815031
-52,2,253.820032
-52,2,253.825032
-52,2,253.830034
-52,2,253.835035
-52,2,253.840036
-52,2,253.847037
-52,2,253.852039
-52,2,253.85804
-52,2,253.863041
-54,4,253.872043
-52,2,253.877044
-52,2,253.882045
-52,2,253.887047
-52,2,253.892047
-52,2,253.899049
-52,2,253.904051
-52,2,253.909051
-52,2,253.915053
-52,2,253.920054
-52,2,253.925055
-52,2,253.931057
-52,2,253.936057
-52,2,253.944059
-52,2,253.950061
-52,2,253.956062
-52,2,253.961063
-52,2,253.966064
-52,2,253.971066
-52,2,253.976066
-52,2,253.981068
-52,2,253.986068
-52,2,253.99107
-52,2,253.996071
-52,2,254.001072
-52,2,254.007074
-52,2,254.012074
-52,2,254.017076
-52,2,254.025077
-52,2,254.031079
-52,2,254.036079
-52,2,254.042081
-52,2,254.047082
-52,2,254.052083
-52,2,254.057085
-52,2,254.062085
-52,2,254.067086
-52,2,254.073088
-52,2,254.078089
-52,2,254.083091
-52,2,254.088091
-52,2,254.093093
-52,2,254.098094
-52,2,254.104095
-52,2,254.109096
-52,2,254.114097
-52,2,254.119098
-52,2,254.124099
-52,2,254.130101
-52,2,254.135102
-52,2,254.140103
-52,2,254.145104
-52,2,254.150105
-52,2,254.156106
-52,2,254.161108
-52,2,254.166109
-52,2,254.17111
-52,2,254.176111
-52,2,254.181112
-52,2,254.186113
-52,2,254.191115
-52,2,254.198116
-52,2,254.203117
-52,2,254.209119
-52,2,254.214119
-52,2,254.219121
-52,2,254.225122
-52,2,254.230124
-52,2,254.235124
-52,2,254.240125
-52,2,254.245126
-52,2,254.250127
-52,2,254.255129
-52,2,254.26013
-52,2,254.268131
-52,2,254.273133
-52,2,254.279134
-52,2,254.284135
-52,2,254.289136
-52,2,254.296138
-52,2,254.301139
-52,2,254.30714
-52,2,254.312141
-52,2,254.318143
-52,2,254.324144
-52,2,254.329145
-52,2,254.334146
-52,2,254.339147
-52,2,254.344148
-52,2,254.35215
-52,2,254.357152
-52,2,254.362153
-52,2,254.367153
-52,2,254.375155
-52,2,254.381157
-52,2,254.386158
-52,2,254.391159
-52,2,254.39616
-52,2,254.401161
-52,2,254.407162
-52,2,254.412164
-52,2,254.419165
-52,2,254.425167
-52,2,254.430167
-52,2,254.435169
-52,2,254.443171
-52,2,254.448172
-52,2,254.453174
-52,2,254.458174
-52,2,254.463175
-52,2,254.469176
-52,2,254.474177
-52,2,254.480179
-52,2,254.48518
-52,2,254.491181
-52,2,254.496182
-52,2,254.501184
-52,2,254.507185
-52,2,254.512186
-52,2,254.517188
-52,2,254.522188
-52,2,254.527189
-52,2,254.532191
-52,2,254.537192
-52,2,254.544193
-52,2,254.549195
-52,2,254.554195
-52,2,254.559196
-52,2,254.567198
-52,2,254.572199
-52,2,254.579201
-52,2,254.584205
-52,2,254.589206
-52,2,254.594207
-52,2,254.600209
-52,2,254.60621
-52,2,254.611211
-52,2,254.616212
-52,2,254.621213
-52,2,254.626214
-52,2,254.631216
-52,2,254.636217
-52,2,254.641218
-52,2,254.646219
-52,2,254.65122
-52,2,254.656221
-52,2,254.662222
-52,2,254.667223
-52,2,254.672225
-52,2,254.677226
-52,2,254.682227
-52,2,254.688228
-52,2,254.694229
-52,2,254.69923
-52,2,254.705232
-52,2,254.710233
-52,2,254.715234
-52,2,254.720236
-52,2,254.726237
-52,2,254.731238
-52,2,254.736239
-52,2,254.74124
-52,2,254.747241
-52,2,254.752243
-52,2,254.757243
-52,2,254.762244
-52,2,254.767246
-52,2,254.772247
-52,2,254.777248
-52,2,254.784249
-52,2,254.790251
-52,2,254.795252
-52,2,254.803254
-52,2,254.808255
-52,2,255.615568
-52,2,255.62157
-52,2,255.627571
-52,2,255.632572
-52,2,255.637573
-52,2,255.643574
-52,2,255.649575
-52,2,255.654577
-52,2,255.659578
-52,2,255.664579
-52,2,255.670581
-52,2,255.675581
-52,2,255.680583
-52,2,255.686584
-52,2,255.692585
-52,2,255.697587
-52,2,255.702587
-52,2,255.707589
-52,2,255.71259
-53,3,255.719591
-52,2,255.724592
-52,2,255.729594
-52,2,255.735595
-52,2,255.741596
-52,2,255.746598
-52,2,255.751599
-52,2,255.7566
-52,2,255.761601
-52,2,255.766602
-52,2,255.771603
-52,2,255.776604
-52,2,255.781605
-52,2,255.787606
-52,2,255.792608
-52,2,255.797609
-52,2,255.80461
-52,2,255.810612
-52,2,255.815613
-52,2,255.820614
-52,2,255.826616
-52,2,255.831616
-52,2,255.836618
-52,2,255.841619
-52,2,255.84662
-52,2,255.851621
-52,2,255.857622
-52,2,255.862623
-52,2,255.869625
-52,2,255.874626
-52,2,255.879627
-52,2,255.884628
-52,2,255.889629
-52,2,255.89463
-52,2,255.900632
-52,2,255.906634
-52,2,255.911635
-52,2,255.916635
-52,2,255.923637
-52,2,255.928638
-52,2,255.933639
-52,2,255.938641
-52,2,255.944641
-52,2,255.949643
-52,2,255.954644
-52,2,255.959645
-52,2,255.966646
-52,2,255.971648
-52,2,255.979649
-52,2,255.985651
-52,2,255.993653
-52,2,255.998654
-52,2,256.003655
-52,2,256.009656
-52,2,256.014657
-52,2,256.020658
-52,2,256.02566
-52,2,256.030661
-52,2,256.036663
-52,2,256.041664
-52,2,256.046664
-52,2,256.051666
-52,2,256.057667
-52,2,256.062668
-52,2,256.068669
-52,2,256.073671
-52,2,256.078671
-52,2,256.084673
-52,2,256.090674
-52,2,256.098676
-53,3,256.105678
-52,2,256.110678
-52,2,256.11568
-52,2,256.122681
-52,2,256.127683
-52,2,256.133684
-52,2,256.138685
-52,2,256.143687
-52,2,256.148687
-52,2,256.153689
-52,2,256.159689
-52,2,256.166691
-52,2,256.172693
-52,2,256.177694
-52,2,256.182695
-52,2,256.187696
-52,2,256.193697
-52,2,256.198698
-52,2,256.2037
-52,2,256.2087
-52,2,256.213702
-52,2,256.218703
-52,2,256.223704
-52,2,256.229705
-52,2,256.233706
-52,2,256.239707
-52,2,256.247709
-52,2,256.253711
-52,2,256.259712
-52,2,256.264713
-52,2,256.269714
-52,2,256.274715
-52,2,256.279716
-52,2,256.284717
-52,2,256.289719
-52,2,256.29472
-52,2,256.300721
-52,2,256.305722
-52,2,256.310723
-52,2,256.315724
-52,2,256.320725
-52,2,256.325727
-52,2,256.330728
-52,2,256.337729
-52,2,256.343731
-52,2,256.348732
-52,2,256.356734
-52,2,256.361735
-52,2,256.366736
-52,2,256.372737
-52,2,256.377738
-52,2,256.382739
-52,2,256.38774
-54,4,256.398743
-52,2,256.403744
-52,2,256.408745
-52,2,256.413746
-52,2,256.418747
-52,2,256.423749
-52,2,256.428749
-52,2,256.433751
-52,2,256.438752
-52,2,256.445753
-52,2,256.450754
-52,2,256.455756
-52,2,256.460757
-52,2,256.465758
-52,2,256.471759
-52,2,256.47676
-52,2,256.481762
-52,2,256.486762
-52,2,256.491764
-52,2,256.497765
-52,2,256.502766
-52,2,256.508768
-52,2,256.513769
-52,2,256.51877
-52,2,256.523771
-52,2,256.529772
-52,2,256.535774
-52,2,256.542775
-52,2,256.548776
-52,2,256.553777
-52,2,256.558779
-52,2,256.56378
-52,2,256.569782
-52,2,256.574782
-52,2,256.579783
-52,2,256.585785
-52,2,256.590786
-52,2,256.595787
-52,2,256.600788
-52,2,256.605789
-52,2,256.61079
-52,2,256.616791
-52,2,256.622793
-52,2,256.627794
-52,2,256.632795
-52,2,256.637796
-52,2,256.642797
-52,2,256.648798
-52,2,256.6538
-52,2,256.658801
-52,2,256.663802
-52,2,256.668803
-52,2,256.674804
-52,2,256.680805
-52,2,256.685807
-52,2,256.690808
-52,2,256.695809
-52,2,256.701811
-52,2,256.706812
-52,2,256.711813
-52,2,256.716814
-52,2,256.721815
-52,2,256.726816
-52,2,256.733818
-52,2,256.738819
-52,2,256.74382
-52,2,256.748821
-52,2,256.754822
-52,2,256.759823
-52,2,256.765825
-52,2,256.770826
-52,2,256.776828
-52,2,256.781828
-52,2,256.786829
-52,2,256.793831
-52,2,256.798832
-52,2,256.803834
-52,2,256.808834
-52,2,256.814836
-52,2,256.819837
-52,2,256.826838
-52,2,256.83184
-52,2,256.836841
-52,2,256.841842
-52,2,256.846843
-52,2,256.851844
-52,2,256.856845
-52,2,256.862847
-52,2,256.867847
-52,2,256.872849
-52,2,256.87985
-52,2,256.884851
-52,2,256.889853
-52,2,256.894854
-52,2,256.899855
-52,2,256.904856
-52,2,256.909857
-52,2,256.914858
-52,2,256.920859
-52,2,256.92586
-52,2,256.930862
-52,2,256.936863
-52,2,256.941864
-52,2,256.946866
-52,2,256.952866
-52,2,256.957959
-52,2,256.962981
-52,2,256.967982
-52,2,256.975983
-52,2,256.982985
-52,2,256.987986
-52,2,256.993988
-52,2,256.998989
-52,2,257.00399
-52,2,257.009991
-52,2,257.014992
-52,2,257.019993
-52,2,257.024995
-52,2,257.031996
-52,2,257.037998
-52,2,257.042999
-52,2,257.05
-52,2,257.055001
-52,2,257.062003
-52,2,257.068004
-52,2,257.073005
-52,2,257.078006
-52,2,257.083008
-52,2,257.088008
-52,2,257.09601
-52,2,257.101011
-52,2,257.106013
-52,2,257.111013
-52,2,257.116015
-52,2,257.121016
-52,2,257.126017
-52,2,257.132019
-52,2,257.13702
-52,2,257.142021
-52,2,257.148022
-52,2,257.154023
-52,2,257.160024
-52,2,257.165026
-52,2,257.170027
-52,2,257.177028
-52,2,257.18203
-52,2,257.18803
-52,2,257.193032
-52,2,257.198034
-52,2,257.203035
-52,2,257.208035
-52,2,257.214037
-52,2,257.219038
-52,2,257.226039
-52,2,257.23104
-52,2,257.236042
-52,2,257.241043
-52,2,257.247044
-52,2,257.252045
-52,2,257.258046
-52,2,257.263047
-52,2,257.270049
-52,2,257.275051
-52,2,257.280051
-52,2,257.285052
-52,2,257.291054
-52,2,257.296055
-52,2,257.301056
-52,2,257.307057
-52,2,257.312059
-52,2,257.31706
-52,2,257.322061
-52,2,257.327062
-52,2,257.332063
-52,2,257.337064
-52,2,257.342066
-52,2,257.348066
-52,2,257.353068
-52,2,257.358068
-52,2,257.36307
-52,2,257.368071
-52,2,257.373072
-52,2,257.380074
-52,2,257.385075
-52,2,257.390076
-52,2,257.395077
-52,2,257.400078
-52,2,257.40508
-52,2,257.41008
-52,2,257.415082
-52,2,257.420083
-52,2,257.425084
-52,2,257.432086
-52,2,257.437087
-52,2,257.442088
-52,2,257.447089
-52,2,257.45209
-52,2,257.457091
-52,2,257.462092
-52,2,257.467093
-52,2,257.473094
-52,2,257.478096
-52,2,257.483097
-52,2,257.490098
-52,2,257.4951
-52,2,257.5001
-52,2,257.505102
-52,2,257.510103
-52,2,257.515104
-52,2,257.520106
-52,2,257.526106
-52,2,257.531107
-52,2,257.536108
-52,2,257.54211
-52,2,257.547111
-52,2,257.552112
-52,2,257.557113
-52,2,257.562114
-52,2,257.567115
-52,2,257.575117
-52,2,257.580119
-52,2,257.58712
-52,2,257.592121
-52,2,257.597122
-52,2,257.604124
-52,2,257.609125
-52,2,257.614126
-52,2,257.619127
-52,2,257.624129
-52,2,257.629129
-52,2,257.63513
-52,2,257.643133
-52,2,257.648134
-52,2,257.653135
-52,2,257.658136
-52,2,257.663137
-52,2,257.669138
-52,2,257.67614
-52,2,257.681141
-52,2,257.688142
-52,2,257.693143
-52,2,257.698145
-52,2,257.703146
-52,2,257.709147
-52,2,257.714149
-52,2,257.719149
-52,2,257.724151
-52,2,257.729151
-52,2,257.734153
-52,2,257.739154
-52,2,257.744155
-52,2,257.749156
-52,2,257.754157
-52,2,257.759158
-52,2,257.764159
-52,2,257.770161
-52,2,257.775162
-52,2,257.780163
-52,2,257.785164
-52,2,257.790165
-52,2,257.797167
-52,2,257.802168
-52,2,257.807169
-52,2,257.81217
-52,2,257.818172
-52,2,257.823172
-52,2,257.828174
-52,2,257.833175
-52,2,257.840176
-52,2,257.846178
-52,2,257.851179
-52,2,257.85618
-52,2,257.861181
-52,2,257.869183
-52,2,257.874184
-52,2,257.882186
-52,2,257.887187
-52,2,257.892188
-52,2,257.898189
-52,2,257.90319
-52,2,257.911192
-52,2,257.916193
-52,2,257.921194
-52,2,257.926195
-52,2,257.931196
-52,2,257.937198
-52,2,257.942199
-52,2,257.9482
-52,2,257.953202
-52,2,257.958203
-52,2,257.963204
-52,2,257.968205
-53,3,257.976207
-52,2,257.981208
-52,2,257.986209
-52,2,257.99121
-52,2,257.997211
-52,2,258.002213
-52,2,258.007214
-52,2,258.012215
-52,2,258.017216
-52,2,258.022217
-52,2,258.027218
-52,2,258.032219
-52,2,258.037221
-52,2,258.043221
-52,2,258.048223
-52,2,258.053224
-52,2,258.058225
-52,2,258.063226
-52,2,258.068227
-52,2,258.073229
-52,2,258.08123
-52,2,258.087231
-52,2,258.092233
-52,2,258.098234
-52,2,258.103235
-52,2,258.110236
-52,2,258.117238
-52,2,258.122239
-52,2,258.12724
-52,2,258.134242
-52,2,258.139243
-52,2,258.147245
-52,2,258.152246
-52,2,258.157247
-52,2,258.162248
-52,2,258.167249
-52,2,258.173251
-54,4,258.183253
-52,2,258.188254
-52,2,258.193255
-52,2,258.198256
-52,2,258.203257
-52,2,258.208258
-52,2,258.21326
-52,2,258.218261
-52,2,258.226263
-52,2,258.233264
-52,2,258.238265
-52,2,258.243266
-52,2,258.252269
-52,2,258.257269
-52,2,258.26227
-52,2,258.270272
-52,2,258.275273
-52,2,258.282275
-52,2,258.289277
-52,2,258.295278
-52,2,258.300279
-52,2,258.30528
-52,2,258.310281
-52,2,258.315282
-52,2,258.320283
-52,2,258.325284
-52,2,258.33041
-52,2,258.335412
-52,2,258.340413
-52,2,258.345414
-52,2,258.350415
-52,2,258.357417
-52,2,258.362418
-52,2,258.367419
-52,2,258.37342
-52,2,258.378421
-52,2,258.383423
-52,2,258.388423
-52,2,258.394425
-52,2,258.399426
-52,2,258.405427
-52,2,258.411429
-52,2,258.41743
-52,2,258.422431
-52,2,258.427432
-52,2,258.432434
-52,2,258.437434
-52,2,258.442436
-52,2,258.447437
-52,2,258.453438
-52,2,258.458439
-52,2,258.46344
-52,2,258.468442
-52,2,258.473443
-52,2,258.479444
-52,2,258.484445
-52,2,258.489446
-52,2,258.494447
-52,2,258.501449
-52,2,258.50645
-52,2,258.511451
-52,2,258.517452
-52,2,258.523454
-52,2,258.528455
-52,2,258.533456
-52,2,258.538457
-52,2,258.543458
-52,2,258.549459
-52,2,258.554461
-52,2,258.559462
-52,2,258.564463
-52,2,258.569464
-52,2,258.574465
-52,2,258.579466
-52,2,258.585468
-52,2,258.59247
-52,2,258.59747
-52,2,258.602472
-52,2,258.607472
-52,2,258.612474
-52,2,258.617475
-52,2,258.622476
-52,2,258.628477
-52,2,258.633478
-52,2,258.638479
-52,2,258.64348
-52,2,258.649482
-52,2,258.654483
-52,2,258.659484
-52,2,258.664486
-52,2,258.669487
-52,2,258.674488
-52,2,258.679489
-52,2,258.68749
-52,2,258.692492
-52,2,258.697493
-52,2,258.702494
-52,2,258.707495
-52,2,258.713496
-52,2,258.719497
-52,2,258.725499
-52,2,258.730502
-52,2,258.735503
-52,2,258.740504
-53,3,258.747506
-52,2,258.752507
-52,2,258.758508
-52,2,258.76351
-52,2,258.768511
-52,2,258.773512
-52,2,258.781513
-52,2,258.786515
-52,2,258.794516
-52,2,258.799517
-52,2,258.804519
-52,2,258.81052
-52,2,258.815521
-52,2,258.821522
-52,2,258.826524
-52,2,258.831525
-52,2,258.836526
-52,2,258.841527
-52,2,258.847528
-52,2,258.85253
-52,2,258.85753
-52,2,258.862532
-52,2,258.867533
-52,2,258.872534
-52,2,258.877535
-52,2,258.882536
-52,2,258.888538
-52,2,258.893539
-52,2,258.89854
-52,2,258.903541
-52,2,258.908542
-52,2,258.915543
-52,2,258.920545
-52,2,258.925545
-52,2,258.931547
-52,2,258.936548
-52,2,258.941549
-52,2,258.94755
-52,2,258.952552
-52,2,258.957553
-52,2,258.962554
-52,2,258.967555
-52,2,258.972556
-52,2,258.980558
-52,2,258.98656
-52,2,258.99156
-52,2,258.998562
-52,2,259.003563
-52,2,259.008564
-52,2,259.013565
-52,2,259.018566
-52,2,259.023567
-52,2,259.029569
-52,2,259.03457
-52,2,259.039571
-52,2,259.044572
-52,2,259.049573
-52,2,259.054575
-52,2,259.059575
-52,2,259.067577
-52,2,259.072579
-52,2,259.077579
-52,2,259.083581
-52,2,259.088582
-52,2,259.093583
-52,2,259.098584
-52,2,259.103586
-52,2,259.109586
-52,2,259.114588
-52,2,259.119589
-52,2,259.12459
-52,2,259.130591
-52,2,259.136593
-52,2,259.141594
-52,2,259.147595
-52,2,259.152596
-52,2,259.157598
-52,2,259.162599
-52,2,259.1676
-52,2,259.172601
-52,2,259.177602
-52,2,259.182603
-52,2,259.188604
-52,2,259.194606
-52,2,259.199607
-52,2,259.204608
-52,2,259.211609
-52,2,259.216611
-52,2,259.221611
-52,2,259.226613
-52,2,259.231614
-52,2,259.237615
-52,2,259.242616
-52,2,259.247617
-52,2,259.252619
-52,2,259.25762
-52,2,259.262621
-52,2,259.267622
-52,2,259.272624
-52,2,259.277624
-52,2,259.282625
-52,2,259.287627
-52,2,259.292628
-52,2,259.300629
-52,2,259.30663
-52,2,259.311632
-52,2,259.316633
-52,2,259.322635
-52,2,259.327636
-52,2,259.333637
-52,2,259.338638
-52,2,259.343639
-52,2,259.34864
-52,2,259.353641
-52,2,259.358642
-52,2,259.363643
-52,2,259.368645
-52,2,259.374646
-52,2,259.379647
-52,2,259.384648
-52,2,259.389649
-52,2,259.39465
-52,2,259.399651
-52,2,259.406653
-52,2,259.412654
-52,2,259.417655
-52,2,259.422657
-52,2,259.428658
-52,2,259.433659
-52,2,259.43866
-52,2,259.443661
-52,2,259.448662
-52,2,259.453664
-52,2,259.458664
-52,2,259.463665
-52,2,259.468667
-52,2,259.473668
-52,2,259.479669
-52,2,259.484671
-52,2,259.489671
-52,2,259.494673
-52,2,259.500674
-52,2,259.505675
-52,2,259.510676
-53,3,259.517678
-52,2,259.524679
-52,2,259.52968
-52,2,259.535682
-52,2,259.542683
-52,2,259.549685
-52,2,259.554686
-52,2,259.559687
-52,2,259.564688
-52,2,259.56969
-52,2,259.574691
-52,2,259.579692
-52,2,259.584693
-52,2,259.589694
-52,2,259.594695
-52,2,259.600696
-52,2,259.605697
-52,2,259.610813
-52,2,259.615814
-52,2,259.620815
-52,2,259.626816
-52,2,259.631817
-52,2,259.636819
-52,2,259.64182
-52,2,259.648821
-52,2,259.653822
-52,2,259.658823
-52,2,259.663825
-52,2,259.668826
-52,2,259.673827
-52,2,259.679828
-52,2,259.68783
-52,2,259.692831
-52,2,259.699833
-52,2,259.704834
-52,2,259.709835
-52,2,259.715836
-52,2,259.720838
-52,2,259.725838
-52,2,259.730839
-52,2,259.738842
-52,2,259.743842
-52,2,259.748843
-53,3,259.755845
-52,2,259.760846
-52,2,259.765847
-52,2,259.770848
-52,2,259.77585
-52,2,259.780851
-52,2,259.785852
-52,2,259.790853
-52,2,259.796854
-52,2,259.801855
-52,2,259.806857
-52,2,259.811857
-52,2,259.817859
-52,2,259.82286
-53,3,259.829861
-52,2,259.834863
-52,2,259.841864
-52,2,259.846865
-52,2,259.851866
-52,2,259.856868
-52,2,259.862869
-52,2,259.86787
-52,2,259.872871
-52,2,259.877872
-52,2,259.882874
-52,2,259.887875
-52,2,259.894876
-52,2,259.899877
-52,2,259.904879
-52,2,259.909879
-52,2,259.914881
-52,2,259.919882
-52,2,259.924883
-52,2,259.929884
-52,2,259.934885
-52,2,259.940886
-52,2,259.945887
-52,2,259.950889
-52,2,259.95589
-52,2,259.961891
-52,2,259.966892
-52,2,259.971893
-52,2,259.976895
-52,2,259.981895
-52,2,259.988897
-52,2,259.993898
-52,2,259.998899
-52,2,260.003901
-52,2,260.009902
-52,2,260.014903
-52,2,260.019904
-52,2,260.024906
-52,2,260.029906
-52,2,260.035908
-52,2,260.040909
-52,2,260.04791
-52,2,260.052912
-52,2,260.058913
-52,2,260.063914
-52,2,260.069916
-52,2,260.074917
-52,2,260.079917
-52,2,260.084919
-52,2,260.08992
-52,2,260.094921
-52,2,260.099922
-52,2,260.105923
-52,2,260.111925
-52,2,260.116926
-52,2,260.122927
-52,2,260.128928
-52,2,260.133929
-52,2,260.138931
-52,2,260.143932
-52,2,260.148933
-52,2,260.153934
-52,2,260.158935
-52,2,260.163936
-52,2,260.169938
-52,2,260.174939
-52,2,260.17994
-52,2,260.184941
-52,2,260.190942
-52,2,260.195943
-52,2,260.200944
-52,2,260.205946
-52,2,260.210947
-52,2,260.215948
-52,2,260.220949
-52,2,260.22595
-52,2,260.231951
-52,2,260.236953
-52,2,260.241954
-52,2,260.246955
-52,2,260.254957
-52,2,260.259958
-52,2,260.265959
-52,2,260.27096
-52,2,260.275961
-52,2,260.280962
-52,2,260.285963
-52,2,260.290964
-52,2,260.29549
-52,2,260.301487
-52,2,260.307488
-52,2,260.312489
-52,2,260.317491
-52,2,260.323492
-52,2,260.329493
-52,2,260.334494
-52,2,260.339495
-52,2,260.344496
-52,2,260.349497
-52,2,260.356499
-52,2,260.3625
-52,2,260.368502
-52,2,260.373503
-52,2,260.378504
-52,2,260.383506
-52,2,260.390507
-52,2,260.396508
-52,2,260.402509
-52,2,260.40851
-52,2,260.414512
-52,2,260.419513
-52,2,260.424514
-52,2,260.430516
-56,6,260.443519
-52,2,260.448519
-52,2,260.453522
-52,2,260.459522
-52,2,260.465523
-52,2,260.470525
-52,2,260.478526
-52,2,260.483528
-52,2,260.491529
-52,2,260.49753
-52,2,260.504532
-52,2,260.509533
-52,2,260.514534
-52,2,260.519536
-52,2,260.524537
-52,2,260.529538
-52,2,260.534539
-52,2,260.54054
-52,2,260.545542
-52,2,260.551543
-52,2,260.556544
-52,2,260.561545
-52,2,260.566546
-52,2,260.571547
-52,2,260.576548
-52,2,260.581549
-52,2,260.589551
-52,2,260.595553
-52,2,260.600554
-52,2,260.605555
-52,2,260.610556
-52,2,260.615557
-52,2,260.620558
-52,2,260.625559
-52,2,260.630561
-52,2,260.635561
-52,2,260.640563
-52,2,260.645564
-52,2,260.650565
-52,2,260.655566
-52,2,260.660567
-52,2,260.667568
-52,2,260.67357
-52,2,260.678571
-52,2,260.683573
-52,2,260.688573
-52,2,260.693574
-52,2,260.698575
-52,2,260.703577
-52,2,260.708578
-52,2,260.71658
-52,2,260.723581
-52,2,260.729582
-52,2,260.734583
-52,2,260.740585
-52,2,260.745586
-52,2,260.750587
-52,2,260.755589
-52,2,260.76359
-52,2,260.768591
-52,2,260.773593
-52,2,260.778593
-52,2,260.783595
-52,2,260.790596
-52,2,260.797597
-52,2,260.802599
-52,2,260.8076
-52,2,260.813601
-52,2,260.818602
-52,2,260.823604
-52,2,260.831605
-53,3,260.838607
-52,2,260.843608
-52,2,260.848609
-52,2,260.853611
-52,2,260.858611
-52,2,260.863612
-52,2,260.869614
-52,2,260.874615
-52,2,260.879616
-52,2,260.884617
-52,2,260.889618
-52,2,260.894619
-52,2,260.89962
-52,2,260.905622
-52,2,260.911623
-52,2,260.916624
-52,2,260.921625
-52,2,260.927627
-52,2,260.932628
-52,2,260.938629
-52,2,260.94363
-52,2,260.948631
-52,2,260.954633
-52,2,260.962635
-52,2,260.967636
-52,2,260.973637
-52,2,260.981638
-52,2,260.98664
-52,2,260.991641
-52,2,260.996642
-52,2,261.002643
-52,2,261.007644
-52,2,261.012646
-52,2,261.018647
-52,2,261.023648
-52,2,261.029649
-52,2,261.03465
-52,2,261.039652
-52,2,261.044653
-52,2,261.049654
-52,2,261.054655
-52,2,261.059656
-52,2,261.064657
-52,2,261.069659
-52,2,261.074659
-52,2,261.081661
-52,2,261.088663
-52,2,261.093663
-52,2,261.099665
-52,2,261.104666
-52,2,261.109667
-52,2,261.115669
-52,2,261.12067
-52,2,261.125671
-52,2,261.130672
-52,2,261.135673
-52,2,261.938965
-52,2,261.944967
-52,2,261.949968
-52,2,261.955969
-52,2,261.96097
-52,2,261.966971
-52,2,261.971972
-55,5,261.983975
-52,2,261.989977
-52,2,261.994978
-52,2,261.999979
-52,2,262.004981
-52,2,262.009981
-52,2,262.014982
-52,2,262.020984
-52,2,262.025985
-52,2,262.032986
-52,2,262.038988
-52,2,262.043988
-52,2,262.04899
-52,2,262.053991
-52,2,262.058992
-52,2,262.064993
-52,2,262.070995
-52,2,262.075996
-52,2,262.080997
-52,2,262.086
-52,2,262.092002
-52,2,262.097003
-52,2,262.102005
-52,2,262.109006
-52,2,262.114007
-52,2,262.120008
-52,2,262.12501
-52,2,262.13001
-52,2,262.135012
-52,2,262.140013
-52,2,262.145014
-52,2,262.150015
-52,2,262.157017
-52,2,262.163018
-52,2,262.169019
-52,2,262.174021
-52,2,262.179021
-52,2,262.184023
-52,2,262.191024
-52,2,262.196026
-52,2,262.201026
-52,2,262.206028
-52,2,262.211029
-52,2,262.21703
-52,2,262.222031
-52,2,262.227032
-52,2,262.232033
-52,2,262.237035
-52,2,262.244036
-52,2,262.249037
-52,2,262.254038
-52,2,262.26004
-52,2,262.26504
-52,2,262.272042
-52,2,262.278044
-52,2,262.283045
-52,2,262.289046
-52,2,262.295047
-52,2,262.300048
-52,2,262.30505
-52,2,262.310051
-52,2,262.315052
-52,2,262.322053
-52,2,262.327055
-52,2,262.332056
-52,2,262.337057
-52,2,262.342058
-52,2,262.347059
-52,2,262.35306
-52,2,262.358061
-52,2,262.363063
-52,2,262.368063
-52,2,262.374065
-52,2,262.379066
-52,2,262.384067
-52,2,262.390069
-52,2,262.39507
-52,2,262.400071
-52,2,262.405072
-52,2,262.410073
-52,2,262.416075
-52,2,262.421076
-52,2,262.426077
-52,2,262.431078
-52,2,262.436078
-52,2,262.44308
-52,2,262.449082
-52,2,262.455083
-52,2,262.460084
-52,2,262.465085
-52,2,262.470087
-52,2,262.476088
-52,2,262.48209
-52,2,262.488091
-52,2,262.493092
-52,2,262.498093
-52,2,262.503093
-52,2,262.510095
-52,2,262.515096
-52,2,262.520097
-52,2,262.526099
-52,2,262.532101
-52,2,262.537101
-52,2,262.543103
-52,2,262.550104
-52,2,262.555105
-52,2,262.560107
-52,2,262.565108
-52,2,262.570108
-52,2,262.57611
-52,2,262.581111
-52,2,262.587112
-52,2,262.592113
-52,2,262.597115
-52,2,262.602116
-52,2,262.608117
-52,2,262.614119
-52,2,262.619119
-52,2,262.624121
-52,2,262.631123
-52,2,262.636124
-52,2,262.641124
-52,2,262.647126
-52,2,262.652127
-52,2,262.657128
-52,2,262.662129
-52,2,262.66713
-52,2,262.672131
-52,2,262.679133
-52,2,262.686135
-52,2,262.691136
-52,2,262.696137
-52,2,262.701138
-52,2,262.70614
-52,2,262.71214
-52,2,262.717142
-52,2,262.722142
-52,2,262.727144
-52,2,262.732145
-52,2,262.737146
-52,2,262.743147
-52,2,262.748148
-52,2,262.75315
-52,2,262.758151
-52,2,262.764152
-52,2,262.769153
-52,2,262.774155
-52,2,262.779155
-52,2,262.785157
-52,2,262.790158
-52,2,262.797159
-52,2,262.803161
-52,2,262.811162
-52,2,262.816164
-52,2,262.821165
-52,2,262.826166
-52,2,262.831167
-52,2,262.838168
-52,2,262.84317
-52,2,262.848171
-52,2,262.854172
-52,2,262.859173
-52,2,262.864175
-52,2,262.869175
-52,2,262.877177
-52,2,262.882178
-52,2,262.887179
-52,2,262.893181
-52,2,262.898182
-52,2,262.903183
-52,2,262.908184
-52,2,262.913185
-52,2,262.919187
-52,2,262.924188
-52,2,262.929189
-52,2,262.93419
-52,2,262.941191
-52,2,262.947193
-52,2,262.952194
-52,2,262.957195
-52,2,262.963197
-52,2,262.971198
-52,2,262.976199
-52,2,262.9812
-52,2,262.986202
-52,2,262.994204
-52,2,262.999204
-52,2,263.007206
-52,2,263.012208
-52,2,263.017209
-52,2,263.02321
-52,2,263.028737
-52,2,263.033738
-52,2,263.04074
-52,2,263.045741
-52,2,263.051743
-52,2,263.056744
-52,2,263.062744
-52,2,263.069746
-52,2,263.075747
-52,2,263.081748
-52,2,263.08675
-52,2,263.091751
-52,2,263.097752
-52,2,263.103754
-52,2,263.108755
-52,2,263.113756
-52,2,263.118757
-52,2,263.123758
-52,2,263.128759
-52,2,263.13376
-52,2,263.138761
-52,2,263.145763
-52,2,263.150764
-52,2,263.155765
-52,2,263.160766
-52,2,263.166768
-52,2,263.171769
-52,2,263.17677
-52,2,263.182771
-52,2,263.187772
-52,2,263.192773
-52,2,263.198775
-52,2,263.204776
-52,2,263.209777
-53,3,263.216779
-52,2,263.22178
-52,2,263.227781
-52,2,263.232782
-52,2,263.237783
-52,2,263.242785
-52,2,263.247786
-52,2,263.252787
-52,2,263.257788
-52,2,263.262789
-52,2,263.26879
-52,2,263.273792
-52,2,263.278793
-52,2,263.283794
-52,2,263.290795
-54,4,263.300798
-52,2,263.306799
-52,2,263.3118
-52,2,263.316801
-52,2,263.323803
-52,2,263.329804
-52,2,263.334805
-52,2,263.339807
-52,2,263.344808
-52,2,263.349808
-52,2,263.35581
-52,2,263.362811
-52,2,263.367812
-52,2,263.373814
-52,2,263.378815
-52,2,263.385817
-52,2,263.390817
-52,2,263.396819
-52,2,263.401821
-52,2,263.406821
-52,2,263.411822
-52,2,263.417824
-52,2,263.422825
-52,2,263.427826
-52,2,263.433827
-52,2,263.438828
-52,2,263.443829
-52,2,263.448831
-52,2,263.456833
-52,2,263.461833
-52,2,263.466835
-52,2,263.471836
-52,2,263.476837
-52,2,263.481838
-52,2,263.487839
-52,2,263.49284
-52,2,263.500843
-53,3,263.507844
-54,4,263.517846
-52,2,263.522847
-52,2,263.527848
-52,2,263.53385
-52,2,263.539851
-52,2,263.544852
-52,2,263.551854
-52,2,263.556855
-52,2,263.561856
-52,2,263.566857
-52,2,263.571858
-52,2,263.576859
-52,2,263.58186
-52,2,263.587862
-52,2,263.592863
-52,2,263.597864
-52,2,263.602865
-52,2,263.609867
-52,2,263.616868
-52,2,263.622869
-52,2,263.627871
-52,2,263.632871
-52,2,263.638873
-52,2,263.644875
-52,2,263.649875
-52,2,263.654877
-52,2,263.660878
-52,2,263.665879
-52,2,263.67088
-52,2,263.675881
-52,2,263.680882
-52,2,263.685884
-52,2,263.691885
-52,2,263.698886
-52,2,263.703887
-52,2,263.710889
-52,2,263.71589
-52,2,263.720891
-52,2,263.725892
-52,2,263.730893
-52,2,263.735894
-52,2,263.741896
-52,2,263.746897
-52,2,263.751898
-52,2,263.756899
-52,2,263.7619
-52,2,263.766902
-52,2,263.771903
-52,2,263.777904
-52,2,263.784905
-52,2,263.789907
-52,2,263.794908
-52,2,263.799909
-52,2,263.804911
-52,2,263.809911
-52,2,263.817913
-52,2,263.822914
-52,2,263.827915
-52,2,263.832916
-52,2,263.837918
-52,2,263.842918
-52,2,263.84892
-52,2,263.854922
-52,2,263.859922
-53,3,263.866924
-52,2,263.873925
-52,2,263.878927
-52,2,263.883928
-52,2,263.889929
-52,2,263.894931
-52,2,263.899931
-52,2,263.904933
-52,2,263.909933
-52,2,263.915935
-52,2,263.920936
-52,2,263.925937
-52,2,263.930938
-52,2,263.935939
-52,2,263.943941
-52,2,263.949943
-52,2,263.954944
-52,2,263.959944
-52,2,263.965946
-52,2,263.970947
-54,4,263.98195
-52,2,263.986951
-52,2,263.993952
-54,4,264.003954
-52,2,264.009956
-52,2,264.015957
-52,2,264.020958
-52,2,264.025959
-52,2,264.030961
-52,2,264.035961
-52,2,264.040963
-52,2,264.045964
-52,2,264.050965
-52,2,264.056967
-52,2,264.061967
-52,2,264.066969
-52,2,264.07197
-52,2,264.077971
-52,2,264.083972
-52,2,264.088974
-52,2,264.093975
-52,2,264.098976
-52,2,264.103977
-52,2,264.110978
-52,2,264.11798
-52,2,264.122981
-52,2,264.128982
-52,2,264.133983
-52,2,264.138984
-52,2,264.143986
-52,2,264.148987
-52,2,264.153988
-52,2,264.158989
-52,2,264.16499
-52,2,264.170992
-52,2,264.175993
-52,2,264.180994
-52,2,264.186995
-52,2,264.191997
-52,2,264.198998
-52,2,264.203999
-52,2,264.209
-52,2,264.216002
-52,2,264.221003
-52,2,264.226004
-52,2,264.231005
-52,2,264.236006
-52,2,264.241007
-52,2,264.247009
-52,2,264.25201
-52,2,264.257011
-52,2,264.265013
-52,2,264.272014
-52,2,264.277015
-52,2,264.282016
-52,2,264.287018
-52,2,264.294019
-52,2,264.30002
-52,2,264.306022
-52,2,264.311023
-52,2,264.316024
-52,2,264.321025
-52,2,264.326026
-52,2,264.333028
-52,2,264.339029
-52,2,264.34403
-52,2,264.349031
-52,2,264.354034
-52,2,264.359034
-52,2,264.365035
-52,2,264.370036
-52,2,264.375037
-52,2,264.380038
-52,2,264.38504
-52,2,264.392041
-52,2,264.398042
-52,2,264.403044
-52,2,264.409045
-52,2,264.414046
-52,2,264.419047
-52,2,264.424048
-52,2,264.43205
-52,2,264.437051
-52,2,264.443052
-52,2,264.448054
-52,2,264.453055
-52,2,264.461056
-52,2,264.466058
-52,2,264.471059
-52,2,264.47606
-52,2,264.481061
-52,2,264.487062
-52,2,264.492064
-52,2,264.497065
-52,2,264.502066
-52,2,264.507067
-52,2,264.513068
-52,2,264.518069
-52,2,264.52307
-52,2,264.528071
-52,2,264.535074
-52,2,264.543074
-52,2,264.548076
-52,2,264.553077
-52,2,264.559078
-52,2,264.56508
-52,2,264.570081
-52,2,264.575082
-52,2,264.583084
-52,2,264.588085
-52,2,264.593086
-52,2,264.598087
-52,2,264.603088
-52,2,264.608089
-52,2,264.614091
-52,2,264.621092
-52,2,264.628094
-52,2,264.633219
-52,2,264.639216
-52,2,264.644217
-52,2,264.649219
-52,2,264.65622
-52,2,264.662221
-52,2,264.668223
-52,2,264.673224
-52,2,264.678225
-52,2,264.683226
-52,2,264.688227
-52,2,264.694229
-52,2,264.69923
-52,2,264.704231
-52,2,264.709232
-52,2,264.715234
-52,2,264.720235
-52,2,264.728236
-52,2,264.733237
-52,2,264.738239
-52,2,264.74424
-52,2,264.749241
-52,2,264.754242
-52,2,264.759243
-52,2,264.765245
-52,2,264.770246
-52,2,264.776247
-52,2,264.781248
-52,2,264.786249
-52,2,264.79125
-52,2,264.796252
-52,2,264.802253
-52,2,264.807254
-52,2,264.813255
-52,2,264.818256
-52,2,264.823257
-55,5,264.835261
-52,2,264.840261
-52,2,264.846263
-52,2,264.853265
-52,2,264.858265
-52,2,264.863267
-52,2,264.868267
-52,2,264.874269
-52,2,264.87927
-52,2,264.884271
-52,2,264.889273
-52,2,264.894273
-53,3,264.902275
-52,2,264.907276
-52,2,264.912277
-52,2,264.918279
-52,2,264.92328
-52,2,264.928281
-52,2,264.935282
-52,2,264.941284
-52,2,264.946285
-52,2,264.951286
-52,2,264.956287
-52,2,264.961288
-52,2,264.96629
-52,2,264.974291
-52,2,264.981293
-52,2,264.988294
-52,2,264.993295
-52,2,265.000297
-52,2,265.005298
-52,2,265.010299
-52,2,265.0163
-52,2,265.022302
-52,2,265.028303
-52,2,265.035305
-52,2,265.041306
-52,2,265.046307
-52,2,265.053309
-54,4,265.064312
-52,2,265.069312
-52,2,265.074314
-52,2,265.081315
-52,2,265.086316
-52,2,265.091317
-52,2,265.096319
-52,2,265.10232
-52,2,265.107321
-52,2,265.112323
-52,2,265.120324
-52,2,265.125325
-52,2,265.131326
-52,2,265.136327
-52,2,265.141329
-52,2,265.14733
-52,2,265.152331
-52,2,265.157332
-52,2,265.162333
-52,2,265.167335
-52,2,265.172335
-53,3,265.180337
-52,2,265.185339
-52,2,265.190339
-52,2,265.195341
-52,2,265.200341
-52,2,265.206343
-52,2,265.211344
-52,2,265.216345
-52,2,265.224347
-52,2,265.229348
-52,2,265.234349
-52,2,265.23935
-52,2,265.245352
-52,2,265.250353
-52,2,265.255354
-52,2,265.260355
-52,2,265.265356
-52,2,265.270357
-52,2,265.276358
-52,2,265.28136
-52,2,265.286361
-52,2,265.291362
-52,2,265.296363
-52,2,265.301364
-52,2,265.306365
-52,2,265.312366
-52,2,265.317368
-52,2,265.324369
-52,2,265.330371
-52,2,265.336373
-52,2,265.341373
-52,2,265.347375
-52,2,265.352376
-52,2,265.357377
-52,2,265.363378
-52,2,265.369379
-52,2,265.37438
-52,2,265.379381
-52,2,265.385383
-52,2,265.391384
-52,2,265.398386
-52,2,265.403388
-52,2,265.410388
-52,2,265.41539
-52,2,265.420391
-52,2,265.425392
-52,2,265.430393
-52,2,265.436394
-52,2,265.443396
-52,2,265.448397
-52,2,265.455399
-52,2,265.460399
-52,2,265.465401
-52,2,265.470402
-52,2,265.476403
-52,2,265.481404
-52,2,265.486405
-52,2,265.492407
-52,2,265.497408
-52,2,265.502409
-52,2,265.50741
-52,2,265.512412
-52,2,265.517413
-52,2,265.523414
-52,2,265.528415
-52,2,265.533416
-52,2,265.538417
-52,2,265.545419
-52,2,265.55142
-52,2,265.556421
-52,2,265.561422
-52,2,265.566423
-52,2,265.571424
-52,2,265.577426
-52,2,265.582427
-52,2,265.589429
-52,2,265.594429
-52,2,265.602431
-52,2,265.607433
-52,2,265.612433
-52,2,265.618435
-52,2,265.623436
-52,2,265.628437
-52,2,265.633438
-52,2,265.63944
-52,2,265.645441
-52,2,265.650442
-52,2,265.656443
-52,2,265.661444
-52,2,265.666445
-52,2,265.672447
-52,2,265.677449
-52,2,265.68345
-52,2,265.68845
-52,2,265.693452
-52,2,265.698453
-52,2,265.703454
-52,2,265.708455
-52,2,265.715456
-52,2,265.721458
-52,2,265.726459
-52,2,265.73146
-52,2,265.736461
-52,2,265.741462
-52,2,265.747464
-52,2,265.752465
-52,2,265.758466
-52,2,265.763467
-52,2,265.768468
-52,2,265.773469
-52,2,265.778471
-52,2,265.783472
-52,2,265.788473
-52,2,265.793474
-52,2,265.799476
-52,2,265.804476
-52,2,265.809477
-52,2,265.814479
-52,2,265.81948
-52,2,265.824481
-52,2,265.831482
-52,2,265.836484
-52,2,265.841485
-52,2,265.846486
-52,2,265.851487
-52,2,265.857488
-52,2,265.86249
-52,2,265.867491
-52,2,265.872491
-54,4,265.882494
-52,2,265.887495
-52,2,265.892496
-52,2,265.897497
-52,2,265.902498
-52,2,265.9075
-52,2,265.913501
-52,2,265.918502
-52,2,265.926504
-52,2,265.931505
-52,2,265.936506
-52,2,265.941507
-52,2,265.947509
-52,2,265.952509
-52,2,265.95751
-52,2,265.962512
-52,2,265.968513
-52,2,265.975515
-52,2,265.980515
-52,2,265.985517
-52,2,265.992518
-52,2,265.99852
-52,2,266.00352
-52,2,266.011523
-52,2,266.016524
-52,2,266.021525
-52,2,266.026526
-52,2,266.031527
-52,2,266.036528
-52,2,266.041529
-54,4,266.051532
-52,2,266.056533
-52,2,266.062534
-52,2,266.068535
-52,2,266.073536
-52,2,266.078537
-52,2,266.083539
-52,2,266.08854
-52,2,266.093541
-52,2,266.100542
-52,2,266.105544
-52,2,266.110544
-52,2,266.116546
-52,2,266.121547
-52,2,266.127549
-52,2,266.13255
-52,2,266.137551
-52,2,266.142552
-52,2,266.147553
-52,2,266.152554
-52,2,266.157555
-52,2,266.162556
-52,2,266.169558
-52,2,266.174559
-52,2,266.17956
-52,2,266.186562
-53,3,266.193563
-52,2,266.198565
-52,2,266.204566
-52,2,266.210567
-52,2,266.215569
-52,2,266.220569
-52,2,266.228571
-52,2,266.234572
-52,2,266.239573
-52,2,266.245575
-53,3,266.253577
-52,2,266.258578
-52,2,266.263579
-52,2,266.26858
-52,2,266.273581
-52,2,266.279582
-52,2,266.284584
-53,3,266.293586
-52,2,266.299587
-52,2,266.304588
-52,2,266.309589
-52,2,266.316591
-52,2,266.321592
-52,2,266.328593
-52,2,266.333594
-52,2,266.338595
-52,2,266.344597
-52,2,266.349598
-52,2,266.354599
-52,2,266.3606
-53,3,266.368603
-52,2,266.373603
-52,2,266.378604
-52,2,266.383605
-52,2,266.388607
-52,2,266.393607
-52,2,266.399609
-52,2,266.40461
-52,2,266.409611
-52,2,266.414612
-52,2,266.419614
-52,2,266.427616
-52,2,266.434617
-52,2,266.440618
-52,2,266.44562
-52,2,266.45062
-52,2,266.455622
-52,2,266.461623
-52,2,266.466624
-52,2,266.471625
-52,2,266.476626
-52,2,266.481627
-52,2,266.486629
-52,2,266.49263
-52,2,266.497631
-52,2,266.503633
-52,2,266.508634
-52,2,266.513634
-52,2,266.519636
-52,2,266.524637
-52,2,266.529638
-52,2,266.534639
-52,2,266.53964
-52,2,266.545642
-52,2,266.550643
-52,2,266.556644
-52,2,266.561645
-52,2,266.566647
-52,2,266.572648
-52,2,266.577649
-52,2,266.58265
-52,2,266.587651
-52,2,266.592652
-52,2,266.598654
-52,2,266.603654
-52,2,266.608656
-52,2,266.613657
-52,2,266.618658
-52,2,266.623659
-52,2,266.62966
-52,2,266.634661
-52,2,266.639663
-52,2,266.645664
-52,2,266.650665
-52,2,266.655667
-52,2,266.660667
-52,2,266.665669
-52,2,266.670669
-52,2,266.676671
-52,2,266.681672
-52,2,266.686673
-52,2,266.691674
-52,2,266.696675
-52,2,266.703677
-52,2,266.710679
-52,2,266.71568
-52,2,266.722681
-52,2,266.727683
-52,2,266.732683
-52,2,266.738684
-52,2,266.743686
-52,2,266.748687
-52,2,266.754688
-52,2,266.759689
-52,2,266.76469
-52,2,266.769692
-52,2,266.774693
-52,2,266.780694
-52,2,266.785696
-52,2,266.790697
-52,2,266.795698
-52,2,266.800699
-52,2,266.8057
-52,2,266.810701
-52,2,266.816702
-52,2,266.821703
-52,2,266.826705
-52,2,266.831706
-52,2,266.836707
-52,2,266.842708
-52,2,266.847709
-52,2,266.85271
-52,2,266.857712
-52,2,266.862712
-52,2,266.868714
-52,2,266.873715
-52,2,266.878716
-52,2,266.883717
-52,2,266.888718
-52,2,266.89572
-52,2,266.900721
-52,2,266.907723
-52,2,266.912724
-52,2,266.917725
-53,3,266.925727
-52,2,266.930727
-52,2,266.935729
-52,2,266.94173
-52,2,266.946731
-52,2,266.952733
-52,2,266.957734
-52,2,266.962735
-52,2,266.967736
-52,2,266.972737
-52,2,266.977739
-52,2,266.982739
-52,2,266.988741
-52,2,266.993742
-52,2,266.999743
-52,2,267.005745
-52,2,267.010746
-52,2,267.016747
-52,2,267.021748
-52,2,267.028749
-52,2,267.033751
-52,2,267.039752
-52,2,267.044753
-52,2,267.049754
-52,2,267.055756
-52,2,267.060756
-52,2,267.065758
-52,2,267.071759
-52,2,267.07676
-52,2,267.081761
-52,2,267.086762
-52,2,267.092763
-52,2,267.099765
-52,2,267.104767
-52,2,267.109767
-52,2,267.115769
-52,2,267.12077
-52,2,267.125772
-52,2,267.131773
-52,2,267.136773
-52,2,267.141775
-52,2,267.147776
-52,2,267.152777
-52,2,267.157779
-52,2,267.16578
-52,2,267.170781
-52,2,267.175782
-52,2,267.182784
-52,2,267.188785
-52,2,267.193786
-52,2,267.199788
-52,2,267.206789
-52,2,267.21179
-52,2,267.216791
-52,2,267.221792
-52,2,267.227794
-52,2,267.232795
-52,2,267.237797
-52,2,267.242797
-52,2,267.247798
-52,2,267.252799
-52,2,267.258801
-52,2,267.263802
-52,2,267.268803
-52,2,267.274804
-52,2,267.279805
-52,2,267.284807
-52,2,267.289807
-52,2,267.294809
-52,2,267.29981
-52,2,267.304811
-52,2,267.309812
-52,2,267.315814
-52,2,267.320815
-52,2,267.325816
-52,2,267.330817
-52,2,267.336818
-52,2,267.341819
-52,2,267.349821
-52,2,267.356822
-52,2,267.361824
-52,2,267.366825
-52,2,267.371826
-52,2,267.376827
-52,2,267.382828
-52,2,267.38783
-52,2,267.392831
-52,2,267.399832
-52,2,267.406834
-52,2,267.411835
-52,2,267.416836
-52,2,267.422837
-52,2,267.427839
-52,2,267.43284
-52,2,267.43784
-52,2,267.442842
-52,2,267.447843
-52,2,267.452844
-52,2,267.460846
-52,2,267.466847
-52,2,267.471848
-52,2,267.47685
-52,2,267.481851
-52,2,267.487852
-52,2,267.492853
-52,2,267.500855
-52,2,267.505856
-52,2,267.510858
-52,2,268.313158
-52,2,268.319159
-52,2,268.32516
-52,2,268.330161
-52,2,268.335162
-52,2,268.342164
-52,2,268.347165
-52,2,268.352166
-52,2,268.357168
-52,2,268.362168
-52,2,268.36817
-52,2,268.373171
-52,2,268.381173
-52,2,268.386174
-52,2,268.391175
-52,2,268.397176
-52,2,268.402178
-52,2,268.407178
-52,2,268.412179
-52,2,268.417181
-52,2,268.423182
-52,2,268.429183
-52,2,268.434184
-52,2,268.440186
-52,2,268.447187
-52,2,268.453189
-52,2,268.45819
-52,2,268.464191
-52,2,268.469193
-52,2,268.475194
-52,2,268.480194
-53,3,268.488197
-52,2,268.494198
-52,2,268.499199
-52,2,268.5042
-52,2,268.509201
-52,2,268.514202
-52,2,268.520203
-52,2,268.525205
-52,2,268.530206
-52,2,268.535207
-52,2,268.540208
-52,2,268.54621
-52,2,268.551211
-52,2,268.556212
-52,2,268.561213
-52,2,268.566214
-52,2,268.572215
-52,2,268.577217
-52,2,268.582217
-52,2,268.588219
-52,2,268.59522
-52,2,268.600221
-52,2,268.605222
-52,2,268.611224
-52,2,268.616225
-52,2,268.621226
-52,2,268.627228
-52,2,268.632229
-52,2,268.63723
-52,2,268.643231
-52,2,268.648232
-52,2,268.653233
-52,2,268.658234
-52,2,268.663235
-52,2,268.668237
-52,2,268.674238
-52,2,268.679239
-52,2,268.68424
-52,2,268.689241
-52,2,268.694242
-52,2,268.699244
-52,2,268.704245
-52,2,268.709246
-52,2,268.714247
-52,2,268.721248
-52,2,268.72625
-52,2,268.731251
-52,2,268.736252
-52,2,268.741253
-52,2,268.747254
-52,2,268.752255
-52,2,268.757256
-52,2,268.764258
-52,2,268.76926
-52,2,268.77526
-52,2,268.781262
-52,2,268.787263
-52,2,268.792264
-52,2,268.797266
-52,2,268.802266
-52,2,268.808268
-52,2,268.813269
-52,2,268.81827
-52,2,268.823271
-52,2,268.828272
-52,2,268.834274
-52,2,268.839275
-52,2,268.844276
-52,2,268.849277
-52,2,268.854279
-52,2,268.859279
-52,2,268.865281
-52,2,268.870281
-52,2,268.876284
-52,2,268.881285
-52,2,268.886286
-52,2,268.892287
-53,3,268.899288
-52,2,268.904289
-52,2,268.909291
-52,2,268.915292
-52,2,268.920293
-52,2,268.925294
-52,2,268.931296
-52,2,268.936297
-52,2,268.941298
-52,2,268.947299
-52,2,268.9523
-52,2,268.960302
-52,2,268.965303
-52,2,268.971304
-52,2,268.981307
-52,2,268.988308
-52,2,268.99531
-52,2,269.002311
-52,2,269.009313
-52,2,269.016315
-52,2,269.023316
-52,2,269.030317
-52,2,269.037319
-52,2,269.04432
-52,2,269.051322
-52,2,269.057323
-52,2,269.064325
-52,2,269.072327
-52,2,269.079328
-52,2,269.08733
-52,2,269.096332
-52,2,269.102334
-54,4,269.116337
-52,2,269.123338
-52,2,269.129339
-52,2,269.137351
-52,2,269.143343
-52,2,269.149344
-52,2,269.156346
-52,2,269.161347
-52,2,269.166348
-52,2,269.171349
-52,2,269.17635
-52,2,269.181351
-52,2,269.187353
-52,2,269.192353
-52,2,269.199355
-54,4,269.209357
-54,4,269.21936
-52,2,269.22436
-52,2,269.231362
-52,2,269.236363
-52,2,269.242364
-52,2,269.246366
-52,2,269.252367
-52,2,269.259368
-52,2,269.26437
-52,2,269.270371
-52,2,269.275372
-52,2,269.281374
-52,2,269.286375
-52,2,269.291376
-52,2,269.296378
-52,2,269.302378
-52,2,269.307379
-52,2,269.31238
-52,2,269.317381
-52,2,269.322383
-52,2,269.327384
-52,2,269.332385
-52,2,269.337386
-52,2,269.344387
-52,2,269.349388
-52,2,269.35539
-52,2,269.362015
-52,2,269.36752
-52,2,269.372522
-52,2,269.378523
-53,3,269.386525
-52,2,269.391526
-52,2,269.396527
-52,2,269.401528
-52,2,269.407529
-52,2,269.41253
-52,2,269.417532
-52,2,269.422533
-52,2,269.429534
-52,2,269.436536
-52,2,269.442537
-52,2,269.447538
-52,2,269.45254
-52,2,269.458541
-52,2,269.463542
-52,2,269.468543
-52,2,269.473545
-52,2,269.478546
-52,2,269.486547
-52,2,269.493549
-52,2,269.498549
-52,2,269.506552
-52,2,269.513553
-52,2,269.520555
-52,2,269.527556
-52,2,269.534558
-52,2,269.540559
-52,2,269.547561
-52,2,269.554562
-52,2,269.561564
-52,2,269.568566
-52,2,269.576567
-52,2,269.583569
-52,2,269.59057
-52,2,269.597571
-52,2,269.604573
-52,2,269.611575
-52,2,269.618577
-52,2,269.625578
-52,2,269.634581
-52,2,269.640581
-52,2,269.648583
-52,2,269.654584
-52,2,269.662586
-52,2,269.667588
-52,2,269.675589
-52,2,269.68259
-52,2,269.687592
-52,2,269.692594
-52,2,269.698594
-52,2,269.703596
-52,2,269.708597
-52,2,269.713598
-52,2,269.718599
-52,2,269.7236
-52,2,269.730601
-52,2,269.736603
-52,2,269.742604
-52,2,269.747605
-52,2,269.752606
-52,2,269.758608
-52,2,269.763609
-52,2,269.76861
-52,2,269.773611
-52,2,269.778613
-52,2,269.785614
-52,2,269.791615
-52,2,269.796617
-52,2,269.801617
-52,2,269.808619
-52,2,269.81362
-52,2,269.818621
-52,2,269.824623
-52,2,269.829623
-52,2,269.834625
-52,2,269.841755
-52,2,269.847756
-52,2,269.852758
-52,2,269.857759
-52,2,269.86276
-52,2,269.867761
-52,2,269.873762
-52,2,269.878764
-52,2,269.883764
-52,2,269.889766
-52,2,269.894767
-52,2,269.899768
-52,2,269.904769
-52,2,269.911771
-52,2,269.917772
-52,2,269.924773
-52,2,269.929775
-52,2,269.934776
-52,2,269.941777
-52,2,269.947779
-52,2,269.95278
-52,2,269.957781
-52,2,269.962782
-52,2,269.967783
-52,2,269.972784
-52,2,269.977786
-52,2,269.983787
-52,2,269.988788
-52,2,269.993789
-52,2,269.998791
-52,2,270.003791
-52,2,270.008793
-52,2,270.013793
-52,2,270.018795
-52,2,270.026797
-52,2,270.032798
-52,2,270.037799
-52,2,270.0428
-52,2,270.050802
-52,2,270.055803
-52,2,270.060804
-52,2,270.065805
-52,2,270.071806
-52,2,270.076808
-52,2,270.081808
-52,2,270.08681
-52,2,270.091811
-52,2,270.096813
-52,2,270.101813
-52,2,270.108815
-52,2,270.113816
-52,2,270.119817
-52,2,270.125818
-52,2,270.13082
-52,2,270.137821
-52,2,270.145823
-52,2,270.152824
-52,2,270.159826
-52,2,270.165828
-53,3,270.17583
-52,2,270.182831
-52,2,270.190833
-52,2,270.197834
-52,2,270.204837
-52,2,270.214839
-52,2,270.220839
-52,2,270.227841
-52,2,270.234842
-52,2,270.241844
-52,2,270.248846
-52,2,270.255848
-52,2,270.262849
-52,2,270.268851
-52,2,270.275852
-52,2,270.282854
-52,2,270.289855
-52,2,270.296857
-52,2,270.303858
-52,2,270.31086
-52,2,270.317862
-52,2,270.323863
-52,2,270.328864
-52,2,270.333865
-52,2,270.338866
-52,2,270.343867
-52,2,270.348869
-52,2,270.35487
-52,2,270.359871
-52,2,270.364872
-52,2,270.369874
-52,2,270.374874
-52,2,270.379875
-52,2,270.384876
-52,2,270.391878
-52,2,270.396879
-52,2,270.40188
-52,2,270.406881
-52,2,270.411882
-52,2,270.418884
-52,2,270.423885
-52,2,270.428886
-52,2,270.434887
-52,2,270.439888
-52,2,270.44589
-52,2,270.451891
-52,2,270.456892
-52,2,270.461897
-52,2,270.466898
-52,2,270.4749
-52,2,270.479901
-52,2,270.484902
-52,2,270.490904
-52,2,270.495904
-52,2,270.500905
-52,2,270.505907
-52,2,270.510908
-52,2,270.515909
-52,2,270.522911
-52,2,270.527911
-52,2,270.532912
-52,2,270.538915
-52,2,270.543915
-52,2,270.549916
-52,2,270.554918
-52,2,270.559918
-52,2,270.56492
-52,2,270.570922
-52,2,270.575922
-52,2,270.580924
-52,2,270.585925
-52,2,270.590926
-52,2,270.595926
-52,2,270.600928
-52,2,270.606929
-52,2,270.61193
-52,2,270.616932
-52,2,270.621932
-52,2,270.626934
-52,2,270.631935
-52,2,270.636936
-52,2,270.642937
-52,2,270.647938
-52,2,270.65294
-52,2,270.658941
-52,2,270.663942
-52,2,270.668943
-52,2,270.675944
-52,2,270.680945
-52,2,270.685947
-52,2,270.690948
-52,2,270.695949
-52,2,270.70095
-52,2,270.705951
-52,2,270.711952
-52,2,270.716954
-52,2,270.721955
-52,2,270.726956
-52,2,270.731957
-52,2,270.736958
-52,2,270.741959
-52,2,270.74796
-52,2,270.752962
-52,2,270.757963
-52,2,270.762964
-52,2,270.767965
-52,2,270.772966
-52,2,270.777967
-52,2,270.783968
-52,2,270.79097
-52,2,270.795971
-52,2,270.800972
-52,2,270.805974
-52,2,270.811975
-52,2,270.816976
-52,2,270.821977
-52,2,270.826979
-52,2,270.831979
-52,2,270.837981
-52,2,270.842983
-52,2,270.847983
-52,2,270.852984
-52,2,270.857985
-52,2,270.863986
-52,2,270.868988
-52,2,270.873989
-52,2,270.88099
-52,2,270.888992
-52,2,270.895993
-52,2,270.900995
-52,2,270.905996
-52,2,270.911997
-52,2,270.916998
-52,2,270.921999
-52,2,270.927001
-52,2,270.933002
-52,2,270.938003
-52,2,270.946005
-52,2,270.952006
-52,2,270.957007
-52,2,270.962008
-52,2,270.96701
-52,2,270.972137
-52,2,270.978139
-52,2,270.98314
-52,2,270.988141
-52,2,270.993142
-52,2,270.999144
-52,2,271.004145
-52,2,271.010146
-52,2,271.015147
-52,2,271.020148
-52,2,271.025149
-52,2,271.030151
-52,2,271.035152
-52,2,271.041153
-52,2,271.046154
-52,2,271.051155
-52,2,271.056156
-52,2,271.062158
-52,2,271.067159
-52,2,271.07216
-52,2,271.078161
-52,2,271.083163
-52,2,271.088163
-52,2,271.095165
-52,2,271.100166
-52,2,271.106168
-52,2,271.11417
-52,2,271.121171
-52,2,271.127172
-52,2,271.135174
-52,2,271.141175
-52,2,271.149177
-52,2,271.155179
-52,2,271.16218
-52,2,271.169181
-53,3,271.183185
-52,2,271.191186
-52,2,271.198188
-52,2,271.205189
-52,2,271.212191
-52,2,271.219193
-52,2,271.227322
-52,2,271.234324
-52,2,271.241325
-52,2,271.248327
-52,2,271.255328
-52,2,271.26133
-52,2,271.270332
-52,2,271.277334
-52,2,271.283334
-52,2,271.289336
-52,2,271.295337
-52,2,271.301339
-52,2,271.30634
-52,2,271.311341
-52,2,271.319343
-52,2,271.324344
-52,2,271.332345
-52,2,271.337347
-52,2,271.342348
-52,2,271.347349
-52,2,271.353351
-52,2,271.358351
-52,2,271.363353
-52,2,271.368354
-52,2,271.373355
-52,2,271.378356
-52,2,271.383357
-52,2,271.389359
-52,2,271.39436
-52,2,271.399361
-52,2,271.407363
-52,2,271.412364
-53,3,271.421365
-52,2,271.426367
-52,2,271.431368
-52,2,271.437369
-52,2,271.44237
-52,2,271.447371
-52,2,271.452372
-52,2,271.459374
-52,2,271.465375
-52,2,271.471377
-52,2,271.477378
-52,2,271.482379
-52,2,271.48738
-52,2,271.492381
-53,3,271.500383
-52,2,271.506385
-52,2,271.512385
-52,2,271.518387
-52,2,271.525389
-52,2,271.53239
-52,2,271.537392
-52,2,271.542392
-52,2,271.548394
-52,2,271.553396
-52,2,271.560397
-52,2,271.565398
-52,2,271.570399
-52,2,271.577401
-52,2,271.582401
-52,2,271.587403
-52,2,271.592404
-52,2,271.597405
-52,2,271.603406
-52,2,271.608408
-52,2,271.613408
-52,2,271.62041
-52,2,271.625411
-52,2,271.630412
-52,2,271.635413
-52,2,271.640415
-52,2,271.645416
-52,2,271.650417
-52,2,271.656418
-52,2,271.661419
-52,2,271.66642
-52,2,271.672421
-52,2,271.678423
-52,2,271.683424
-52,2,271.688426
-52,2,271.695427
-52,2,271.700428
-52,2,271.705429
-52,2,271.71043
-52,2,271.718432
-52,2,271.723433
-52,2,271.728434
-52,2,271.733435
-52,2,271.738436
-52,2,271.743437
-52,2,271.749439
-52,2,271.75444
-52,2,271.759441
-52,2,271.766443
-52,2,271.773444
-52,2,271.778445
-52,2,271.784447
-52,2,271.789448
-52,2,271.796449
-52,2,271.80145
-52,2,271.806451
-52,2,271.814453
-52,2,271.819454
-52,2,271.824455
-52,2,271.832458
-52,2,271.837459
-56,6,271.850461
-52,2,271.856462
-52,2,271.861464
-52,2,271.866465
-52,2,271.871466
-52,2,271.877467
-52,2,271.882468
-52,2,271.88747
-52,2,271.892471
-52,2,271.897472
-52,2,271.902473
-52,2,271.907474
-52,2,271.912475
-52,2,271.917476
-52,2,271.922477
-52,2,271.929479
-52,2,271.93548
-52,2,271.941482
-54,4,271.951484
-52,2,271.956485
-52,2,271.961486
-52,2,271.966487
-52,2,271.971488
-52,2,271.976489
-52,2,271.981491
-52,2,271.986492
-52,2,271.991493
-52,2,271.997494
-52,2,272.004495
-52,2,272.009497
-52,2,272.014498
-52,2,272.020499
-52,2,272.0255
-52,2,272.030501
-52,2,272.036503
-53,3,272.043504
-52,2,272.048506
-52,2,272.053506
-52,2,272.059508
-52,2,272.064509
-52,2,272.07051
-52,2,272.075511
-52,2,272.080513
-52,2,272.085514
-52,2,272.090515
-52,2,272.095516
-52,2,272.100517
-52,2,272.108519
-52,2,272.11452
-52,2,272.121522
-52,2,272.126523
-52,2,272.131524
-52,2,272.139526
-52,2,272.144527
-52,2,272.149528
-52,2,272.154529
-52,2,272.162531
-52,2,272.167533
-52,2,272.172533
-52,2,272.178535
-52,2,272.183536
-52,2,272.189537
-52,2,272.194538
-52,2,272.19954
-52,2,272.20454
-52,2,272.209542
-52,2,272.214543
-52,2,272.219544
-52,2,272.224545
-52,2,272.229546
-52,2,272.235547
-52,2,272.240548
-52,2,272.245549
-52,2,272.25055
-52,2,272.255552
-52,2,272.260553
-52,2,272.268554
-52,2,272.274556
-52,2,272.281558
-52,2,272.286559
-52,2,272.294561
-52,2,272.299562
-52,2,272.306563
-52,2,272.314565
-52,2,272.319566
-52,2,272.324567
-53,3,272.331568
-52,2,272.33657
-52,2,272.342571
-52,2,272.347572
-52,2,272.352573
-52,2,272.357574
-52,2,272.364576
-52,2,272.371578
-52,2,272.376579
-52,2,272.38358
-52,2,272.389582
-52,2,272.394583
-52,2,272.399584
-52,2,272.404585
-52,2,272.409586
-52,2,272.414587
-52,2,272.420589
-52,2,272.42559
-52,2,272.431591
-54,4,272.441593
-52,2,272.446594
-52,2,272.451595
-52,2,272.456597
-52,2,272.462598
-52,2,272.467599
-52,2,272.4726
-52,2,272.477601
-54,4,272.487604
-52,2,272.491604
-52,2,272.497606
-53,3,272.506608
-52,2,272.511609
-52,2,272.51661
-52,2,272.521611
-52,2,272.526612
-52,2,272.531613
-52,2,272.536615
-52,2,272.542615
-52,2,272.547617
-52,2,272.552618
-52,2,272.558619
-52,2,272.565736
-52,2,272.570737
-52,2,272.575738
-52,2,272.58174
-52,2,272.586741
-52,2,272.591742
-52,2,272.596744
-52,2,272.601744
-52,2,272.606746
-52,2,272.612747
-52,2,272.619749
-52,2,272.62575
-52,2,272.632751
-52,2,272.638753
-52,2,272.643754
-52,2,272.648755
-52,2,272.653756
-52,2,272.658757
-56,6,272.67276
-52,2,272.678761
-52,2,272.683763
-52,2,272.689764
-52,2,272.694765
-52,2,272.699767
-52,2,272.705767
-52,2,272.711769
-52,2,272.71677
-52,2,272.721771
-52,2,272.727773
-52,2,272.734774
-52,2,272.739776
-52,2,272.744776
-52,2,272.752778
-52,2,272.757779
-52,2,272.76278
-52,2,272.769782
-52,2,272.775783
-52,2,272.780784
-52,2,272.785785
-52,2,272.790786
-52,2,272.796788
-52,2,272.801789
-52,2,272.80679
-52,2,272.811791
-52,2,272.817793
-52,2,272.822895
-52,2,272.828896
-52,2,272.833897
-52,2,272.838898
-52,2,272.843899
-52,2,272.849901
-52,2,272.854902
-52,2,272.859902
-52,2,272.866905
-52,2,272.873906
-53,3,272.885908
-52,2,272.894911
-52,2,272.900913
-52,2,272.909915
-52,2,272.915915
-52,2,272.922917
-52,2,272.929919
-52,2,272.93592
-52,2,272.942921
-52,2,272.949922
-52,2,272.958925
-52,2,272.965926
-52,2,272.970927
-52,2,272.977928
-52,2,272.98493
-52,2,272.991932
-52,2,272.998934
-52,2,273.005935
-52,2,273.012937
-52,2,273.018938
-52,2,273.02694
-52,2,273.034941
-52,2,273.041943
-52,2,273.047945
-52,2,273.055947
-52,2,273.061948
-52,2,273.068949
-52,2,273.075951
-52,2,273.083953
-52,2,273.089954
-52,2,273.100957
-52,2,273.109958
-52,2,273.11696
-52,2,273.121961
-52,2,273.130964
-52,2,273.135964
-52,2,273.140966
-53,3,273.148967
-52,2,273.153969
-52,2,273.15897
-52,2,273.163971
-52,2,273.169972
-52,2,273.178974
-52,2,273.184975
-52,2,273.189977
-52,2,273.196978
-52,2,273.201979
-52,2,273.208981
-52,2,273.214982
-52,2,273.219984
-52,2,273.225985
-52,2,273.230986
-52,2,273.236987
-52,2,273.241989
-52,2,273.248989
-52,2,273.257992
-52,2,273.265993
-52,2,273.270995
-52,2,273.278996
-52,2,273.284998
-52,2,273.290999
-52,2,273.297
-52,2,273.303002
-52,2,273.310003
-52,2,273.317005
-52,2,273.324007
-52,2,273.330008
-52,2,273.33601
-52,2,273.345011
-52,2,273.351013
-52,2,273.357013
-52,2,273.364016
-52,2,273.370016
-52,2,273.378019
-52,2,273.38502
-52,2,273.391021
-52,2,273.398023
-52,2,273.405024
-52,2,273.411026
-52,2,273.419028
-52,2,273.42803
-52,2,273.434031
-52,2,273.443033
-52,2,273.449034
-52,2,273.455035
-52,2,273.461037
-52,2,273.467038
-52,2,273.473039
-52,2,273.478041
-52,2,273.485043
-52,2,273.490043
-52,2,273.497045
-52,2,273.505047
-52,2,273.512048
-52,2,273.51905
-54,4,273.539054
-52,2,273.548057
-52,2,273.555058
-52,2,273.56306
-52,2,273.573062
-52,2,273.582064
-52,2,273.589065
-52,2,273.594066
-52,2,273.599067
-52,2,273.605069
-52,2,273.61007
-52,2,273.615071
-52,2,273.620073
-52,2,273.625073
-52,2,273.635076
-52,2,273.640077
-52,2,273.645078
-52,2,273.651079
-52,2,273.65608
-52,2,273.662082
-52,2,273.667083
-52,2,273.672084
-52,2,273.677085
-52,2,273.682086
-52,2,273.690088
-52,2,273.695089
-52,2,273.70009
-52,2,273.705091
-52,2,273.710093
-52,2,273.716094
-52,2,273.721095
-52,2,273.726096
-52,2,273.731097
-52,2,273.738099
-52,2,273.7451
-52,2,273.752102
-52,2,273.762105
-52,2,273.769106
-52,2,273.776107
-52,2,273.782109
-52,2,273.78811
-52,2,273.795111
-52,2,273.802113
-52,2,273.809115
-52,2,273.818116
-52,2,273.825119
-52,2,273.83112
-52,2,273.839121
-52,2,273.844122
-52,2,273.850124
-52,2,273.858125
-52,2,273.864127
-52,2,273.870128
-52,2,273.87713
-52,2,273.885131
-52,2,273.891133
-52,2,273.900135
-52,2,273.906136
-52,2,273.912138
-52,2,273.919139
-52,2,273.925141
-52,2,273.930142
-52,2,273.935143
-52,2,273.942144
-52,2,273.948146
-52,2,273.954147
-52,2,273.960149
-52,2,273.966149
-52,2,273.972151
-52,2,273.977152
-52,2,273.982153
-52,2,273.988155
-52,2,273.993155
-52,2,273.998157
-52,2,274.003158
-52,2,274.008159
-52,2,274.01616
-52,2,274.022162
-52,2,274.027163
-52,2,274.034165
-52,2,274.039166
-52,2,274.044167
-52,2,274.051168
-52,2,274.05917
-52,2,274.066172
-52,2,274.071173
-52,2,274.076174
-52,2,274.081175
-52,2,274.086177
-52,2,274.091177
-52,2,274.096179
-52,2,274.10518
-52,2,274.110182
-52,2,274.115183
-52,2,274.120184
-53,3,274.128186
-52,2,274.133187
-52,2,274.138188
-52,2,274.143189
-52,2,274.14819
-52,2,274.153191
-52,2,274.158193
-54,4,274.168195
-52,2,274.173196
-52,2,274.181197
-52,2,274.186198
-52,2,274.1912
-52,2,274.196201
-52,2,274.201202
-52,2,274.207203
-52,2,274.212204
-52,2,274.218206
-52,2,274.223207
-52,2,274.228209
-52,2,274.233209
-52,2,274.23821
-52,2,274.243211
-52,2,274.248213
-52,2,274.253213
-52,2,275.141235
-52,2,275.146236
-52,2,275.152237
-52,2,275.156238
-52,2,275.16224
-52,2,275.166241
-52,2,275.170242
-52,2,275.174243
-53,3,275.180244
-52,2,275.185245
-52,2,275.189246
-52,2,275.195247
-52,2,275.200248
-52,2,275.20425
-52,2,275.20825
-52,2,275.212252
-52,2,275.217252
-52,2,275.223253
-54,4,275.231255
-52,2,275.235256
-52,2,275.240257
-52,2,275.244259
-52,2,275.248259
-52,2,275.25226
-52,2,275.258261
-52,2,275.264263
-52,2,275.268264
-52,2,275.273264
-52,2,275.278266
-52,2,275.283267
-52,2,275.287268
-52,2,275.292269
-52,2,275.29627
-52,2,275.300271
-52,2,275.305271
-52,2,275.309273
-52,2,275.313273
-52,2,275.317274
-52,2,275.322275
-52,2,275.326276
-52,2,275.330277
-52,2,275.334278
-52,2,275.339279
-52,2,275.34328
-52,2,275.347281
-52,2,275.351282
-52,2,275.356283
-52,2,275.360284
-52,2,275.366285
-52,2,275.370286
-52,2,275.375287
-52,2,275.379289
-52,2,275.383289
-52,2,275.38829
-52,2,275.393291
-52,2,275.397292
-52,2,275.401293
-52,2,275.405294
-52,2,275.410295
-52,2,275.414296
-52,2,275.418297
-52,2,275.422298
-52,2,275.427299
-52,2,275.4333
-52,2,275.437301
-52,2,275.441302
-52,2,275.446303
-52,2,275.450304
-52,2,275.454305
-52,2,275.460306
-52,2,275.467308
-52,2,275.471309
-52,2,275.47531
-52,2,275.479311
-52,2,275.484311
-52,2,275.488312
-52,2,275.492313
-52,2,275.496314
-52,2,275.500315
-52,2,275.505316
-52,2,275.509317
-52,2,275.513318
-52,2,275.517319
-52,2,275.52132
-52,2,275.526321
-52,2,275.530322
-52,2,275.534323
-52,2,275.542325
-52,2,275.546326
-52,2,275.550326
-52,2,275.554327
-52,2,275.558328
-52,2,275.56333
-52,2,275.56733
-52,2,275.571331
-52,2,275.575332
-52,2,275.580333
-52,2,275.584334
-52,2,275.588335
-52,2,275.592336
-52,2,275.598337
-52,2,275.603338
-52,2,275.607339
-52,2,275.614341
-52,2,275.618341
-52,2,275.622342
-52,2,275.626343
-52,2,275.631345
-52,2,275.635345
-53,3,275.641347
-52,2,275.645347
-52,2,275.649348
-52,2,275.654349
-52,2,275.65835
-52,2,275.662351
-52,2,275.667353
-52,2,275.671354
-52,2,275.675354
-52,2,275.682356
-52,2,275.686357
-52,2,275.691358
-52,2,275.695359
-52,2,275.69936
-52,2,275.70436
-52,2,275.708362
-52,2,275.712363
-52,2,275.716363
-52,2,275.720365
-52,2,275.726366
-52,2,275.731367
-52,2,275.735368
-52,2,275.739369
-52,2,275.74537
-52,2,275.750371
-52,2,275.754372
-52,2,275.758373
-52,2,275.762374
-52,2,275.766374
-52,2,275.773376
-52,2,275.777377
-52,2,275.782378
-52,2,275.786379
-52,2,275.79038
-52,2,275.794381
-52,2,275.800382
-52,2,275.807384
-52,2,275.811385
-52,2,275.815386
-52,2,275.819387
-52,2,275.825387
-54,4,275.833389
-52,2,275.83739
-52,2,275.841391
-52,2,275.845392
-52,2,275.850393
-52,2,275.854394
-52,2,275.858395
-52,2,275.862396
-52,2,275.869398
-52,2,275.873398
-54,4,275.8814
-53,3,275.887401
-52,2,275.891402
-52,2,275.895403
-52,2,275.899404
-52,2,275.904405
-52,2,275.908406
-52,2,275.912407
-52,2,275.916408
-52,2,275.920409
-52,2,275.92541
-52,2,275.929411
-52,2,275.936412
-52,2,275.940413
-52,2,275.944414
-52,2,275.948415
-52,2,275.952416
-52,2,275.957417
-52,2,275.961418
-52,2,275.965419
-52,2,275.97242
-52,2,275.976421
-52,2,275.981423
-52,2,275.985423
-52,2,275.990424
-52,2,275.994425
-52,2,275.998426
-52,2,276.003427
-52,2,276.007429
-52,2,276.01143
-52,2,276.01543
-52,2,276.019431
-52,2,276.024432
-52,2,276.028433
-52,2,276.032434
-52,2,276.036435
-52,2,276.040436
-52,2,276.044436
-52,2,276.049438
-52,2,276.053438
-52,2,276.058439
-52,2,276.062441
-52,2,276.066442
-52,2,276.071443
-52,2,276.075444
-52,2,276.081445
-52,2,276.086447
-52,2,276.090447
-52,2,276.094447
-52,2,276.099449
-52,2,276.10345
-52,2,276.10745
-52,2,276.111452
-52,2,276.116452
-52,2,276.120453
-52,2,276.124454
-52,2,276.129456
-52,2,276.133456
-52,2,276.138457
-52,2,276.142458
-52,2,276.146459
-52,2,276.15046
-52,2,276.155461
-52,2,276.159462
-52,2,276.164463
-52,2,276.168464
-52,2,276.172465
-52,2,276.176466
-52,2,276.180467
-52,2,276.185468
-52,2,276.189469
-52,2,276.19347
-52,2,276.19747
-52,2,276.201472
-52,2,276.206473
-52,2,276.211474
-52,2,276.215475
-52,2,276.219476
-52,2,276.223477
-52,2,276.227477
-52,2,276.232479
-52,2,276.23648
-52,2,276.24048
-52,2,276.244481
-52,2,276.248604
-52,2,276.253605
-52,2,276.258606
-52,2,276.262607
-52,2,276.266608
-52,2,276.271609
-52,2,276.27561
-52,2,276.280611
-53,3,276.286612
-52,2,276.291614
-52,2,276.295614
-52,2,276.299615
-52,2,276.303616
-52,2,276.308617
-52,2,276.312618
-52,2,276.316619
-52,2,276.32062
-52,2,276.325621
-52,2,276.329622
-52,2,276.333623
-52,2,276.338624
-52,2,276.344625
-52,2,276.348626
-52,2,276.354627
-52,2,276.359629
-52,2,276.363629
-52,2,276.36763
-52,2,276.371631
-52,2,276.375632
-52,2,276.379633
-52,2,276.384634
-52,2,276.389636
-54,4,276.397637
-53,3,276.402638
-52,2,276.407639
-52,2,276.41164
-52,2,276.416641
-52,2,276.420642
-52,2,276.424643
-52,2,276.428644
-52,2,276.434645
-52,2,276.438646
-52,2,276.443647
-52,2,276.447648
-52,2,276.451649
-52,2,276.45865
-52,2,276.462651
-52,2,276.467652
-52,2,276.472654
-52,2,276.476654
-52,2,276.480655
-52,2,276.484657
-52,2,276.489658
-52,2,276.493658
-52,2,276.497659
-52,2,276.50166
-52,2,276.508662
-52,2,276.512663
-52,2,276.517664
-52,2,276.521665
-52,2,276.525665
-52,2,276.529667
-52,2,276.533667
-53,3,276.539669
-52,2,276.543669
-52,2,276.548671
-52,2,276.552672
-52,2,276.556673
-52,2,276.560673
-52,2,276.564674
-52,2,276.569676
-52,2,276.573676
-52,2,276.577677
-52,2,276.581678
-52,2,276.585679
-52,2,276.592681
-52,2,276.596682
-52,2,276.600682
-52,2,276.606683
-52,2,276.610684
-52,2,276.614685
-52,2,276.621688
-52,2,276.625688
-52,2,276.62969
-52,2,276.633689
-52,2,276.638691
-52,2,276.642692
-52,2,276.646693
-52,2,276.650693
-52,2,276.655694
-52,2,276.660696
-52,2,276.6667
-52,2,276.671701
-52,2,276.675702
-52,2,276.679703
-52,2,276.684704
-52,2,276.688704
-52,2,276.692705
-52,2,276.699707
-52,2,276.703708
-52,2,276.707709
-52,2,276.71271
-52,2,276.716711
-52,2,276.720712
-52,2,276.724713
-52,2,276.729714
-52,2,276.733715
-52,2,276.738716
-52,2,276.742717
-52,2,276.749719
-52,2,276.75672
-52,2,276.760721
-52,2,276.765722
-52,2,276.769723
-52,2,276.773724
-52,2,276.780725
-52,2,276.785726
-52,2,276.791728
-52,2,276.796729
-52,2,276.80073
-52,2,276.804731
-52,2,276.808732
-52,2,276.813733
-52,2,276.819735
-52,2,276.823735
-52,2,276.827736
-52,2,276.831737
-52,2,276.836738
-52,2,276.840738
-52,2,276.844739
-52,2,276.84874
-52,2,276.855742
-52,2,276.859743
-52,2,276.864744
-52,2,276.870745
-52,2,276.874746
-52,2,276.878747
-52,2,276.882748
-52,2,276.886749
-52,2,276.89175
-52,2,276.895751
-52,2,276.899752
-52,2,276.903752
-52,2,276.908754
-52,2,276.912755
-52,2,276.916755
-52,2,276.920756
-52,2,276.924757
-52,2,276.928758
-52,2,276.933759
-52,2,276.93776
-52,2,276.941761
-52,2,276.946762
-52,2,276.950764
-52,2,276.954764
-52,2,276.958765
-52,2,276.963766
-52,2,276.967767
-52,2,276.972768
-52,2,276.976769
-52,2,276.98077
-52,2,276.984771
-52,2,276.988771
-52,2,276.993773
-52,2,276.997773
-52,2,277.001775
-53,3,277.009777
-52,2,277.013777
-52,2,277.020779
-52,2,277.024779
-52,2,277.029781
-52,2,277.033782
-52,2,277.037782
-52,2,277.041783
-52,2,277.048785
-52,2,277.052786
-52,2,277.056787
-52,2,277.060788
-52,2,277.065789
-52,2,277.069791
-52,2,277.07379
-52,2,277.077791
-52,2,277.081793
-52,2,277.086793
-52,2,277.090794
-52,2,277.094795
-52,2,277.098796
-52,2,277.103797
-52,2,277.107798
-52,2,277.112799
-52,2,277.1168
-52,2,277.121801
-52,2,277.125803
-52,2,277.129803
-52,2,277.134804
-52,2,277.138805
-52,2,277.142806
-52,2,277.146807
-52,2,277.152808
-52,2,277.156809
-52,2,277.16081
-52,2,277.166811
-52,2,277.170812
-52,2,277.175813
-52,2,277.179815
-52,2,277.183815
-52,2,277.187816
-52,2,277.192817
-52,2,277.196818
-52,2,277.200819
-52,2,277.20482
-52,2,277.209821
-53,3,277.215822
-52,2,277.219824
-52,2,277.225824
-52,2,277.229825
-52,2,277.233826
-52,2,277.237827
-52,2,277.244829
-52,2,277.24983
-52,2,277.253831
-52,2,277.257832
-52,2,277.261832
-52,2,277.266834
-52,2,277.270834
-52,2,277.274835
-52,2,277.279837
-52,2,277.283838
-52,2,277.287838
-52,2,277.291839
-52,2,277.29584
-52,2,277.300841
-52,2,277.304842
-52,2,277.311844
-52,2,277.315845
-52,2,277.319846
-52,2,277.323846
-52,2,277.330848
-52,2,277.335849
-52,2,277.33985
-52,2,277.343851
-52,2,277.349852
-52,2,277.354853
-52,2,277.358854
-52,2,277.362855
-52,2,277.366856
-52,2,277.370857
-52,2,277.375858
-52,2,277.379859
-52,2,277.38386
-52,2,277.387861
-52,2,277.391862
-52,2,277.395862
-52,2,277.400864
-52,2,277.405864
-52,2,277.409866
-52,2,277.414867
-52,2,277.419868
-52,2,277.424869
-52,2,277.43087
-52,2,277.436872
-52,2,277.441873
-52,2,277.449875
-52,2,277.454875
-52,2,277.459877
-52,2,277.464878
-52,2,277.468879
-52,2,277.47388
-52,2,277.478881
-52,2,277.483882
-52,2,277.488883
-52,2,277.492884
-52,2,277.497885
-52,2,277.502886
-52,2,277.507888
-52,2,277.517892
-52,2,277.527892
-52,2,277.534893
-52,2,277.543895
-52,2,277.553898
-52,2,277.560899
-52,2,277.570902
-52,2,277.579903
-52,2,277.587905
-52,2,277.595907
-52,2,277.602908
-52,2,277.613911
-52,2,277.622913
-52,2,277.629915
-52,2,277.636916
-52,2,277.643917
-52,2,277.651921
-52,2,277.656921
-52,2,277.664922
-52,2,277.671924
-52,2,277.678925
-52,2,277.685927
-52,2,277.692929
-52,2,277.69893
-52,2,277.705932
-52,2,277.717934
-52,2,277.724936
-52,2,277.732938
-52,2,277.739939
-52,2,277.747941
-52,2,277.754942
-52,2,277.761944
-52,2,277.766945
-52,2,277.771947
-52,2,277.776947
-52,2,277.781949
-52,2,277.786949
-52,2,277.791951
-52,2,277.796952
-52,2,277.802953
-52,2,277.807954
-53,3,277.814956
-52,2,277.819957
-52,2,277.824957
-52,2,277.82996
-52,2,277.83496
-52,2,277.839962
-52,2,277.844963
-52,2,277.850964
-52,2,277.855965
-52,2,277.860966
-53,3,277.868968
-52,2,277.87397
-52,2,277.87897
-52,2,277.883971
-52,2,277.890973
-52,2,277.895974
-52,2,277.900975
-52,2,277.905976
-52,2,277.910977
-52,2,277.914978
-52,2,277.919979
-52,2,277.927981
-52,2,277.931983
-52,2,277.936983
-52,2,277.941984
-52,2,277.946985
-52,2,277.951987
-52,2,277.956987
-52,2,277.960988
-52,2,277.965989
-52,2,277.970991
-52,2,277.975992
-52,2,277.980993
-52,2,277.984994
-52,2,277.989995
-52,2,277.995996
-52,2,278.000998
-52,2,278.005998
-52,2,278.010999
-52,2,278.017001
-52,2,278.022002
-52,2,278.027003
-52,2,278.033004
-52,2,278.039006
-52,2,278.044007
-52,2,278.049008
-52,2,278.05401
-55,5,278.066012
-52,2,278.071013
-52,2,278.075015
-52,2,278.080015
-52,2,278.085016
-52,2,278.090018
-52,2,278.095018
-52,2,278.09902
-52,2,278.10402
-52,2,278.109021
-52,2,278.115023
-52,2,278.120024
-52,2,278.124025
-52,2,278.129026
-52,2,278.134027
-52,2,278.139028
-52,2,278.144029
-52,2,278.14903
-52,2,278.153032
-52,2,278.158032
-52,2,278.163033
-52,2,278.168034
-52,2,278.173036
-52,2,278.178037
-52,2,278.182038
-52,2,278.187039
-52,2,278.192041
-52,2,278.197041
-52,2,278.202042
-52,2,278.207043
-52,2,278.212045
-52,2,278.218046
-52,2,278.222047
-52,2,278.227048
-52,2,278.232049
-52,2,278.23705
-52,2,278.242052
-52,2,278.247052
-52,2,278.252053
-52,2,278.257055
-52,2,278.261055
-52,2,278.266056
-52,2,278.271057
-52,2,278.276058
-52,2,278.28206
-52,2,278.287061
-52,2,278.293062
-52,2,278.299064
-52,2,278.304065
-52,2,278.309066
-52,2,278.314067
-52,2,278.319069
-52,2,278.324069
-52,2,278.32907
-52,2,278.333071
-52,2,278.339072
-52,2,278.344074
-52,2,278.349075
-52,2,278.354076
-52,2,278.359077
-52,2,278.364079
-52,2,278.36908
-52,2,278.374081
-52,2,278.379081
-52,2,278.384083
-52,2,278.389084
-52,2,278.393085
-52,2,278.398086
-52,2,278.403087
-52,2,278.408088
-52,2,278.413089
-52,2,278.418091
-52,2,278.423092
-52,2,278.428093
-52,2,278.434094
-52,2,278.439095
-52,2,278.445096
-52,2,278.449097
-52,2,278.454098
-52,2,278.4601
-52,2,278.465101
-52,2,278.470102
-52,2,278.475103
-52,2,278.482105
-52,2,278.487106
-52,2,278.492107
-52,2,278.497108
-52,2,278.501109
-52,2,278.50611
-52,2,278.511111
-52,2,278.516112
-52,2,278.523114
-52,2,278.528115
-52,2,278.533116
-52,2,278.538117
-52,2,278.543118
-52,2,278.547119
-52,2,278.55212
-52,2,278.557121
-52,2,278.562123
-52,2,278.567124
-52,2,278.571125
-52,2,278.576126
-52,2,278.581127
-52,2,278.586128
-52,2,278.592129
-52,2,278.59713
-52,2,278.601131
-52,2,278.606133
-52,2,278.611133
-52,2,278.616134
-52,2,278.621136
-52,2,278.625137
-52,2,278.630138
-52,2,278.635139
-52,2,278.64014
-52,2,278.645141
-52,2,278.650142
-52,2,278.655143
-52,2,278.660145
-52,2,278.666146
-52,2,278.671147
-52,2,278.676148
-52,2,278.682149
-52,2,278.68715
-52,2,278.692152
-52,2,278.698153
-52,2,278.704154
-52,2,278.709155
-52,2,278.713156
-52,2,278.718157
-52,2,278.725159
-52,2,278.73116
-52,2,278.736161
-52,2,278.741163
-52,2,278.746164
-52,2,278.751165
-52,2,278.756166
-52,2,278.761167
-52,2,278.767168
-52,2,278.77217
-53,3,278.780171
-52,2,278.787173
-52,2,278.792174
-52,2,278.797175
-52,2,278.802176
-54,4,278.811178
-52,2,278.816179
-52,2,278.82018
-52,2,278.825181
-52,2,278.830183
-52,2,278.835183
-52,2,278.840185
-52,2,278.845186
-52,2,278.850187
-52,2,278.854188
-52,2,278.859189
-52,2,278.864191
-52,2,278.869191
-52,2,278.876192
-52,2,278.881194
-52,2,278.886195
-52,2,278.891196
-52,2,278.896198
-52,2,278.901198
-52,2,278.905199
-52,2,278.9102
-52,2,278.915201
-52,2,278.920203
-52,2,278.925204
-52,2,278.930205
-52,2,278.934206
-52,2,278.939206
-52,2,278.944208
-52,2,278.951209
-52,2,278.95621
-52,2,278.961211
-52,2,278.966213
-52,2,278.971214
-52,2,278.976215
-52,2,278.981216
-52,2,278.985217
-52,2,278.990219
-52,2,278.995219
-52,2,279.000221
-52,2,279.005221
-52,2,279.009222
-52,2,279.014223
-52,2,279.019224
-52,2,279.024225
-52,2,279.029227
-52,2,279.033228
-52,2,279.041229
-52,2,279.04623
-52,2,279.053232
-52,2,279.058233
-52,2,279.063234
-52,2,279.068235
-52,2,279.073236
-52,2,279.078238
-52,2,279.082239
-52,2,279.08724
-52,2,279.092241
-52,2,279.097242
-52,2,279.101243
-52,2,279.106244
-54,4,279.115246
-52,2,279.120247
-52,2,279.125248
-52,2,279.13025
-52,2,279.134251
-52,2,279.139251
-52,2,279.144252
-52,2,279.149253
-52,2,279.154255
-52,2,279.159255
-52,2,279.163257
-52,2,279.168258
-52,2,279.175259
-52,2,279.180261
-52,2,279.185261
-52,2,279.190263
-52,2,279.195264
-52,2,279.200265
-52,2,279.205266
-52,2,279.210268
-52,2,279.215268
-52,2,279.22127
-52,2,279.226271
-52,2,279.233272
-52,2,279.238273
-52,2,279.244275
-52,2,279.249276
-52,2,279.255277
-52,2,279.260279
-52,2,279.26728
-52,2,279.275281
-52,2,279.283283
-52,2,279.290284
-52,2,279.297287
-52,2,279.304288
-52,2,279.311289
-52,2,279.318291
-52,2,279.326293
-52,2,279.334295
-52,2,279.341296
-52,2,279.348298
-52,2,279.3553
-52,2,279.362302
-52,2,279.369303
-52,2,279.376304
-52,2,279.383306
-52,2,279.390308
-52,2,279.39731
-52,2,279.405312
-52,2,279.411312
-52,2,279.417314
-52,2,279.425315
-52,2,279.432317
-52,2,279.439318
-52,2,279.445319
-52,2,279.452321
-52,2,279.457322
-52,2,279.462323
-52,2,279.469325
-52,2,279.474326
-52,2,279.480328
-52,2,279.486328
-52,2,279.49133
-52,2,279.496331
-52,2,279.501333
-52,2,279.506333
-52,2,279.510334
-52,2,279.515335
-52,2,279.521337
-52,2,279.528338
-52,2,279.53334
-52,2,279.53834
-52,2,279.543341
-52,2,279.548342
-52,2,279.552344
-52,2,279.557345
-52,2,279.562346
-52,2,279.569347
-52,2,279.574348
-52,2,279.579349
-52,2,279.584351
-52,2,279.591352
-52,2,279.596354
-52,2,279.601354
-53,3,279.607355
-52,2,279.613357
-52,2,279.618358
-52,2,279.624359
-52,2,279.62936
-52,2,279.634362
-52,2,279.638362
-52,2,279.643364
-52,2,279.648365
-52,2,279.654366
-52,2,279.659367
-52,2,279.664368
-52,2,279.668369
-52,2,279.67337
-52,2,279.678371
-52,2,279.685373
-52,2,279.689374
-52,2,279.694375
-52,2,279.699376
-52,2,279.707485
-52,2,279.713505
-52,2,279.719506
-52,2,279.723508
-52,2,279.729509
-52,2,279.73451
-52,2,279.739512
-52,2,279.744512
-52,2,279.749513
-52,2,279.755515
-52,2,279.760516
-52,2,279.765517
-52,2,279.770518
-52,2,279.775519
-52,2,279.78052
-52,2,279.785522
-52,2,279.790522
-52,2,279.795523
-52,2,279.800525
-52,2,279.805526
-52,2,279.810527
-52,2,279.815528
-52,2,279.820529
-52,2,279.82553
-52,2,279.830531
-52,2,279.834532
-52,2,279.840534
-52,2,279.845535
-52,2,279.850536
-52,2,279.855537
-52,2,279.860538
-52,2,279.865539
-52,2,279.86954
-52,2,279.877542
-52,2,279.882543
-52,2,279.887544
-52,2,279.893545
-52,2,279.898546
-52,2,279.905548
-52,2,279.91055
-52,2,279.917551
-52,2,279.922552
-52,2,279.927553
-52,2,279.932554
-52,2,279.938555
-52,2,279.943557
-52,2,279.948558
-52,2,279.953558
-52,2,279.95856
-52,2,279.963561
-52,2,279.968562
-52,2,279.973563
-52,2,279.978564
-52,2,279.983565
-52,2,279.987566
-52,2,279.992568
-52,2,279.997569
-52,2,280.00357
-52,2,280.009571
-52,2,280.014572
-52,2,280.019574
-52,2,280.023574
-52,2,280.028576
-52,2,280.033577
-52,2,280.038578
-52,2,280.044579
-52,2,280.050581
-52,2,280.056582
-52,2,280.066584
-52,2,280.073585
-52,2,280.081587
-52,2,280.088589
-52,2,280.096591
-52,2,280.104593
-52,2,280.111594
-52,2,280.118596
-52,2,280.125597
-52,2,280.132599
-52,2,280.1416
-52,2,280.150603
-52,2,280.159605
-52,2,280.167606
-52,2,280.178609
-52,2,280.185611
-52,2,280.195613
-52,2,280.202615
-52,2,280.208616
-52,2,280.216618
-52,2,280.225619
-52,2,280.238622
-52,2,280.246624
-52,2,280.254626
-52,2,280.262627
-52,2,280.269629
-52,2,281.141824
-52,2,281.146825
-52,2,281.151826
-52,2,281.155827
-52,2,281.160828
-52,2,281.164829
-52,2,281.16883
-52,2,281.173831
-52,2,281.177832
-52,2,281.185833
-52,2,281.189835
-52,2,281.195836
-52,2,281.199837
-52,2,281.203838
-54,4,281.21284
-53,3,281.218841
-52,2,281.222842
-52,2,281.227843
-52,2,281.231844
-52,2,281.236845
-52,2,281.240846
-52,2,281.245847
-52,2,281.249848
-52,2,281.253849
-52,2,281.26085
-52,2,281.264851
-52,2,281.269852
-52,2,281.273853
-53,3,281.279854
-52,2,281.284856
-52,2,281.288857
-52,2,281.293858
-52,2,281.297859
-52,2,281.301859
-52,2,281.306861
-52,2,281.312862
-52,2,281.317863
-52,2,281.321864
-52,2,281.325865
-52,2,281.330866
-52,2,281.334867
-52,2,281.339868
-52,2,281.345869
-52,2,281.351871
-52,2,281.356872
-52,2,281.360873
-52,2,281.365874
-52,2,281.369875
-52,2,281.374876
-52,2,281.378876
-54,4,281.386878
-52,2,281.39188
-52,2,281.39588
-52,2,281.399882
-52,2,281.404882
-52,2,281.408883
-52,2,281.413884
-52,2,281.417885
-52,2,281.421886
-52,2,281.427888
-52,2,281.431888
-52,2,281.436889
-52,2,281.440891
-52,2,281.444891
-52,2,281.449893
-52,2,281.453893
-52,2,281.458894
-52,2,281.462896
-52,2,281.466896
-52,2,281.471897
-53,3,281.477899
-52,2,281.481899
-53,3,281.488901
-52,2,281.492903
-52,2,281.498903
-52,2,281.503904
-52,2,281.507905
-52,2,281.512907
-52,2,281.518908
-52,2,281.523909
-52,2,281.52891
-52,2,281.532912
-52,2,281.537912
-52,2,281.542914
-52,2,281.546914
-52,2,281.552916
-52,2,281.560918
-52,2,281.566918
-52,2,281.57292
-52,2,281.580922
-52,2,281.586923
-52,2,281.592925
-52,2,281.597925
-52,2,281.602926
-52,2,281.608928
-52,2,281.614929
-52,2,281.620931
-52,2,281.625932
-52,2,281.630933
-52,2,281.639935
-52,2,281.644937
-52,2,281.649937
-52,2,281.655938
-52,2,281.66294
-52,2,281.666941
-52,2,281.671942
-52,2,281.676943
-52,2,281.685946
-52,2,281.691946
-52,2,281.700949
-52,2,281.70595
-52,2,281.712951
-52,2,281.718952
-52,2,281.724954
-52,2,281.729955
-52,2,281.734956
-52,2,281.739957
-52,2,281.745959
-52,2,281.75096
-52,2,281.755962
-52,2,281.761962
-52,2,281.767964
-52,2,281.775965
-52,2,281.781967
-52,2,281.787968
-52,2,281.791969
-52,2,281.79697
-52,2,281.800971
-52,2,281.805972
-52,2,281.809973
-52,2,281.814974
-52,2,281.819975
-52,2,281.823976
-52,2,281.828977
-52,2,281.832978
-52,2,281.836979
-52,2,281.84198
-52,2,281.846981
-52,2,281.850982
-52,2,281.854983
-52,2,281.859984
-52,2,281.863985
-52,2,281.868986
-52,2,281.872987
-52,2,281.877988
-52,2,281.881989
-52,2,281.88699
-52,2,281.890991
-52,2,281.894992
-52,2,281.899993
-52,2,281.903994
-52,2,281.907995
-52,2,281.912996
-52,2,281.916997
-52,2,281.922998
-52,2,281.926999
-52,2,281.932
-54,4,281.940002
-52,2,281.944003
-52,2,281.949004
-52,2,281.953005
-52,2,281.957006
-52,2,281.962007
-52,2,281.967008
-52,2,281.971009
-52,2,281.97601
-52,2,281.982011
-52,2,281.986012
-52,2,281.991016
-52,2,281.995017
-52,2,281.999019
-52,2,282.004019
-52,2,282.011021
-52,2,282.016022
-52,2,282.020023
-52,2,282.024024
-52,2,282.029025
-52,2,282.033026
-52,2,282.037027
-52,2,282.042028
-52,2,282.046029
-52,2,282.05003
-52,2,282.055031
-52,2,282.062032
-52,2,282.066033
-52,2,282.070035
-52,2,282.078036
-52,2,282.082037
-52,2,282.087038
-52,2,282.091039
-52,2,282.09504
-52,2,282.100041
-52,2,282.104042
-52,2,282.108042
-52,2,282.113044
-52,2,282.117044
-52,2,282.122046
-52,2,282.126046
-52,2,282.133048
-53,3,282.14005
-52,2,282.144051
-52,2,282.148051
-52,2,282.153053
-52,2,282.157053
-52,2,282.162055
-52,2,282.166056
-52,2,282.170056
-52,2,282.175058
-52,2,282.179059
-52,2,282.184059
-52,2,282.191061
-52,2,282.196062
-52,2,282.200063
-52,2,282.205064
-52,2,282.209065
-52,2,282.213066
-52,2,282.218067
-52,2,282.224069
-52,2,282.22807
-52,2,282.23207
-52,2,282.237072
-52,2,282.241073
-52,2,282.246073
-52,2,282.250074
-52,2,282.254075
-52,2,282.261077
-52,2,282.266078
-52,2,282.270079
-52,2,282.27508
-52,2,282.279081
-52,2,282.284082
-52,2,282.289083
-52,2,282.293085
-53,3,282.300086
-52,2,282.304086
-52,2,282.309088
-52,2,282.314089
-52,2,282.31809
-52,2,282.32209
-52,2,282.327091
-52,2,282.331093
-52,2,282.335093
-52,2,282.340094
-53,3,282.346095
-52,2,282.350097
-52,2,282.355098
-52,2,282.360099
-52,2,282.3671
-52,2,282.376102
-52,2,282.382104
-52,2,282.387105
-52,2,282.392106
-52,2,282.399108
-52,2,282.404109
-52,2,282.410122
-52,2,282.41411
-52,2,282.419112
-52,2,282.425113
-52,2,282.431115
-52,2,282.436116
-52,2,282.441118
-52,2,282.447118
-52,2,282.45212
-52,2,282.45712
-52,2,282.466123
-52,2,282.471124
-52,2,282.476125
-52,2,282.481128
-52,2,282.486127
-52,2,282.496129
-52,2,282.50113
-52,2,282.507132
-52,2,282.511135
-52,2,282.516134
-52,2,282.524136
-52,2,282.530137
-52,2,282.537139
-52,2,282.54314
-52,2,282.553142
-52,2,282.558143
-52,2,282.563144
-52,2,282.567145
-52,2,282.572146
-52,2,282.577147
-52,2,282.581148
-52,2,282.586149
-52,2,282.59015
-52,2,282.595151
-52,2,282.599152
-52,2,282.604154
-52,2,282.609154
-52,2,282.613155
-52,2,282.618156
-52,2,282.622157
-52,2,282.627159
-52,2,282.63116
-52,2,282.636161
-52,2,282.640161
-52,2,282.644162
-52,2,282.649163
-52,2,282.653164
-52,2,282.658165
-52,2,282.662166
-52,2,282.668168
-52,2,282.673169
-52,2,282.67717
-52,2,282.682171
-53,3,282.688172
-52,2,282.694173
-52,2,282.699174
-52,2,282.703176
-52,2,282.707176
-52,2,282.712178
-52,2,282.716178
-52,2,282.72118
-52,2,282.72518
-52,2,282.729181
-52,2,282.734182
-52,2,282.738183
-54,4,282.746185
-52,2,282.751186
-52,2,282.755188
-52,2,282.760188
-52,2,282.764189
-52,2,282.771191
-52,2,282.776191
-52,2,282.782193
-52,2,282.787194
-52,2,282.792195
-52,2,282.796196
-52,2,282.801197
-52,2,282.806198
-52,2,282.810199
-52,2,282.8142
-52,2,282.819202
-52,2,282.823202
-52,2,282.827203
-52,2,282.833205
-52,2,282.837205
-52,2,282.841206
-52,2,282.846207
-52,2,282.850208
-52,2,282.85621
-52,2,282.861211
-52,2,282.865211
-52,2,282.871213
-52,2,282.877214
-52,2,282.882215
-52,2,282.887217
-52,2,282.893218
-52,2,282.899219
-52,2,282.90422
-54,4,282.920224
-52,2,282.929225
-52,2,282.938228
-52,2,282.943229
-52,2,282.94823
-52,2,282.954231
-52,2,282.959232
-52,2,282.964234
-52,2,282.968235
-52,2,282.975236
-52,2,282.980237
-52,2,282.989239
-52,2,282.99524
-52,2,283.003242
-52,2,283.008244
-52,2,283.015245
-52,2,283.019246
-52,2,283.026247
-52,2,283.031249
-52,2,283.035249
-52,2,283.04025
-52,2,283.047252
-52,2,283.053254
-52,2,283.058254
-52,2,283.062255
-52,2,283.067257
-52,2,283.071258
-52,2,283.075258
-52,2,283.08026
-52,2,283.084261
-52,2,283.089262
-52,2,283.093263
-52,2,283.097263
-52,2,283.102264
-52,2,283.109266
-52,2,283.113267
-52,2,283.119268
-52,2,283.124269
-52,2,283.12827
-52,2,283.133271
-52,2,283.137272
-52,2,283.142273
-52,2,283.146274
-52,2,283.152275
-52,2,283.160277
-52,2,283.164278
-52,2,283.16928
-52,2,283.17328
-52,2,283.178281
-52,2,283.183283
-52,2,283.188284
-52,2,283.192285
-52,2,283.197286
-52,2,283.201287
-52,2,283.207288
-52,2,283.211289
-52,2,283.21529
-52,2,283.220291
-52,2,283.224292
-52,2,283.228292
-52,2,283.233294
-52,2,283.237294
-52,2,283.242296
-52,2,283.246297
-52,2,283.251298
-52,2,283.256299
-52,2,283.2603
-52,2,283.265301
-52,2,283.269302
-52,2,283.273303
-52,2,283.278304
-52,2,283.282305
-52,2,283.286305
-52,2,283.291307
-52,2,283.295307
-52,2,283.300308
-52,2,283.30431
-52,2,283.30931
-52,2,283.313312
-52,2,283.317312
-52,2,283.323314
-52,2,283.328315
-52,2,283.332316
-52,2,283.336317
-52,2,283.341318
-52,2,283.345319
-52,2,283.34932
-52,2,283.354321
-52,2,283.359322
-52,2,283.363323
-52,2,283.368324
-52,2,283.372324
-52,2,283.376326
-52,2,283.381327
-52,2,283.385328
-52,2,283.392329
-52,2,283.400331
-52,2,283.406332
-52,2,283.410333
-52,2,283.415334
-52,2,283.419336
-52,2,283.424337
-52,2,283.430337
-52,2,283.435338
-52,2,283.44134
-52,2,283.446341
-52,2,283.450342
-52,2,283.455343
-52,2,283.459344
-52,2,283.465345
-52,2,283.469346
-52,2,283.474347
-52,2,283.478348
-52,2,283.482349
-52,2,283.48735
-52,2,283.491351
-52,2,283.496352
-52,2,283.500353
-52,2,283.507355
-52,2,283.511356
-52,2,283.516357
-52,2,283.520358
-52,2,283.525359
-52,2,283.52936
-52,2,283.534361
-52,2,283.538362
-52,2,283.543363
-52,2,283.549364
-53,3,283.555365
-52,2,283.560367
-52,2,283.564368
-52,2,283.568369
-52,2,283.57337
-52,2,283.57737
-52,2,283.581372
-52,2,283.586372
-52,2,283.590373
-52,2,283.595374
-52,2,283.599375
-52,2,283.605376
-52,2,283.609377
-52,2,283.614378
-52,2,283.61838
-52,2,283.623381
-52,2,283.627382
-53,3,283.634383
-52,2,283.638384
-52,2,283.642385
-52,2,283.647386
-52,2,283.651387
-52,2,283.655388
-52,2,283.660389
-52,2,283.667391
-52,2,283.671391
-52,2,283.675392
-52,2,283.680393
-52,2,283.684394
-52,2,283.689395
-52,2,283.693396
-52,2,283.697397
-52,2,283.702398
-52,2,283.706399
-52,2,283.7114
-53,3,283.717402
-52,2,283.721403
-52,2,283.726404
-52,2,283.732405
-52,2,283.737406
-52,2,283.741407
-52,2,283.746408
-52,2,283.750409
-52,2,283.75441
-52,2,283.759412
-52,2,283.763412
-52,2,283.768413
-52,2,283.772414
-52,2,283.778415
-52,2,283.782416
-52,2,283.787417
-52,2,283.794419
-59,9,283.811423
-52,2,283.816424
-52,2,283.820425
-52,2,283.824425
-52,2,283.829427
-52,2,283.833428
-52,2,283.837428
-52,2,283.84243
-52,2,283.84643
-52,2,283.851432
-52,2,283.856433
-52,2,283.861434
-52,2,283.866435
-52,2,283.870436
-52,2,283.874436
-52,2,283.881438
-52,2,283.885439
-52,2,283.88944
-52,2,283.894441
-52,2,283.898442
-52,2,283.903443
-53,3,283.909445
-52,2,283.913446
-52,2,283.918446
-52,2,283.922447
-52,2,283.928449
-52,2,283.93345
-52,2,283.937451
-52,2,283.941452
-52,2,283.946453
-52,2,283.950454
-52,2,283.955455
-52,2,283.961456
-52,2,283.965457
-52,2,283.970459
-52,2,283.974459
-52,2,283.97946
-52,2,283.983461
-52,2,283.987462
-52,2,283.993463
-52,2,283.997464
-52,2,284.002465
-52,2,284.006466
-52,2,284.012467
-52,2,284.017468
-52,2,284.02247
-52,2,284.02647
-52,2,284.031472
-52,2,284.035472
-52,2,284.040474
-52,2,284.044475
-52,2,284.048476
-52,2,284.053477
-52,2,284.057477
-52,2,284.061479
-52,2,284.066479
-52,2,284.07048
-52,2,284.075481
-52,2,284.081483
-52,2,284.086484
-52,2,284.090485
-52,2,284.095486
-53,3,284.103488
-52,2,284.107489
-52,2,284.11249
-52,2,284.116491
-52,2,284.120492
-52,2,284.125493
-52,2,284.129493
-52,2,284.133495
-52,2,284.138495
-52,2,284.143497
-52,2,284.147498
-52,2,284.152499
-52,2,284.1565
-52,2,284.162501
-52,2,284.166502
-52,2,284.170503
-52,2,284.175504
-52,2,284.179504
-53,3,284.185506
-52,2,284.190508
-52,2,284.194508
-52,2,284.199509
-52,2,284.20351
-52,2,284.209512
-52,2,284.213512
-52,2,284.218513
-52,2,284.222515
-52,2,284.226515
-52,2,284.231517
-52,2,284.236517
-54,4,284.244519
-52,2,284.24852
-52,2,284.253521
-52,2,284.257522
-52,2,284.264524
-52,2,284.271525
-52,2,284.275526
-52,2,284.280527
-52,2,284.284528
-52,2,284.289529
-52,2,284.29353
-52,2,284.299531
-52,2,284.303533
-52,2,284.308534
-52,2,284.312535
-52,2,284.319536
-52,2,284.323537
-52,2,284.327538
-52,2,284.332539
-52,2,284.33654
-52,2,284.341541
-52,2,284.345542
-52,2,284.349542
-52,2,284.354544
-52,2,284.358545
-52,2,284.363546
-52,2,284.368547
-52,2,284.372548
-52,2,284.377549
-52,2,284.38155
-52,2,284.386551
-52,2,284.390552
-52,2,284.395553
-52,2,284.399554
-52,2,284.404555
-52,2,284.410556
-52,2,284.416557
-52,2,284.421559
-52,2,284.42556
-52,2,284.430561
-52,2,284.436562
-52,2,284.440563
-52,2,284.445564
-52,2,284.449565
-52,2,284.453566
-52,2,284.458567
-52,2,284.462568
-52,2,284.467569
-52,2,284.47157
-52,2,284.475571
-52,2,284.481572
-52,2,284.485573
-52,2,284.490574
-52,2,284.495575
-52,2,284.499576
-52,2,284.504577
-52,2,284.508578
-52,2,284.513579
-52,2,284.51758
-52,2,284.521581
-52,2,284.526582
-52,2,284.530583
-52,2,284.535584
-52,2,284.540585
-52,2,284.544586
-52,2,284.549587
-52,2,284.553589
-52,2,284.55859
-52,2,284.563591
-52,2,284.567591
-52,2,284.571592
-52,2,284.576593
-56,6,284.588596
-52,2,284.593597
-52,2,284.597598
-52,2,284.6036
-52,2,284.610601
-52,2,284.614602
-52,2,284.620603
-52,2,284.624604
-52,2,284.628605
-52,2,284.633606
-52,2,284.637607
-52,2,284.642608
-52,2,284.646609
-52,2,284.65061
-52,2,284.655611
-52,2,284.659612
-52,2,284.664613
-52,2,284.668614
-52,2,284.672615
-52,2,284.677616
-52,2,284.681617
-52,2,284.686619
-52,2,284.690619
-52,2,284.69562
-52,2,284.700621
-52,2,284.705622
-52,2,284.709623
-53,3,284.716624
-52,2,284.721626
-52,2,284.726627
-52,2,284.730628
-52,2,284.737629
-52,2,284.743631
-52,2,284.747631
-52,2,284.754633
-52,2,284.758634
-52,2,284.762635
-52,2,284.767636
-52,2,284.772637
-52,2,284.776638
-52,2,284.78064
-52,2,284.78564
-52,2,284.791641
-52,2,284.795642
-52,2,284.800643
-52,2,284.804644
-52,2,284.808645
-52,2,284.813646
-52,2,284.819648
-52,2,284.823649
-52,2,284.828261
-52,2,284.832766
-52,2,284.836767
-52,2,284.840767
-52,2,284.845768
-52,2,284.849769
-52,2,284.856771
-52,2,284.862772
-52,2,284.867773
-52,2,284.871774
-52,2,284.876776
-52,2,284.880776
-52,2,284.885777
-52,2,284.891779
-52,2,284.89678
-52,2,284.901781
-52,2,284.905782
-52,2,284.910783
-52,2,284.915784
-52,2,284.920785
-52,2,284.924786
-52,2,284.929787
-52,2,284.933788
-52,2,284.938789
-52,2,284.94279
-52,2,284.947791
-52,2,284.951792
-52,2,284.955793
-52,2,284.960794
-52,2,284.966796
-52,2,284.971797
-52,2,284.975798
-52,2,284.980799
-52,2,284.9848
-52,2,284.988801
-52,2,284.993802
-52,2,284.997802
-52,2,285.002804
-52,2,285.006804
-52,2,285.010805
-52,2,285.015806
-52,2,285.019807
-52,2,285.024808
-52,2,285.028809
-52,2,285.033811
-52,2,285.037811
-52,2,285.041813
-52,2,285.047814
-52,2,285.051815
-52,2,285.056815
-52,2,285.060817
-52,2,285.065818
-52,2,285.071819
-52,2,285.07682
-52,2,285.080821
-52,2,285.085822
-52,2,285.089823
-52,2,285.093824
-52,2,285.098825
-52,2,285.102826
-52,2,285.107827
-52,2,285.111828
-52,2,285.115829
-52,2,285.12083
-52,2,285.124831
-52,2,285.128832
-52,2,285.133833
-52,2,285.137834
-52,2,285.142835
-52,2,285.147836
-52,2,285.151837
-52,2,285.156838
-52,2,285.160839
-52,2,285.16584
-52,2,285.169841
-52,2,285.173842
-52,2,285.178843
-52,2,285.182844
-52,2,285.186845
-52,2,285.191846
-52,2,285.195847
-52,2,285.200848
-52,2,285.206849
-52,2,285.211851
-52,2,285.216851
-52,2,285.221853
-52,2,285.226853
-52,2,285.231855
-52,2,285.235855
-52,2,285.239856
-52,2,285.244858
-52,2,285.250859
-52,2,285.25586
-52,2,285.261862
-52,2,285.265862
-52,2,285.270863
-52,2,285.274864
-52,2,285.279865
-52,2,285.283866
-52,2,285.287867
-52,2,285.292869
-52,2,285.29887
-52,2,285.30287
-52,2,285.307872
-52,2,285.312872
-52,2,285.316874
-52,2,285.321875
-52,2,285.325876
-52,2,285.329876
-52,2,285.334878
-52,2,285.338879
-52,2,285.34388
-52,2,285.34788
-52,2,285.353882
-52,2,285.359883
-52,2,285.364884
-52,2,285.368886
-58,8,285.384889
-52,2,285.38889
-52,2,285.392891
-52,2,285.397891
-52,2,285.402893
-52,2,285.407894
-52,2,285.411895
-52,2,285.415896
-52,2,285.420897
-52,2,285.427898
-52,2,285.4319
-52,2,285.436901
-52,2,285.442902
-52,2,285.447903
-52,2,285.451904
-52,2,285.458905
-52,2,285.462906
-52,2,285.466907
-52,2,285.471909
-52,2,285.475909
-52,2,285.48091
-52,2,285.484912
-52,2,285.490912
-52,2,285.496914
-52,2,285.501915
-52,2,285.506917
-52,2,285.511918
-52,2,285.516919
-52,2,285.52392
-52,2,285.528921
-52,2,285.533922
-52,2,285.541924
-52,2,285.546925
-52,2,285.553926
-52,2,285.561929
-52,2,285.56893
-52,2,285.574931
-52,2,285.580933
-52,2,285.585934
-52,2,285.590935
-52,2,285.596937
-52,2,285.601938
-52,2,285.608938
-52,2,285.617941
-52,2,285.622942
-52,2,285.628944
-52,2,285.634945
-52,2,285.640946
-52,2,285.645947
-52,2,285.654949
-52,2,285.65995
-52,2,285.667952
-52,2,285.672954
-52,2,285.677954
-52,2,285.683956
-52,2,285.689957
-52,2,285.694958
-52,2,285.698959
-52,2,285.70396
-52,2,285.708961
-52,2,285.712962
-52,2,285.716963
-52,2,285.721964
-52,2,285.725965
-52,2,285.732966
-52,2,285.738968
-52,2,285.743969
-52,2,285.74797
-52,2,285.752971
-52,2,285.757972
-52,2,285.761973
-52,2,285.767974
-52,2,285.772976
-52,2,285.776976
-52,2,285.783978
-52,2,285.78898
-52,2,285.79298
-52,2,285.797981
-52,2,285.802982
-52,2,285.807983
-52,2,285.811985
-52,2,285.815985
-52,2,285.820986
-52,2,285.824987
-52,2,285.829988
-52,2,285.833989
-52,2,285.83899
-52,2,285.842991
-52,2,285.847992
-52,2,285.851993
-52,2,285.857994
-52,2,285.861996
-52,2,285.865996
-52,2,285.870997
-52,2,285.874998
-52,2,285.879999
-52,2,285.884
-52,2,285.890002
-52,2,285.895002
-52,2,285.899004
-52,2,285.904005
-52,2,285.908005
-52,2,285.913007
-52,2,285.917008
-52,2,285.921008
-52,2,285.926009
-52,2,285.93001
-52,2,285.935011
-52,2,285.939013
-52,2,285.943013
-52,2,285.950015
-52,2,285.955016
-52,2,285.959017
-52,2,285.964019
-52,2,285.968019
-52,2,285.97302
-52,2,285.977021
-52,2,285.981022
-52,2,285.986023
-52,2,285.990024
-52,2,285.997025
-52,2,286.002027
-52,2,286.006027
-52,2,286.011028
-52,2,286.01603
-52,2,286.02003
-52,2,286.024032
-52,2,286.029032
-52,2,286.033034
-52,2,286.038034
-52,2,286.042036
-52,2,286.046036
-52,2,286.051037
-52,2,286.055038
-52,2,286.059039
-52,2,286.06404
-52,2,286.069041
-52,2,286.073042
-52,2,286.078043
