#{"t_start": 1654707837.5308864, "env_id": "env.spec.id"}
r,l,t
-64,14,0.010002
-61,11,0.015002
-72,22,0.025005
-114,64,0.051011
-56,6,0.054012
-62,12,0.059013
-64,14,0.065014
-60,10,0.070015
-53,3,0.071015
-70,20,0.080018
-79,29,0.09102
-83,33,0.105023
7,43,0.122027
-60,10,0.127028
-60,10,0.131029
-55,5,0.13403
-70,20,0.142032
-70,20,0.150033
-71,21,0.159035
-57,7,0.162036
-54,4,0.165037
-60,10,0.169038
7,43,0.186041
-54,4,0.188042
-69,19,0.196043
-53,3,0.198044
-83,33,0.211047
-52,2,0.213048
-53,3,0.215048
-52,2,0.216048
-80,30,0.228051
-55,5,0.231051
-55,5,0.233052
-68,18,0.241054
-73,23,0.250056
-63,13,0.256057
-71,21,0.265059
-58,8,0.26806
-73,23,0.278062
-77,27,0.289064
-57,7,0.292065
-52,2,0.294066
-57,7,0.297067
-104,54,0.319071
-57,7,0.322072
-99,49,0.342077
-81,31,0.354079
-62,12,0.360081
-89,39,0.375084
-70,20,0.384086
-52,2,0.385086
-54,4,0.387087
-82,32,0.40009
-54,4,0.40209
-100,50,0.422095
-53,3,0.424095
-69,19,0.432097
-112,62,0.456102
-76,26,0.467104
-64,14,0.473106
-75,25,0.483108
-77,27,0.494111
-66,16,0.501112
-55,5,0.504114
-63,13,0.509114
-68,18,0.517116
-63,13,0.522117
-54,4,0.524117
-59,9,0.529119
-53,3,0.530119
-69,19,0.538121
-52,2,0.539122
-62,12,0.545122
14,36,0.559125
-65,15,0.566127
-76,26,0.576129
-57,7,0.58013
-56,6,0.583131
-56,6,0.585131
-97,47,0.604136
-67,17,0.612138
-57,7,0.615138
-55,5,0.617138
-76,26,0.628141
-83,33,0.641144
-59,9,0.645144
-84,34,0.659148
-70,20,0.667149
-54,4,0.670151
-69,19,0.677152
-61,11,0.682153
-61,11,0.687154
-65,15,0.694156
-54,4,0.696156
-108,58,0.719162
-106,56,0.741166
-68,18,0.749168
-67,17,0.75617
-69,19,0.765172
-66,16,0.772173
-53,3,0.773174
-85,35,0.787176
-101,51,0.808181
-65,15,0.814183
-66,16,0.821184
-67,17,0.828186
-101,51,0.849191
-63,13,0.854192
-58,8,0.858192
-68,18,0.866195
-71,21,0.874196
-71,21,0.883198
34,16,0.8902
-81,31,0.903203
-56,6,0.905204
-67,17,0.913205
-61,11,0.918206
-103,53,0.939212
-64,14,0.945212
-53,3,0.946213
-70,20,0.955215
-71,21,0.964216
-57,7,0.967217
-60,10,0.971219
-56,6,0.974219
-53,3,0.976219
-74,24,0.986222
-68,18,0.994223
-69,19,1.002225
-68,18,1.010227
-67,17,1.017229
-72,22,1.026231
-55,5,1.029231
-93,43,1.047235
-59,9,1.051237
-62,12,1.057237
-81,31,1.06924
-54,4,1.072241
-61,11,1.076242
-69,19,1.084244
-81,31,1.097247
-52,2,1.098247
-72,22,1.107249
-78,28,1.119251
-68,18,1.126253
-63,13,1.132255
-81,31,1.145258
-72,22,1.154259
-61,11,1.158261
-63,13,1.164262
-63,13,1.170263
5,45,1.188267
-59,9,1.192269
-59,9,1.196269
-60,10,1.20127
-62,12,1.206271
-54,4,1.208272
-71,21,1.217273
-53,3,1.218274
-80,30,1.231277
-99,49,1.250282
-63,13,1.256283
-52,2,1.257282
-53,3,1.259283
-75,25,1.269285
-60,10,1.274286
-54,4,1.276287
-92,42,1.292291
-54,4,1.295291
-55,5,1.297292
-60,10,1.302293
-63,13,1.307294
-65,15,1.314295
-89,39,1.329299
-65,15,1.336301
-60,10,1.341302
-52,2,1.342301
-55,5,1.345302
-58,8,1.348303
-80,30,1.361306
-57,7,1.364307
-80,30,1.376309
-94,44,1.394314
-80,30,1.406316
-85,35,1.42032
-60,10,1.42532
-119,69,1.452327
-52,2,1.454327
-53,3,1.455327
-63,13,1.461329
-79,29,1.473331
-52,2,1.474331
-56,6,1.477332
-54,4,1.479333
-78,28,1.490335
5,45,1.509339
-59,9,1.513341
-64,14,1.519341
-74,24,1.528344
-63,13,1.534345
-93,43,1.551349
-68,18,1.55935
-66,16,1.566352
-57,7,1.569353
-14,64,1.594359
-56,6,1.597359
-72,22,1.606361
-59,9,1.610362
-60,10,1.615363
-56,6,1.618364
-54,4,1.620365
-53,3,1.621364
-56,6,1.624366
-59,9,1.628366
-80,30,1.641369
-74,24,1.651371
-53,3,1.652372
-54,4,1.655373
-93,43,1.672376
-59,9,1.676377
-52,2,1.677377
-63,13,1.683382
-77,27,1.694384
-53,3,1.696385
-69,19,1.704386
-68,18,1.711388
-78,28,1.723391
-57,7,1.726391
-55,5,1.729392
-120,70,1.756397
-71,21,1.7654
-52,2,1.766401
-59,9,1.771401
-66,16,1.777402
-61,11,1.782404
-61,11,1.787405
-95,45,1.805409
-55,5,1.80841
-68,18,1.815411
-62,12,1.820413
-57,7,1.824413
-68,18,1.831415
-67,17,1.838416
-57,7,1.842417
-64,14,1.848418
-68,18,1.85542
-72,22,1.864425
-54,4,1.866426
-63,13,1.872427
-54,4,1.874427
26,24,1.884429
-56,6,1.887431
-80,30,1.899433
-78,28,1.911436
-81,31,1.924439
-53,3,1.92644
-60,10,1.93044
-81,31,1.943444
-76,26,1.953445
-67,17,1.960447
-79,29,1.97245
-55,5,1.97545
-55,5,1.977451
-80,30,1.990454
-92,42,2.007458
-63,13,2.012459
-54,4,2.014459
-60,10,2.01946
-53,3,2.020461
-134,84,2.054468
-74,24,2.06447
-67,17,2.071472
-54,4,2.073472
-70,20,2.081475
-54,4,2.083475
-55,5,2.086476
-52,2,2.087476
-110,60,2.111481
-56,6,2.114481
-68,18,2.122484
-89,39,2.137487
-52,2,2.139488
-57,7,2.142488
-64,14,2.148489
-113,63,2.173495
-71,21,2.182498
-59,9,2.186498
-60,10,2.190499
-67,17,2.198501
-72,22,2.207503
-60,10,2.211504
-73,23,2.221506
-60,10,2.225507
-59,9,2.229508
-57,7,2.233508
-57,7,2.236509
-71,21,2.244511
-64,14,2.250512
-58,8,2.254513
-59,9,2.258514
-53,3,2.260515
-59,9,2.264515
-54,4,2.266516
-63,13,2.272518
-61,11,2.276518
-91,41,2.293522
-67,17,2.300524
-118,68,2.327529
-65,15,2.333531
-77,27,2.344533
-117,67,2.37154
-65,15,2.377541
-56,6,2.380542
-54,4,2.382542
-61,11,2.387543
-69,19,2.395545
-52,2,2.397545
-65,15,2.403547
-54,4,2.405547
-55,5,2.408548
-52,2,2.409548
-62,12,2.414549
-76,26,2.425552
-67,17,2.432554
-55,5,2.435554
-59,9,2.439555
-68,18,2.446557
-66,16,2.453558
-78,28,2.46456
-68,18,2.472562
-65,15,2.479564
-58,8,2.482565
-66,16,2.489566
-122,72,2.518573
-81,31,2.530576
-62,12,2.535576
-65,15,2.542578
-54,4,2.544578
-68,18,2.55158
-98,48,2.571584
18,32,2.584588
-63,13,2.589588
-55,5,2.59259
-71,21,2.60059
-92,42,2.617595
-64,14,2.623597
-68,18,2.631598
-59,9,2.635599
-78,28,2.647602
-58,8,2.650603
-92,42,2.667606
-58,8,2.671607
-75,25,2.681609
-69,19,2.689611
-68,18,2.696613
-102,52,2.717618
-72,22,2.72662
-64,14,2.732621
-61,11,2.737622
-95,45,2.755626
-72,22,2.764628
-66,16,2.77163
-126,76,2.801636
-72,22,2.810639
-56,6,2.813639
-53,3,2.815639
-60,10,2.81964
-54,4,2.821641
-80,30,2.834644
-58,8,2.837645
-60,10,2.842647
-71,21,2.851647
-55,5,2.853648
-53,3,2.855648
-76,26,2.865651
-55,5,2.868652
-104,54,2.890657
-53,3,2.891657
-80,30,2.90466
-52,2,2.90566
-57,7,2.90866
-66,16,2.915662
-54,4,2.917663
-53,3,2.919663
-52,2,2.920664
-59,9,2.924664
-63,13,2.930665
-65,15,2.937667
-66,16,2.943668
-53,3,2.945669
-123,73,2.974675
-55,5,2.976676
-57,7,2.980677
-68,18,2.987678
-82,32,3.000682
-79,29,3.012684
-77,27,3.023686
-54,4,3.025687
-84,34,3.03969
-104,54,3.061836
-65,15,3.067838
-57,7,3.071839
-58,8,3.07484
-54,4,3.07684
-58,8,3.080841
-58,8,3.084842
-68,18,3.091843
-57,7,3.095844
-100,100,3.134853
-65,15,3.141855
-90,40,3.157858
-82,32,3.170861
-61,11,3.175863
-86,36,3.189865
-57,7,3.192867
-111,61,3.217872
-67,17,3.224873
-82,32,3.237876
-68,18,3.245878
-54,4,3.247879
-58,8,3.25088
-58,8,3.25488
-58,8,3.258881
-52,2,3.259881
-62,12,3.264883
-64,14,3.270884
-56,6,3.273884
-58,8,3.277885
-99,49,3.29689
-53,3,3.29889
-55,5,3.300891
-72,22,3.309892
-52,2,3.311893
-60,10,3.315894
-63,13,3.321895
-53,3,3.323895
-52,2,3.324896
-66,16,3.331897
-75,25,3.341899
-63,13,3.347901
-54,4,3.349901
-68,18,3.356903
-62,12,3.361904
-75,25,3.372907
-55,5,3.374907
-70,20,3.384909
-52,2,3.38591
-74,24,3.395912
-78,28,3.406914
-76,26,3.417917
-76,26,3.428919
-54,4,3.43092
-53,3,3.43192
-80,30,3.444923
-54,4,3.446924
-90,40,3.462928
-55,5,3.464927
-53,3,3.466928
-55,5,3.468928
-103,53,3.490934
-55,5,3.492934
-76,26,3.503937
-52,2,3.504937
-77,27,3.515939
-54,4,3.517939
-68,18,3.525941
-73,23,3.534943
-65,15,3.541944
-66,16,3.548946
-67,17,3.555948
-56,6,3.558949
-59,9,3.56295
-69,19,3.570951
-85,35,3.584955
-63,13,3.589955
-53,3,3.591956
-54,4,3.593957
-90,40,3.60996
-56,6,3.612961
-64,14,3.618962
-78,28,3.630965
-133,83,3.663972
-67,17,3.670974
-58,8,3.674974
-55,5,3.676975
-68,18,3.684977
-73,23,3.693979
-59,9,3.69798
-53,3,3.699981
-69,19,3.707982
-74,24,3.717984
-76,26,3.728987
-79,29,3.739989
-63,13,3.745991
-52,2,3.746991
-57,7,3.750992
-59,9,3.754993
-82,32,3.767996
-70,20,3.775997
-56,6,3.778998
-54,4,3.780999
-53,3,3.782999
-92,42,3.800003
-58,8,3.803004
-55,5,3.806004
-75,25,3.816006
-67,17,3.823009
-58,8,3.827009
-54,4,3.829009
-63,13,3.835011
-63,13,3.840012
-68,18,3.848014
-94,44,3.866018
-54,4,3.868018
-110,60,3.892024
-52,2,3.893024
-57,7,3.896025
-67,17,3.903026
-58,8,3.907027
-74,24,3.917029
-53,3,3.919029
-53,3,3.92003
-62,12,3.926031
-58,8,3.929032
-70,20,3.938034
-72,22,3.947036
-67,17,3.954037
-55,5,3.956038
-53,3,3.958038
-63,13,3.96404
-52,2,3.96504
-64,14,3.971042
-61,11,3.976043
-62,12,3.981044
-58,8,3.985044
-52,2,3.986045
-54,4,3.988045
-71,21,3.997047
-72,22,4.006049
-60,10,4.01005
-52,2,4.012051
-63,13,4.017052
-60,10,4.022053
-63,13,4.027054
-56,6,4.030055
-68,18,4.038056
-59,9,4.042057
-91,41,4.058061
-96,46,4.077065
-60,10,4.081066
-64,14,4.087067
-77,27,4.09807
-64,14,4.104071
-52,2,4.106071
-57,7,4.109072
-72,22,4.118075
-78,28,4.129077
-53,3,4.131078
-57,7,4.134078
-66,16,4.14108
-60,10,4.146081
-62,12,4.151082
-65,15,4.157083
-72,22,4.166085
-56,6,4.169086
-69,19,4.177088
-70,20,4.185089
-53,3,4.18709
-69,19,4.195092
-68,18,4.202093
-69,19,4.210095
-62,12,4.216096
-104,54,4.238102
-67,17,4.245103
-78,28,4.257105
-92,42,4.274112
-58,8,4.277113
-61,11,4.282114
-81,31,4.295117
-66,16,4.302119
-52,2,4.30312
-53,3,4.305119
-61,11,4.31012
-64,14,4.316122
-84,34,4.329126
-55,5,4.332127
-90,40,4.34813
-70,20,4.356132
-62,12,4.362134
-52,2,4.363135
-61,11,4.368135
-102,52,4.38814
-91,41,4.405143
-81,31,4.418268
-60,10,4.422269
-54,4,4.424269
-90,40,4.440273
-55,5,4.443274
-59,9,4.447274
-55,5,4.449275
-75,25,4.460278
-52,2,4.461278
-81,31,4.474281
-76,26,4.484283
-84,34,4.498286
-60,10,4.503288
-65,15,4.509289
-88,38,4.524292
-59,9,4.528293
-84,34,4.542296
-65,15,4.549298
-80,30,4.561301
-54,4,4.563301
-58,8,4.567302
-64,14,4.573304
-58,8,4.576304
-55,5,4.579304
-100,100,4.618313
-66,16,4.625315
-83,33,4.638318
-83,33,4.652321
-72,22,4.661324
-69,19,4.669324
-60,10,4.673326
-77,27,4.684329
-52,2,4.686328
-72,22,4.695331
-54,4,4.697331
-65,15,4.703335
-67,17,4.711338
-78,28,4.722339
-52,2,4.72334
-56,6,4.72634
-89,39,4.742343
-60,10,4.746344
-83,33,4.760348
-55,5,4.762348
-53,3,4.764349
-52,2,4.765349
-64,14,4.771351
-82,32,4.784353
-78,28,4.796356
-54,4,4.798356
-63,13,4.803357
-90,40,4.820361
-70,20,4.828363
-55,5,4.831364
-112,62,4.856369
-68,18,4.863371
-56,6,4.866371
-60,10,4.871373
-71,21,4.879375
-68,18,4.887376
-76,26,4.898378
-59,9,4.90238
-56,6,4.90438
-69,19,4.912382
-60,10,4.917383
-55,5,4.919383
-82,32,4.932386
-67,17,4.939388
-61,11,4.944392
-95,45,4.962396
-77,27,4.973398
-54,4,4.976399
-63,13,4.981401
-98,48,5.000404
-63,13,5.006406
-78,28,5.01741
-54,4,5.019411
-65,15,5.026412
-70,20,5.034414
-62,12,5.039415
-53,3,5.041416
-69,19,5.049417
-71,21,5.058419
-67,17,5.065421
-66,16,5.07257
-89,39,5.087573
-58,8,5.091575
-60,10,5.096575
-81,31,5.108578
-53,3,5.110579
-60,10,5.114579
-54,4,5.11658
-68,18,5.124581
-60,10,5.128582
-53,3,5.130583
-54,4,5.132584
-52,2,5.133584
-59,9,5.138584
-56,6,5.140585
-57,7,5.144586
-54,4,5.146586
-54,4,5.148587
-57,7,5.151588
-53,3,5.153588
-55,5,5.155588
-54,4,5.157589
-53,3,5.159589
-85,35,5.173593
-63,13,5.179595
-72,22,5.188596
-80,30,5.200598
-55,5,5.203599
-57,7,5.2066
-87,37,5.221604
-72,22,5.230605
-61,11,5.235606
-68,18,5.243608
-76,26,5.253611
-55,5,5.256611
-65,15,5.262613
-87,37,5.277617
-90,40,5.29362
-52,2,5.294619
-52,2,5.29662
-58,8,5.299621
-75,25,5.310623
-55,5,5.312624
-60,10,5.317625
-56,6,5.319625
-58,8,5.323627
-70,20,5.331629
-53,3,5.333629
-62,12,5.33863
-121,71,5.367636
-63,13,5.372637
-59,9,5.376638
-59,9,5.380639
0,50,5.400644
-94,44,5.418648
-78,28,5.43065
-74,24,5.440653
-64,14,5.446654
-73,23,5.455656
-66,16,5.462658
-55,5,5.464658
-54,4,5.466659
-53,3,5.46866
-67,17,5.47566
-56,6,5.478661
-91,41,5.495665
-59,9,5.499666
-75,25,5.509668
-65,15,5.51667
-56,6,5.51867
-61,11,5.523672
-72,22,5.533674
-54,4,5.535675
-57,7,5.538675
-52,2,5.539675
-55,5,5.542675
-90,40,5.558679
-52,2,5.559679
-52,2,5.56068
-97,47,5.579684
-58,8,5.583685
-71,21,5.591687
-59,9,5.595688
-73,23,5.60569
-69,19,5.613692
-61,11,5.618693
-57,7,5.621694
-68,18,5.628696
-66,16,5.635697
-63,13,5.641698
-65,15,5.647699
-83,33,5.661703
-88,38,5.676706
-75,25,5.686708
-62,12,5.692709
-68,18,5.699711
-72,22,5.709713
-60,10,5.713714
-71,21,5.722716
19,31,5.734719
-63,13,5.740721
-69,19,5.748722
-64,14,5.754723
-70,20,5.762726
-63,13,5.768727
-70,20,5.776728
-53,3,5.778729
-70,20,5.786731
-75,25,5.796733
-77,27,5.807735
-73,23,5.817738
-54,4,5.819738
-72,22,5.82874
-64,14,5.834741
-59,9,5.838742
-55,5,5.841743
-52,2,5.842743
-52,2,5.843744
-62,12,5.848745
-60,10,5.853746
-63,13,5.859747
-56,6,5.861748
-53,3,5.863748
-63,13,5.869749
-67,17,5.876751
-53,3,5.878751
-71,21,5.886753
-73,23,5.896756
-78,28,5.907758
-62,12,5.913759
-54,4,5.91576
-58,8,5.91876
-70,20,5.927762
-117,67,5.954768
-53,3,5.955769
-54,4,5.957769
-98,48,5.977774
-64,14,5.983775
-71,21,5.991777
-67,17,5.999779
-60,10,6.00378
-64,14,6.00978
-99,49,6.028785
-63,13,6.034786
-55,5,6.037787
-96,46,6.055792
-71,21,6.064793
-58,8,6.067794
-52,2,6.069794
-70,20,6.077796
-55,5,6.080797
-125,75,6.110804
-56,6,6.113804
-58,8,6.116805
-56,6,6.119806
-74,24,6.129808
-54,4,6.131809
-62,12,6.13781
-88,38,6.152813
-57,7,6.155813
-64,14,6.161815
-82,32,6.174818
-57,7,6.178819
-59,9,6.18282
-53,3,6.183821
-110,60,6.207828
-72,22,6.21683
-60,10,6.221832
-53,3,6.223832
-66,16,6.229833
-69,19,6.237835
-60,10,6.242836
29,21,6.251838
-55,5,6.253839
-61,11,6.25884
-80,30,6.270843
-94,44,6.287846
-94,44,6.30585
-67,17,6.312852
-53,3,6.314852
-61,11,6.319853
-68,18,6.326855
-80,30,6.338858
-52,2,6.340858
-62,12,6.345859
-63,13,6.351861
-56,6,6.353861
-55,5,6.356862
-54,4,6.358863
-69,19,6.366864
-59,9,6.370865
-70,20,6.380867
-82,32,6.393871
-67,17,6.400872
-70,20,6.408873
-56,6,6.411875
-57,7,6.415875
-73,23,6.424878
-67,17,6.431879
-73,23,6.44188
-68,18,6.448882
-60,10,6.453884
-54,4,6.455884
-64,14,6.461886
-65,15,6.467887
-53,3,6.469887
-53,3,6.471888
-112,62,6.495893
-61,11,6.500895
-108,58,6.523899
-52,2,6.5259
-62,12,6.530901
-91,41,6.546905
-67,17,6.554907
-67,17,6.561908
-93,43,6.578912
-54,4,6.580913
-84,34,6.594915
-55,5,6.597916
-75,25,6.607918
-64,14,6.61392
-55,5,6.61592
31,19,6.623922
-64,14,6.629923
-88,38,6.645927
-56,6,6.647928
-70,20,6.656929
-60,10,6.660931
-62,12,6.666931
-78,28,6.677934
-73,23,6.686936
16,34,6.700939
-78,28,6.712942
-53,3,6.714942
-54,4,6.716943
-72,22,6.725945
-74,24,6.735947
-60,10,6.739948
-64,14,6.74595
-61,11,6.75095
-60,10,6.754951
-73,23,6.764953
-54,4,6.766954
-53,3,6.768955
-61,11,6.772956
-60,10,6.777956
-53,3,6.778957
-68,18,6.786959
-79,29,6.798961
-52,2,6.799961
-64,14,6.805963
-77,27,6.816965
-133,83,6.849973
-65,15,6.856974
-78,28,6.867977
-88,38,6.88298
-58,8,6.886981
-64,14,6.892982
-58,8,6.896983
-57,7,6.899985
-52,2,6.900984
-67,17,6.907986
-61,11,6.912987
-72,22,6.921989
-59,9,6.92699
-64,14,6.931992
-52,2,6.933992
-68,18,6.940993
-61,11,6.945995
-54,4,6.947995
-53,3,6.949996
-65,15,6.956997
-62,12,6.961998
-60,10,6.965999
-91,41,6.982003
-69,19,6.990004
-55,5,6.993005
-54,4,6.995005
-82,32,7.008009
-56,6,7.01101
-60,10,7.01501
-55,5,7.018011
-78,28,7.029013
-76,26,7.040016
-62,12,7.045017
-56,6,7.048018
-56,6,7.051018
-121,71,7.079024
-61,11,7.084026
-77,27,7.095028
-76,26,7.106031
-66,16,7.112032
-109,59,7.136037
-64,14,7.142039
-55,5,7.144039
39,11,7.14904
-65,15,7.156042
-52,2,7.157043
-68,18,7.164044
-70,20,7.173045
-52,2,7.174046
-85,35,7.188049
-63,13,7.19405
-89,39,7.210054
-57,7,7.213055
-64,14,7.219056
-68,18,7.226057
-102,52,7.247062
-79,29,7.259065
-54,4,7.261066
-59,9,7.265067
-93,43,7.283071
-55,5,7.285071
-64,14,7.291072
-55,5,7.293073
-93,43,7.311077
-79,29,7.322079
-69,19,7.330081
-67,17,7.338083
-60,10,7.342084
-66,16,7.349085
-63,13,7.354086
-78,28,7.366089
-103,53,7.387094
-54,4,7.389094
-59,9,7.393095
-52,2,7.395095
-86,36,7.409099
-56,6,7.4121
-59,9,7.4161
-136,86,7.450108
-54,4,7.452109
-57,7,7.456109
-79,29,7.468112
-86,36,7.482115
-75,25,7.493117
-77,27,7.50412
-62,12,7.509121
-55,5,7.511122
-62,12,7.516123
-67,17,7.524125
-79,29,7.535127
-57,7,7.539128
-58,8,7.542129
-71,21,7.55113
-61,11,7.556132
-48,98,7.595141
-62,12,7.600142
-62,12,7.605143
-63,13,7.611145
-76,26,7.622147
-81,31,7.63415
-54,4,7.63615
-61,11,7.641151
-104,54,7.663157
-57,7,7.666157
-78,28,7.677159
-63,13,7.68316
-87,37,7.698164
-77,27,7.709167
-64,14,7.715168
-55,5,7.718168
-64,14,7.72417
-52,2,7.72517
-52,2,7.726171
-88,38,7.742175
-67,17,7.749176
-63,13,7.754177
24,26,7.765179
-63,13,7.77118
-67,17,7.778182
-58,8,7.781183
-63,13,7.787184
-54,4,7.789184
-59,9,7.793185
-64,14,7.799186
-60,10,7.804188
-90,40,7.820191
-63,13,7.825193
-52,2,7.827193
-62,12,7.832194
-96,46,7.851198
-57,7,7.8542
-89,39,7.870203
-52,2,7.871203
-79,29,7.883206
-68,18,7.890207
-52,2,7.892208
-65,15,7.898209
-53,3,7.900209
-66,16,7.907211
-54,4,7.909211
-69,19,7.917214
-68,18,7.924215
-60,10,7.929216
-74,24,7.939218
-73,23,7.94822
-54,4,7.950221
-52,2,7.951221
-66,16,7.958222
-52,2,7.960223
-53,3,7.961224
-95,45,7.979227
-61,11,7.984228
-60,10,7.989229
-68,18,7.996231
-96,46,8.014235
-68,18,8.022237
-56,6,8.025238
-66,16,8.03224
-62,12,8.03724
-111,61,8.061246
-55,5,8.064247
-52,2,8.065246
-68,18,8.073248
-52,2,8.074249
-69,19,8.082251
-61,11,8.087251
-62,12,8.092253
-64,14,8.098254
-53,3,8.100254
-72,22,8.109256
-95,45,8.12726
-71,21,8.136262
-112,62,8.161268
-52,2,8.162269
-74,24,8.172271
-69,19,8.180272
-53,3,8.181273
-72,22,8.190274
-76,26,8.201277
-57,7,8.204278
-57,7,8.208278
-60,10,8.21228
-62,12,8.21728
-65,15,8.224283
-116,66,8.250288
-59,9,8.254289
-58,8,8.25729
-58,8,8.261291
-70,20,8.269293
-54,4,8.272294
-53,3,8.273293
-79,29,8.285296
-70,20,8.293298
-54,4,8.296299
-69,19,8.3043
-56,6,8.307301
-77,27,8.318304
-99,49,8.337308
-68,18,8.34531
-63,13,8.35031
-74,24,8.360313
-70,20,8.369314
-62,12,8.374316
-63,13,8.379318
-90,40,8.395321
-59,9,8.400322
-56,6,8.402323
-56,6,8.405323
-77,27,8.416325
-60,10,8.421327
-54,4,8.423327
-54,4,8.425328
-86,36,8.440331
-83,33,8.454334
-57,7,8.457335
-65,15,8.463336
-60,10,8.468337
-114,64,8.493342
-63,13,8.499344
-59,9,8.50347
-61,11,8.508494
-82,32,8.520497
-66,16,8.527498
-104,54,8.549504
-101,51,8.569508
-57,7,8.573509
-74,24,8.582512
-78,28,8.594514
-62,12,8.599515
-54,4,8.601515
-53,3,8.603516
-66,16,8.610517
-69,19,8.618519
-58,8,8.62152
-89,39,8.637524
-52,2,8.639523
-73,23,8.648525
-56,6,8.651526
-76,26,8.66253
-77,27,8.673531
-61,11,8.678533
-67,17,8.685535
-56,6,8.688534
-63,13,8.693536
-57,7,8.696536
-58,8,8.700538
-59,9,8.705538
-52,2,8.706538
-119,69,8.733545
-56,6,8.736546
-61,11,8.741546
-61,11,8.746548
-70,20,8.75455
-65,15,8.761551
-59,9,8.765552
-84,34,8.779555
-83,33,8.792559
-61,11,8.797559
-59,9,8.80156
-57,7,8.804561
-58,8,8.808562
-78,28,8.819564
-94,44,8.837569
-55,5,8.840569
-52,2,8.841569
-71,21,8.850571
-54,4,8.852572
-70,20,8.860574
-60,10,8.865574
-76,26,8.875577
-83,33,8.88958
-54,4,8.89158
-64,14,8.897581
-53,3,8.898582
-69,19,8.906584
-57,7,8.910586
-53,3,8.911585
-64,14,8.917587
-60,10,8.922587
-63,13,8.927588
-13,63,8.952595
-69,19,8.960597
-64,14,8.967597
-71,21,8.975599
-62,12,8.981601
-68,18,8.988602
-62,12,8.993603
-57,7,8.997605
-55,5,8.999605
-59,9,9.003606
-78,28,9.015608
-88,38,9.030612
-76,26,9.041614
-53,3,9.042615
-59,9,9.046615
-87,37,9.06162
-72,22,9.070621
-58,8,9.074622
-66,16,9.081623
-60,10,9.085625
-56,6,9.088625
-52,2,9.090626
-77,27,9.101628
-53,3,9.102628
-53,3,9.104629
-63,13,9.11063
-71,21,9.118631
-79,29,9.130634
-70,20,9.139636
-56,6,9.142637
-100,50,9.162642
-71,21,9.170643
-71,21,9.179646
-57,7,9.182646
-56,6,9.185647
-52,2,9.186647
-52,2,9.188648
-56,6,9.191648
-58,8,9.194649
-54,4,9.197649
26,24,9.206651
-54,4,9.209652
-52,2,9.210652
-57,7,9.213653
22,28,9.225656
20,30,9.237658
-66,16,9.244661
-87,37,9.259663
-77,27,9.270665
-100,50,9.290673
-67,17,9.297675
-66,16,9.304677
-52,2,9.305676
-62,12,9.310678
-70,20,9.319679
-59,9,9.32368
-63,13,9.328682
-53,3,9.330682
-86,36,9.344686
-58,8,9.348686
-73,23,9.358688
-81,31,9.370691
-54,4,9.372692
-60,10,9.377692
-61,11,9.382694
-54,4,9.384695
-84,34,9.397697
-100,50,9.418702
-54,4,9.420702
-53,3,9.421703
-93,43,9.439707
-72,22,9.448709
-73,23,9.457711
-72,22,9.467713
-74,24,9.477715
-52,2,9.478715
-66,16,9.485718
-59,9,9.489718
-54,4,9.491718
-86,36,9.506722
-80,30,9.518724
-63,13,9.524727
-70,20,9.532728
-54,4,9.534729
-65,15,9.541729
-52,2,9.542731
-73,23,9.551732
-66,16,9.558733
-137,87,9.592741
-58,8,9.596742
-52,2,9.597742
-80,30,9.609745
31,19,9.617747
-55,5,9.620747
-52,2,9.621747
-61,11,9.626748
-52,2,9.628749
-78,28,9.639752
-54,4,9.641752
-70,20,9.650754
-54,4,9.652755
-53,3,9.653755
-59,9,9.657756
-72,22,9.667758
-52,2,9.668758
-73,23,9.67776
-62,12,9.683761
-80,30,9.695764
-58,8,9.699765
-53,3,9.701766
-62,12,9.706767
-76,26,9.717769
-66,16,9.72377
-53,3,9.725771
-90,40,9.742775
-52,2,9.743775
-76,26,9.754778
-54,4,9.756778
-99,49,9.775782
-64,14,9.782784
-66,16,9.788785
-56,6,9.791786
-61,11,9.796788
-69,19,9.804789
-62,12,9.80979
-55,5,9.812792
-77,27,9.823794
-61,11,9.827794
-54,4,9.830795
-56,6,9.832796
-101,51,9.853799
-58,8,9.857801
-54,4,9.859801
-55,5,9.861802
-56,6,9.864803
-74,24,9.874805
-55,5,9.876805
-78,28,9.888808
-69,19,9.896809
-61,11,9.901811
-93,43,9.918814
-54,4,9.920816
-64,14,9.926816
-63,13,9.932818
-54,4,9.934819
-89,39,9.949821
-75,25,9.960824
-66,16,9.966825
-73,23,9.976827
-100,100,10.015841
-52,2,10.01684
-54,4,10.019841
-72,22,10.028843
-52,2,10.029843
-59,9,10.033844
-61,11,10.038845
-59,9,10.042846
-89,39,10.05785
-53,3,10.05985
-58,8,10.06385
-58,8,10.067852
-52,2,10.068852
-76,26,10.078855
-54,4,10.081855
-52,2,10.082856
-70,20,10.090857
-57,7,10.094859
-58,8,10.097858
-53,3,10.099859
-62,12,10.10486
-55,5,10.107861
-58,8,10.110862
-59,9,10.114863
-58,8,10.118863
-57,7,10.121864
-56,6,10.124865
-69,19,10.132867
-64,14,10.138868
-61,11,10.143869
-70,20,10.151871
-54,4,10.153871
-86,36,10.168874
-58,8,10.172875
-64,14,10.178877
-60,10,10.182878
-53,3,10.184879
-102,52,10.204883
-65,15,10.211884
-56,6,10.214885
-58,8,10.217886
-88,38,10.233889
-56,6,10.23689
-64,14,10.242892
-74,24,10.251894
-63,13,10.257895
-81,31,10.270898
-65,15,10.276899
-89,39,10.292903
-81,31,10.304905
-57,7,10.308906
-75,25,10.318909
-65,15,10.32491
-56,6,10.32791
-61,11,10.332912
-83,33,10.345915
-52,2,10.347915
-58,8,10.350916
-89,39,10.36692
-54,4,10.36892
-85,35,10.382924
-70,20,10.391925
-92,42,10.408929
-67,17,10.41593
-53,3,10.41693
-58,8,10.420931
-81,31,10.433935
-95,45,10.451938
-52,2,10.452939
-58,8,10.456939
-63,13,10.461941
-54,4,10.463941
-70,20,10.472943
-100,50,10.491947
-57,7,10.495948
-56,6,10.498949
-73,23,10.507951
-68,18,10.515953
-72,22,10.524955
-57,7,10.527955
-54,4,10.529956
-87,37,10.54496
-74,24,10.554962
-68,18,10.562964
-58,8,10.565964
-52,2,10.567964
-55,5,10.569965
-55,5,10.572966
-56,6,10.575967
-63,13,10.580967
-52,2,10.582968
-58,8,10.585969
-59,9,10.589969
-61,11,10.594971
-61,11,10.599972
-78,28,10.611974
-54,4,10.613975
-108,58,10.63698
-54,4,10.638981
-62,12,10.643982
-71,21,10.652984
-66,16,10.658985
-58,8,10.662986
-58,8,10.666987
-61,11,10.671988
-73,23,10.68199
-65,15,10.687992
-57,7,10.690992
-54,4,10.692993
-95,45,10.711997
-70,20,10.720999
-65,15,10.727001
-56,6,10.730001
-56,6,10.733002
-55,5,10.735002
-63,13,10.741004
-117,67,10.76801
-79,29,10.780012
-104,54,10.802017
-64,14,10.808018
-70,20,10.81602
-58,8,10.820021
-96,46,10.838025
-54,4,10.840026
-63,13,10.846028
-72,22,10.855029
-67,17,10.862031
-56,6,10.865032
-53,3,10.867032
-70,20,10.875034
-64,14,10.881035
-67,17,10.888037
-61,11,10.893038
-60,10,10.897039
-61,11,10.90204
-93,43,10.919044
-109,59,10.943049
-63,13,10.94805
-58,8,10.952051
-99,49,10.972055
-106,56,10.99406
-79,29,11.006064
-72,22,11.015065
-53,3,11.017066
-53,3,11.018066
-60,10,11.023067
-65,15,11.029068
-70,20,11.038071
-58,8,11.041071
-14,64,11.067077
-52,2,11.068077
-62,12,11.073079
-83,33,11.087082
-70,20,11.095083
-54,4,11.097083
-53,3,11.099084
-59,9,11.103085
-70,20,11.111087
-26,76,11.142094
-62,12,11.147095
-99,49,11.167099
-68,18,11.175102
-79,29,11.187104
-90,40,11.203108
-58,8,11.206108
-59,9,11.210109
-65,15,11.217111
-86,36,11.231231
-75,25,11.242234
-64,14,11.248235
-54,4,11.250235
-63,13,11.256237
-74,24,11.266239
-71,21,11.27424
-66,16,11.281242
-77,27,11.292245
-61,11,11.297246
-70,20,11.306248
-63,13,11.312249
-52,2,11.31325
-83,33,11.326252
-71,21,11.335254
-68,18,11.343256
-68,18,11.350258
-118,68,11.378265
-53,3,11.380264
-58,8,11.384266
-54,4,11.386267
-57,7,11.389267
-57,7,11.393268
-57,7,11.396269
-89,39,11.412272
-59,9,11.416273
-53,3,11.418273
-58,8,11.422275
-100,100,11.463283
-62,12,11.469285
-63,13,11.474286
-84,34,11.489289
-56,6,11.49229
-54,4,11.49429
-58,8,11.498291
-54,4,11.500292
-59,9,11.504293
-52,2,11.506293
-60,10,11.510294
-76,26,11.521296
-66,16,11.528298
-86,36,11.542301
-63,13,11.548303
-73,23,11.558305
-26,76,11.589312
-66,16,11.596313
-77,27,11.608316
-60,10,11.612317
-63,13,11.618318
-53,3,11.619318
-62,12,11.625321
-85,35,11.639323
-86,36,11.653326
-54,4,11.655327
-127,77,11.686334
-58,8,11.690335
-56,6,11.693335
-71,21,11.702337
-61,11,11.707338
-70,20,11.71534
-59,9,11.719341
-72,22,11.728343
-69,19,11.736346
-59,9,11.741346
-69,19,11.749348
-62,12,11.754349
-76,26,11.765351
21,29,11.777354
-58,8,11.781355
-56,6,11.783356
11,39,11.79936
-70,20,11.808361
-124,74,11.837727
-73,23,11.84673
-56,6,11.84973
-53,3,11.851731
-100,50,11.871735
-54,4,11.873736
-52,2,11.874736
-52,2,11.876736
-57,7,11.879738
-64,14,11.885738
-63,13,11.890739
-67,17,11.898741
-79,29,11.909743
-80,30,11.922747
-71,21,11.930748
-70,20,11.93975
-86,36,11.954754
-60,10,11.958755
-54,4,11.960755
-80,30,11.973758
-62,12,11.978759
-66,16,11.985761
-52,2,11.986761
-54,4,11.988761
-63,13,11.994763
-52,2,11.995764
-70,20,12.003765
-67,17,12.011767
-93,43,12.02877
18,32,12.041773
-55,5,12.044774
-98,48,12.063778
-63,13,12.06978
-61,11,12.074781
-79,29,12.086783
-64,14,12.092785
-52,2,12.093786
-54,4,12.095786
-55,5,12.097786
-73,23,12.107788
-78,28,12.119791
-100,100,12.1588
-87,37,12.173804
-66,16,12.180804
-57,7,12.184805
-59,9,12.188807
-60,10,12.192807
-58,8,12.196808
-52,2,12.197809
-66,16,12.20481
-58,8,12.208811
-60,10,12.212812
-71,21,12.221814
-79,29,12.233817
-60,10,12.237818
-74,24,12.24782
-61,11,12.252821
-66,16,12.259822
-55,5,12.261823
-65,15,12.268824
-53,3,12.269825
-57,7,12.272825
-67,17,12.280827
-68,18,12.287829
-65,15,12.29483
-106,56,12.316835
-56,6,12.319836
-52,2,12.320836
-114,64,12.345842
-79,29,12.357844
-81,31,12.370847
-74,24,12.38085
-74,24,12.390851
-74,24,12.400854
-69,19,12.408856
-87,37,12.42386
-55,5,12.42586
-86,36,12.440863
-59,9,12.444864
-61,11,12.450048
-80,30,12.461868
-96,46,12.480872
-91,41,12.496876
-52,2,12.498876
31,19,12.506878
-77,27,12.517881
-71,21,12.525883
-99,49,12.545887
-57,7,12.548887
-61,11,12.553889
-76,26,12.564891
-66,16,12.571893
-65,15,12.577895
-99,49,12.597898
-58,8,12.600899
-55,5,12.6039
-69,19,12.611045
-100,50,12.63105
-56,6,12.634051
-77,27,12.645053
-57,7,12.649054
-83,33,12.663058
-58,8,12.667058
-53,3,12.668058
-129,79,12.699065
-52,2,12.701066
-69,19,12.709067
-108,58,12.732073
-69,19,12.740074
-59,9,12.744076
-60,10,12.748076
-55,5,12.751077
-52,2,12.752077
-63,13,12.758078
-62,12,12.76308
-70,20,12.771081
-52,2,12.773082
-55,5,12.775083
-53,3,12.777083
-90,40,12.793089
-84,34,12.807092
-56,6,12.810093
-57,7,12.813093
-63,13,12.819095
-71,21,12.827097
-80,30,12.840099
-100,50,12.861104
-66,16,12.868106
-59,9,12.872107
-91,41,12.888111
-55,5,12.891111
-52,2,12.892112
-52,2,12.893111
-56,6,12.896113
-77,27,12.907115
-68,18,12.915117
-94,44,12.933121
-72,22,12.942122
-56,6,12.945123
-68,18,12.952125
-82,32,12.965128
-79,29,12.97713
-76,26,12.988133
-55,5,12.990133
-53,3,12.992134
-66,16,12.999136
-90,40,13.015139
-76,26,13.025141
-55,5,13.028143
-59,9,13.032143
-58,8,13.036144
-60,10,13.040145
-60,10,13.045146
-83,33,13.058149
-57,7,13.06115
-58,8,13.06515
-71,21,13.074153
-54,4,13.076153
-66,16,13.082154
-62,12,13.088156
-54,4,13.090156
-64,14,13.096159
-76,26,13.106664
-87,37,13.121668
-55,5,13.124669
-56,6,13.127669
-82,32,13.140672
-63,13,13.145673
-68,18,13.153675
-66,16,13.160676
-80,30,13.172679
-55,5,13.17468
-83,33,13.188683
-66,16,13.194685
-60,10,13.199685
-62,12,13.204687
-58,8,13.208687
-81,31,13.22069
-64,14,13.226691
-66,16,13.233693
-56,6,13.236694
-53,3,13.238694
-64,14,13.244695
-65,15,13.250697
-59,9,13.254698
-86,36,13.269701
-58,8,13.272702
-77,27,13.283704
-59,9,13.287705
-53,3,13.289706
-119,69,13.316712
-53,3,13.318712
-58,8,13.322713
-71,21,13.331715
-66,16,13.337716
-65,15,13.344719
-61,11,13.349719
-83,33,13.362722
-79,29,13.374725
-78,28,13.385727
-74,24,13.39573
-56,6,13.39873
-60,10,13.402731
-57,7,13.406732
-60,10,13.410733
-70,20,13.419735
-52,2,13.420735
-78,28,13.431738
-84,34,13.445741
-62,12,13.450742
-65,15,13.457743
-58,8,13.460745
-86,36,13.475747
-56,6,13.478748
-66,16,13.48575
-66,16,13.491751
-80,30,13.504755
-66,16,13.510755
-58,8,13.514757
-57,7,13.517757
-58,8,13.521757
-55,5,13.523759
-59,9,13.527759
-77,27,13.539762
-58,8,13.542762
-92,42,13.559766
-77,27,13.570769
-84,34,13.584772
-73,23,13.594774
-57,7,13.598775
-105,55,13.62078
-75,25,13.630783
-65,15,13.637784
-52,2,13.638784
-66,16,13.645786
-56,6,13.648786
-53,3,13.649787
-70,20,13.658789
-73,23,13.667791
-66,16,13.674793
-79,29,13.686795
-74,24,13.696797
-57,7,13.699798
-63,13,13.705799
-87,37,13.720803
-57,7,13.723804
-61,11,13.728804
-72,22,13.737806
-63,13,13.743808
-103,53,13.764813
-55,5,13.766813
-57,7,13.770814
-88,38,13.785818
-84,34,13.79982
-67,17,13.806822
-62,12,13.811823
-64,14,13.817825
-81,31,13.830827
-66,16,13.837829
-80,30,13.849832
-58,8,13.853833
-64,14,13.859834
-92,42,13.875837
-95,45,13.894842
-77,27,13.905844
-53,3,13.906845
-65,15,13.913846
-52,2,13.914847
-81,31,13.927849
-90,40,13.943853
-77,27,13.954856
-61,11,13.959856
-89,39,13.97486
-62,12,13.979861
-63,13,13.985862
-62,12,13.990863
-62,12,13.996865
-68,18,14.003866
-94,44,14.02187
-55,5,14.023871
-96,46,14.042876
-63,13,14.047876
-75,25,14.058879
-67,17,14.06588
-79,29,14.077883
28,22,14.086885
-58,8,14.089886
-93,43,14.108029
-54,4,14.110029
-56,6,14.11303
-53,3,14.11403
-84,34,14.128033
-66,16,14.135035
-69,19,14.143037
-56,6,14.146038
-97,47,14.165042
30,20,14.173043
-76,26,14.184046
-59,9,14.188047
-76,26,14.199049
-104,54,14.220054
-61,11,14.225055
-93,43,14.242059
-119,69,14.269065
-52,2,14.271065
-56,6,14.273066
-67,17,14.281068
-78,28,14.29207
-54,4,14.294071
-73,23,14.304073
-81,31,14.316075
-55,5,14.319076
-75,25,14.329079
-58,8,14.333079
-68,18,14.340081
-76,26,14.351083
-52,2,14.352084
-57,7,14.355084
-68,18,14.363086
-119,69,14.390092
-64,14,14.397093
-59,9,14.401094
-58,8,14.405096
-105,55,14.427101
-70,20,14.435103
-54,4,14.437103
-63,13,14.443104
-53,3,14.445105
-87,37,14.460108
-81,31,14.472111
-57,7,14.476112
-52,2,14.477112
-71,21,14.486114
-62,12,14.491115
-59,9,14.495117
-70,20,14.504118
-62,12,14.509119
-67,17,14.516122
-55,5,14.518123
-68,18,14.526124
-56,6,14.529125
-59,9,14.533126
-56,6,14.536128
-62,12,14.541128
-62,12,14.54713
-65,15,14.55313
-57,7,14.556131
-56,6,14.559132
-79,29,14.571135
-66,16,14.578136
-63,13,14.584138
-56,6,14.587138
-61,11,14.592139
-91,41,14.608143
-53,3,14.610144
-68,18,14.618145
-53,3,14.620146
-52,2,14.621146
-140,90,14.656154
-71,21,14.665156
-52,2,14.666156
-104,54,14.688161
5,45,14.706165
-72,22,14.715168
-57,7,14.719168
-66,16,14.72517
-62,12,14.731171
-144,94,14.768179
-63,13,14.77318
-72,22,14.783183
-66,16,14.789184
-83,33,14.803187
-62,12,14.808188
-62,12,14.814189
-66,16,14.820191
-52,2,14.822192
-57,7,14.825192
-72,22,14.834194
-67,17,14.841195
-58,8,14.845197
-83,33,14.859201
-70,20,14.867204
-53,3,14.869204
-62,12,14.874205
-103,53,14.89521
-64,14,14.901211
-52,2,14.903212
-69,19,14.911214
-115,65,14.93722
-78,28,14.948222
27,23,14.957224
-65,15,14.964225
-123,73,14.993357
-54,4,14.995358
-55,5,14.997359
-61,11,15.00236
-69,19,15.01036
-56,6,15.013362
-53,3,15.015362
-53,3,15.017363
-117,67,15.043368
-55,5,15.04637
-66,16,15.05237
-65,15,15.059372
-64,14,15.065374
-54,4,15.067374
-54,4,15.069374
-73,23,15.079377
-53,3,15.081377
-82,32,15.09438
-76,26,15.104382
-52,2,15.106383
-63,13,15.112385
-52,2,15.113384
-58,8,15.117385
-55,5,15.119385
-61,11,15.124386
-65,15,15.131388
-85,35,15.145392
-70,20,15.153393
-81,31,15.166396
-58,8,15.169396
-80,30,15.181399
-58,8,15.185401
-58,8,15.189402
18,32,15.202404
-69,19,15.210407
-72,22,15.219409
-67,17,15.226409
-52,2,15.22841
-74,24,15.238412
-92,42,15.255417
24,26,15.266418
-56,6,15.26842
-56,6,15.27142
-58,8,15.275421
-68,18,15.283422
-64,14,15.289424
-70,20,15.297426
-52,2,15.298426
-59,9,15.302427
-66,16,15.309428
-71,21,15.31843
-54,4,15.320431
-63,13,15.326432
-54,4,15.328432
-114,64,15.353438
-55,5,15.356439
-95,45,15.374446
-59,9,15.378447
-92,42,15.395451
-59,9,15.399451
-100,100,15.43946
-89,39,15.454464
-59,9,15.458465
-55,5,15.461466
-66,16,15.468467
-55,5,15.470468
-56,6,15.473468
-74,24,15.48347
-53,3,15.485471
-52,2,15.486472
-59,9,15.490472
-73,23,15.500474
-63,13,15.506475
22,28,15.517478
-78,28,15.529481
-71,21,15.537483
-100,50,15.557487
-77,27,15.569489
-71,21,15.577492
-52,2,15.579492
-62,12,15.584493
-62,12,15.589494
-59,9,15.593495
-58,8,15.597497
-61,11,15.602497
-90,40,15.618501
-58,8,15.622502
-67,17,15.629504
-63,13,15.634505
-59,9,15.638505
-63,13,15.644507
-66,16,15.651509
-58,8,15.655509
-56,6,15.65751
-71,21,15.666511
-62,12,15.672513
-95,45,15.690517
-67,17,15.697519
-57,7,15.700519
-54,4,15.70352
-52,2,15.70452
-68,18,15.712523
-55,5,15.714522
-87,37,15.729526
-114,64,15.755532
-59,9,15.759532
-61,11,15.764534
-72,22,15.773535
-55,5,15.776536
13,37,15.79154
-58,8,15.794541
-61,11,15.799541
-64,14,15.805543
-71,21,15.814545
-60,10,15.818546
-83,33,15.832549
-65,15,15.83855
-62,12,15.844552
-86,36,15.858555
-60,10,15.863556
-66,16,15.869557
-81,31,15.88256
-77,27,15.893563
-52,2,15.894563
-59,9,15.898564
-54,4,15.900564
-52,2,15.902565
-52,2,15.903565
-55,5,15.906566
-64,14,15.912568
-71,21,15.920569
-56,6,15.92357
-62,12,15.929572
-57,7,15.932572
-53,3,15.934572
-79,29,15.946575
-65,15,15.952576
-59,9,15.956577
-66,16,15.963578
-68,18,15.971581
-69,19,15.979582
-80,30,15.991585
-73,23,16.001587
-62,12,16.006588
-52,2,16.007589
-53,3,16.009589
-64,14,16.015591
-88,38,16.030594
-75,25,16.041596
-65,15,16.047598
-58,8,16.051598
-52,2,16.052599
30,20,16.060601
-77,27,16.072603
-54,4,16.074604
-62,12,16.079605
-54,4,16.081605
-53,3,16.083606
-70,20,16.091607
-52,2,16.092607
-83,33,16.106611
-52,2,16.107611
-71,21,16.116613
-66,16,16.123615
-84,34,16.137618
-57,7,16.140619
-55,5,16.142619
-57,7,16.14662
-90,40,16.162624
-52,2,16.163623
-58,8,16.167625
-52,2,16.168625
-60,10,16.173626
-65,15,16.180627
-56,6,16.182628
-69,19,16.19163
-53,3,16.19263
-74,24,16.202632
-58,8,16.206633
-120,70,16.23464
-63,13,16.240641
-59,9,16.244642
-78,28,16.255645
-58,8,16.259645
-65,15,16.265647
-56,6,16.268647
-52,2,16.270648
-52,2,16.271648
-55,5,16.274649
-52,2,16.27565
-59,9,16.27965
-59,9,16.283651
-62,12,16.288652
-61,11,16.293653
-73,23,16.302655
-72,22,16.312658
-57,7,16.315659
-76,26,16.32666
-52,2,16.327661
-79,29,16.339663
-70,20,16.347665
-74,24,16.357668
-98,48,16.376671
-55,5,16.379672
-56,6,16.382673
-56,6,16.384674
-52,2,16.386674
-73,23,16.395676
-53,3,16.397677
-91,41,16.41468
-69,19,16.422682
-57,7,16.425683
-54,4,16.427683
-53,3,16.429684
-92,42,16.446687
-64,14,16.452689
-59,9,16.45669
-59,9,16.460691
-52,2,16.461691
-54,4,16.464691
-83,33,16.477695
-59,9,16.482695
-73,23,16.491697
-65,15,16.498699
-58,8,16.501699
-60,10,16.506701
-71,21,16.514703
-58,8,16.518704
-59,9,16.522705
-67,17,16.529706
-56,6,16.532706
-75,25,16.542709
-52,2,16.544709
-79,29,16.556712
-76,26,16.566714
-52,2,16.568715
-61,11,16.572716
-63,13,16.578717
-66,16,16.585719
-64,14,16.59172
-60,10,16.595721
-52,2,16.597722
-53,3,16.598722
-59,9,16.602723
-58,8,16.606724
-55,5,16.608724
-55,5,16.611724
-68,18,16.619726
-62,12,16.624727
-83,33,16.637731
-52,2,16.639731
-67,17,16.646732
-54,4,16.648733
-112,62,16.673868
-63,13,16.679869
-113,63,16.705875
2,48,16.72588
-63,13,16.73088
-54,4,16.732882
-70,20,16.741883
-74,24,16.751885
-52,2,16.753886
-75,25,16.763888
-62,12,16.768889
-57,7,16.77189
-78,28,16.783893
-95,45,16.801896
-62,12,16.806898
-59,9,16.810899
-65,15,16.817901
-64,14,16.823901
-53,3,16.825902
-67,17,16.832904
-60,10,16.836904
-57,7,16.839906
-71,21,16.848907
-56,6,16.851907
-76,26,16.862911
-66,16,16.868912
-53,3,16.870912
-63,13,16.876913
-89,39,16.893917
-52,2,16.894918
-60,10,16.898919
-73,23,16.908921
-52,2,16.909921
-96,46,16.928926
-80,30,16.940928
-62,12,16.94593
-70,20,16.953931
-52,2,16.955932
-72,22,16.964933
-109,59,16.987939
-62,12,16.99394
-64,14,16.999941
-73,23,17.008943
-58,8,17.012945
-53,3,17.013944
-88,38,17.029948
-83,33,17.042951
-56,6,17.045952
-71,21,17.054954
-83,33,17.067956
-56,6,17.070957
-71,21,17.079959
-72,22,17.088962
-54,4,17.090962
-84,34,17.104965
-66,16,17.111967
-60,10,17.115968
-58,8,17.119968
-64,14,17.12597
-53,3,17.12797
-83,33,17.140973
-54,4,17.142974
-83,33,17.155977
-55,5,17.158977
-91,41,17.174981
-58,8,17.178982
-77,27,17.189984
-52,2,17.190984
-58,8,17.194985
-72,22,17.203987
-77,27,17.21499
-52,2,17.21599
-79,29,17.227993
-56,6,17.230993
-86,36,17.245998
-77,27,17.256999
-64,14,17.263001
-115,65,17.288006
-60,10,17.293007
-82,32,17.306011
-52,2,17.30701
-71,21,17.316013
-78,28,17.327015
-55,5,17.330015
-67,17,17.337017
-54,4,17.339018
-57,7,17.342018
-53,3,17.344019
-62,12,17.349033
-64,14,17.355034
-76,26,17.366037
-77,27,17.377039
-71,21,17.386043
-54,4,17.388042
-60,10,17.392042
-52,2,17.394043
-67,17,17.401044
-101,51,17.421049
11,39,17.437052
-64,14,17.443055
-83,33,17.456058
-64,14,17.462059
-94,44,17.480062
-59,9,17.484063
-55,5,17.487064
-71,21,17.495066
-54,4,17.498067
-58,8,17.501067
-56,6,17.504069
-58,8,17.508069
-66,16,17.51507
-70,20,17.523072
-69,19,17.531074
-56,6,17.534075
-59,9,17.538076
-52,2,17.539076
-54,4,17.541076
-58,8,17.545077
-59,9,17.549078
-131,81,17.581085
-56,6,17.584086
-78,28,17.595088
-90,40,17.612092
-77,27,17.623095
-59,9,17.627095
-67,17,17.634097
-68,18,17.641098
-79,29,17.653102
-59,9,17.657102
-55,5,17.660103
-66,16,17.667104
-67,17,17.674107
-74,24,17.684108
-62,12,17.68911
-60,10,17.694111
-70,20,17.702112
-74,24,17.712115
-53,3,17.714116
-58,8,17.718116
-83,33,17.731119
-63,13,17.73712
-116,66,17.763126
-56,6,17.766129
-59,9,17.770131
-60,10,17.774132
-91,41,17.791136
-52,2,17.792136
-52,2,17.793136
-54,4,17.796137
-66,16,17.802138
-63,13,17.80814
-67,17,17.81514
-64,14,17.821142
-81,31,17.834146
-55,5,17.836145
-59,9,17.840146
31,19,17.848149
-68,18,17.856151
-110,60,17.880155
-77,27,17.891158
-55,5,17.893158
-96,46,17.912163
-60,10,17.916164
-54,4,17.918164
-66,16,17.925166
-54,4,17.927166
-53,3,17.929167
-60,10,17.933167
-79,29,17.94517
-122,72,17.974177
-70,20,17.982179
-52,2,17.983179
-75,25,17.994182
-60,10,17.998182
-76,26,18.009185
-58,8,18.013186
-82,32,18.026189
-70,20,18.03419
-63,13,18.040191
-54,4,18.042318
-78,28,18.053316
-60,10,18.058317
-78,28,18.069319
-64,14,18.075321
-62,12,18.080322
-53,3,18.082322
-53,3,18.084322
-61,11,18.089324
-89,39,18.104327
-64,14,18.110329
-110,60,18.134334
-64,14,18.140336
-60,10,18.145336
-67,17,18.152339
-113,63,18.177343
-58,8,18.181345
-80,30,18.193347
-69,19,18.20135
-52,2,18.20235
-57,7,18.20535
-99,49,18.225354
-57,7,18.228356
-69,19,18.236357
-54,4,18.239357
-96,46,18.257362
-67,17,18.265364
-55,5,18.267364
-65,15,18.274365
-123,73,18.303372
-52,2,18.304373
-52,2,18.305373
-67,17,18.312375
-53,3,18.314374
-67,17,18.321376
-71,21,18.330378
-69,19,18.33838
-59,9,18.342381
-94,44,18.359385
-52,2,18.361386
-68,18,18.368387
-60,10,18.373388
-52,2,18.374388
-68,18,18.38239
-66,16,18.388391
-58,8,18.392393
-72,22,18.401394
-105,55,18.423399
-63,13,18.429401
-56,6,18.432401
-52,2,18.433401
-62,12,18.438403
-63,13,18.444404
-53,3,18.446405
-68,18,18.453406
-75,25,18.464409
-60,10,18.46841
-66,16,18.475411
-69,19,18.483413
-80,30,18.495415
-55,5,18.497416
-55,5,18.500417
-73,23,18.509418
-56,6,18.51242
-98,48,18.531424
-54,4,18.534424
-70,20,18.542426
-110,60,18.566432
-65,15,18.572432
-102,52,18.593437
-62,12,18.598439
-57,7,18.601439
-84,34,18.615443
-54,4,18.617443
-82,32,18.630446
-78,28,18.641448
-57,7,18.645449
-53,3,18.646449
-52,2,18.64845
-55,5,18.65045
-55,5,18.65345
-71,21,18.662454
-83,33,18.675457
-60,10,18.680457
-52,2,18.681457
-70,20,18.689459
-64,14,18.695461
-74,24,18.705463
-65,15,18.712465
-60,10,18.716466
-62,12,18.721466
-80,30,18.73447
-64,14,18.74047
-54,4,18.742471
-77,27,18.753473
-101,51,18.773478
-54,4,18.775479
-60,10,18.780479
-57,7,18.78348
-69,19,18.791483
-111,61,18.815487
-60,10,18.820489
-72,22,18.829491
-64,14,18.835492
-62,12,18.840493
-69,19,18.848495
-67,17,18.855497
-59,9,18.859497
-58,8,18.863498
-53,3,18.865499
-72,22,18.874501
-63,13,18.879502
-58,8,18.883502
-56,6,18.886504
-79,29,18.898506
-65,15,18.904507
-58,8,18.908509
-78,28,18.920511
-81,31,18.932514
-68,18,18.940515
-77,27,18.951519
-76,26,18.962521
-65,15,18.968522
-70,20,18.977524
-70,20,18.985526
-78,28,18.996529
-61,11,19.00153
-57,7,19.00553
-80,30,19.017533
-94,44,19.034537
-58,8,19.038538
-72,22,19.04754
-107,57,19.070545
-79,29,19.082548
-71,21,19.090549
-54,4,19.09255
-83,33,19.105553
-68,18,19.113555
-57,7,19.116556
-72,22,19.126184
-54,4,19.12869
-81,31,19.141694
-56,6,19.144695
-103,53,19.165699
-72,22,19.1747
-56,6,19.177701
-54,4,19.179702
-62,12,19.185704
-69,19,19.193705
-60,10,19.197706
-58,8,19.201706
-54,4,19.203707
-71,21,19.212709
-65,15,19.218711
-77,27,19.229713
-55,5,19.232713
-61,11,19.236715
-52,2,19.238716
-69,19,19.246717
-56,6,19.249717
-61,11,19.254719
-57,7,19.257719
-70,20,19.265722
-55,5,19.268722
-89,39,19.283725
-56,6,19.286726
-58,8,19.290727
-74,24,19.300729
-52,2,19.30173
-76,26,19.312732
-69,19,19.320734
-54,4,19.322734
-53,3,19.324735
-72,22,19.333738
-64,14,19.339738
-99,49,19.358742
-101,51,19.379747
-58,8,19.382747
-56,6,19.385749
-58,8,19.389749
-62,12,19.39475
-83,33,19.408754
-54,4,19.410754
-60,10,19.414886
-68,18,19.422888
-56,6,19.425888
-60,10,19.429889
-54,4,19.431889
-76,26,19.442892
-80,30,19.454895
-84,34,19.468898
-66,16,19.475899
-76,26,19.485901
-100,50,19.505906
-61,11,19.510907
-113,63,19.535913
-62,12,19.540915
-54,4,19.542914
-57,7,19.546916
-61,11,19.550916
-114,64,19.576923
-58,8,19.580923
-62,12,19.585925
-84,34,19.599927
-72,22,19.60893
-71,21,19.616932
-70,20,19.625933
-54,4,19.627934
-110,60,19.651939
-79,29,19.663942
-57,7,19.666943
-53,3,19.668943
-86,36,19.682946
-57,7,19.686947
-90,40,19.70295
-96,46,19.721955
-57,7,19.724955
-70,20,19.732957
-56,6,19.735958
-61,11,19.740959
-61,11,19.74596
-59,9,19.749961
-59,9,19.753962
-59,9,19.757963
-61,11,19.762964
-84,34,19.776968
-61,11,19.780968
-53,3,19.782969
-54,4,19.784969
-73,23,19.794971
-57,7,19.797972
-52,2,19.798973
-72,22,19.808974
-56,6,19.810976
-97,47,19.829979
-59,9,19.83398
-53,3,19.835981
-56,6,19.838981
-64,14,19.844982
-57,7,19.847983
-137,87,19.882991
-53,3,19.883991
-80,30,19.896994
-92,42,19.912998
-68,18,19.921
-59,9,19.925
-52,2,19.926001
-59,9,19.930002
-56,6,19.933002
-55,5,19.936003
-53,3,19.937003
-80,30,19.950006
-64,14,19.956008
-60,10,19.960008
-87,37,19.975012
-57,7,19.979013
-66,16,19.985014
-61,11,19.990015
-76,26,20.001017
-61,11,20.006145
-68,18,20.013146
-68,18,20.021148
-98,48,20.040152
-52,2,20.041152
-80,30,20.054155
-60,10,20.058156
-54,4,20.060157
-63,13,20.066159
-72,22,20.07516
-74,24,20.085162
-55,5,20.087163
-65,15,20.094164
-57,7,20.097165
-63,13,20.103166
-52,2,20.104166
-57,7,20.107167
-74,24,20.11717
-67,17,20.124171
-52,2,20.126171
-76,26,20.136174
-71,21,20.145175
-70,20,20.153177
-53,3,20.155178
-52,2,20.157179
-65,15,20.16318
-93,43,20.180183
-71,21,20.189186
-53,3,20.191186
-57,7,20.194187
-57,7,20.197189
-57,7,20.201188
-77,27,20.212191
-61,11,20.217192
-53,3,20.218192
-61,11,20.223193
-108,58,20.246198
-61,11,20.251199
-53,3,20.2532
-77,27,20.264203
-85,35,20.278206
-77,27,20.289209
-100,50,20.309213
-71,21,20.318215
-101,51,20.33922
-82,32,20.352222
-54,4,20.354223
-64,14,20.360224
-80,30,20.372227
-70,20,20.381229
-60,10,20.38523
-60,10,20.390231
-52,2,20.391231
-55,5,20.393232
-71,21,20.403234
-56,6,20.406234
-86,36,20.420762
-56,6,20.423762
-55,5,20.425763
-52,2,20.426763
-83,33,20.440766
-60,10,20.444767
-83,33,20.45877
-54,4,20.460771
17,33,20.473773
-78,28,20.485777
-105,55,20.506781
-86,36,20.521785
-71,21,20.530786
-52,2,20.531786
-66,16,20.538788
-66,16,20.54579
-60,10,20.549791
-58,8,20.553792
-75,25,20.563794
-81,31,20.576797
-69,19,20.584799
-58,8,20.587799
-55,5,20.5908
-61,11,20.595802
-61,11,20.600802
-57,7,20.603803
-105,55,20.625808
-75,25,20.63581
-94,44,20.653814
-111,61,20.67782
-54,4,20.67982
-53,3,20.68182
-53,3,20.683821
-52,2,20.684821
15,35,20.698824
-56,6,20.701825
-60,10,20.706826
-63,13,20.711828
-66,16,20.718829
-57,7,20.721829
-65,15,20.728832
-61,11,20.733832
-69,19,20.741834
-58,8,20.744835
-61,11,20.749836
-62,12,20.754837
-56,6,20.757838
-85,35,20.771998
-64,14,20.777999
-66,16,20.785
-54,4,20.787001
-59,9,20.791002
-74,24,20.801004
-69,19,20.809006
27,23,20.819008
-59,9,20.823009
-54,4,20.82501
-77,27,20.836012
-55,5,20.839013
-69,19,20.846015
-56,6,20.849015
-148,98,20.888024
-53,3,20.890025
-60,10,20.894025
31,19,20.902027
-77,27,20.91303
-60,10,20.918031
-58,8,20.921031
-82,32,20.934034
-121,71,20.962041
-52,2,20.964041
-85,35,20.978045
-56,6,20.981045
-63,13,20.986046
-72,22,20.996052
-54,4,20.998051
-57,7,21.001052
-61,11,21.006052
-65,15,21.013054
-52,2,21.014054
-62,12,21.019055
-57,7,21.023056
-62,12,21.028058
-87,37,21.043061
-58,8,21.046062
-74,24,21.056063
-67,17,21.063065
-75,25,21.074068
-52,2,21.075068
-57,7,21.078069
-52,2,21.080069
-64,14,21.086071
-52,2,21.087071
-62,12,21.096073
-75,25,21.12708
-65,15,21.146084
-94,44,21.198096
-66,16,21.221101
-60,10,21.233104
-54,4,21.238105
-80,30,21.279117
-60,10,21.29112
-83,33,21.333132
-52,2,21.338132
-57,7,21.349135
-64,14,21.363138
-63,13,21.384145
-53,3,21.389146
-116,66,21.474167
-80,30,21.513176
-86,36,21.556186
-81,31,21.595194
-91,41,21.64433
-69,19,21.668337
-76,26,21.701345
-100,100,21.823372
-63,13,21.842377
-84,34,21.885386
-55,5,21.890388
-75,25,21.919394
-55,5,21.925395
-85,35,21.962404
-62,12,21.975407
-81,31,22.005413
-131,81,22.092435
-52,2,22.094435
-109,59,22.158598
-73,23,22.184604
-73,23,22.207609
-60,10,22.220613
-87,37,22.259621
-83,33,22.296629
-63,13,22.311633
-68,18,22.329637
-57,7,22.337639
-69,19,22.359644
-86,36,22.398653
-79,29,22.42866
-72,22,22.452665
-77,27,22.481671
-88,38,22.522681
-62,12,22.534683
-75,25,22.561689
-54,4,22.56669
19,31,22.601698
-67,17,22.618702
-98,48,22.670714
-65,15,22.688718
-106,56,22.749732
-69,19,22.767736
-67,17,22.788741
-68,18,22.807745
-54,4,22.811746
-53,3,22.815747
-68,18,22.835751
-63,13,22.851754
-81,31,22.883762
-53,3,22.887763
-98,48,22.939775
-84,34,22.976782
-92,42,23.022793
-57,7,23.030795
-67,17,23.0488
26,24,23.074805
-54,4,23.079806
-55,5,23.085808
-52,2,23.088808
-68,18,23.107812
-57,7,23.115814
-68,18,23.136819
-102,52,23.190831
-75,25,23.217837
-58,8,23.226839
-85,35,23.264847
-58,8,23.273849
-52,2,23.27485
-56,6,23.282851
-54,4,23.28704
-58,8,23.296854
-67,17,23.314859
-55,5,23.31986
-56,6,23.327862
-75,25,23.354867
-74,24,23.382874
-64,14,23.396877
-77,27,23.426884
-56,6,23.433885
-65,15,23.447889
-57,7,23.456891
-58,8,23.466893
-56,6,23.474895
-75,25,23.499029
-60,10,23.509031
-60,10,23.521034
-54,4,23.525034
-68,18,23.544039
-70,20,23.567044
-57,7,23.575046
-94,44,23.621056
-71,21,23.64306
-120,70,23.721079
-56,6,23.72708
-64,14,23.745086
-65,15,23.76309
-74,24,23.792097
-71,21,23.814102
-52,2,23.815102
-55,5,23.823103
-60,10,23.834105
-66,16,23.85111
-83,33,23.888119
-76,26,23.917125
-68,18,23.934128
-69,19,23.955133
-53,3,23.959135
-52,2,23.961135
-57,7,23.970137
-72,22,23.994142
-53,3,23.996143
-72,22,24.022149
-74,24,24.047154
-63,13,24.061157
-58,8,24.070159
-63,13,24.084162
-64,14,24.100166
-89,39,24.144176
-75,25,24.169182
-58,8,24.178183
-57,7,24.187185
-60,10,24.197187
23,27,24.225194
-52,2,24.227195
-71,21,24.2512
-55,5,24.256201
-52,2,24.257201
-55,5,24.265203
-62,12,24.278206
-53,3,24.279207
-70,20,24.300211
-54,4,24.305212
-52,2,24.309213
-65,15,24.325217
-77,27,24.352223
-84,34,24.392231
-55,5,24.398233
-74,24,24.423238
-61,11,24.436242
-52,2,24.437242
-61,11,24.450245
-78,28,24.480251
-66,16,24.496255
-66,16,24.513259
-75,25,24.542265
-63,13,24.559269
-66,16,24.576273
-58,8,24.585275
-119,69,24.657291
-78,28,24.688298
-55,5,24.6953
-100,100,24.800323
-85,35,24.838332
-62,12,24.852336
-57,7,24.860337
-61,11,24.87134
-91,41,24.920351
-84,34,24.956359
-72,22,24.981364
-86,36,25.022373
-54,4,25.028501
-52,2,25.029502
-67,17,25.046505
-64,14,25.064509
-54,4,25.06951
-71,21,25.092515
-55,5,25.097517
-69,19,25.118522
-67,17,25.137526
-72,22,25.161531
-132,82,25.24755
-83,33,25.285559
-64,14,25.299562
-55,5,25.304563
-52,2,25.308564
-53,3,25.312566
-90,40,25.356575
-79,29,25.387583
-63,13,25.400585
-56,6,25.408587
-58,8,25.417589
-59,9,25.425591
-59,9,25.434592
-52,2,25.438593
-53,3,25.440594
-85,35,25.478603
-109,59,25.543617
-110,60,25.605777
-63,13,25.61878
-69,19,25.639785
-57,7,25.648787
-63,13,25.66279
-92,42,25.705799
-59,9,25.716802
-68,18,25.734806
-64,14,25.75381
-66,16,25.770814
-88,38,25.811824
26,24,25.837829
-55,5,25.843831
-76,26,25.876838
-52,2,25.877838
-56,6,25.88684
-69,19,25.910846
-63,13,25.924849
-56,6,25.92985
-111,61,25.995865
-60,10,26.004867
-73,23,26.029872
-54,4,26.035873
-84,34,26.069882
-63,13,26.086885
-66,16,26.10589
-64,14,26.120893
-88,38,26.161903
-79,29,26.190909
-65,15,26.208913
-65,15,26.222916
-57,7,26.232055
-55,5,26.236056
-58,8,26.245058
-68,18,26.266062
-118,68,26.340079
-52,2,26.34208
-61,11,26.354082
-66,16,26.372087
-54,4,26.377088
23,27,26.407096
-64,14,26.4221
-55,5,26.429101
-83,33,26.463111
-63,13,26.477114
-60,10,26.490117
-60,10,26.500119
-126,76,26.576136
-58,8,26.585138
-54,4,26.59014
-58,8,26.599141
-30,80,26.689162
-57,7,26.698164
-111,61,26.764179
-57,7,26.77218
-80,30,26.81019
-56,6,26.821192
-77,27,26.8542
-68,18,26.875204
-52,2,26.879205
-60,10,26.888207
-76,26,26.922215
-60,10,26.932217
-72,22,26.960223
-54,4,26.964224
-77,27,26.993231
-85,35,27.032239
-86,36,27.071248
-101,51,27.130388
-59,9,27.14039
-60,10,27.153393
-58,8,27.161395
-100,50,27.212407
-64,14,27.22741
-64,14,27.241413
-58,8,27.250415
-72,22,27.27542
-66,16,27.293425
-90,40,27.335434
-60,10,27.345437
-58,8,27.353438
-61,11,27.366441
-67,17,27.384445
-59,9,27.396449
-54,4,27.401449
-73,23,27.430455
-73,23,27.456462
-55,5,27.461462
-54,4,27.466464
-53,3,27.471464
-54,4,27.475466
-63,13,27.490469
-53,3,27.49347
-75,25,27.519475
-64,14,27.535479
-125,75,27.614497
-73,23,27.641503
-62,12,27.654653
-53,3,27.658654
-54,4,27.663655
-53,3,27.667656
-73,23,27.690662
-55,5,27.698663
-100,50,27.749674
-93,43,27.793684
-59,9,27.803686
-83,33,27.838694
-55,5,27.845696
-53,3,27.847696
-67,17,27.868702
-59,9,27.877703
-60,10,27.888705
-65,15,27.905709
-127,77,27.989728
-63,13,28.006732
-58,8,28.014734
-137,87,28.106755
-86,36,28.147764
-53,3,28.152765
-60,10,28.163771
-66,16,28.181775
-55,5,28.186776
-56,6,28.191777
-73,23,28.217783
-54,4,28.221784
11,39,28.269795
-77,27,28.299964
-89,39,28.340974
-65,15,28.356978
-59,9,28.36698
-58,8,28.376981
-61,11,28.390985
-58,8,28.399987
-61,11,28.414991
-66,16,28.432994
-64,14,28.446997
-61,11,28.46
-92,42,28.50401
-68,18,28.525015
-62,12,28.538018
-54,4,28.543019
-58,8,28.551021
-54,4,28.556022
-78,28,28.586143
-65,15,28.603147
32,18,28.622151
-70,20,28.644156
-75,25,28.671162
-67,17,28.690166
-61,11,28.703168
-57,7,28.711171
-82,32,28.74918
-67,17,28.771185
-58,8,28.782187
27,23,28.806192
-64,14,28.823196
-63,13,28.837199
-68,18,28.858204
-85,35,28.893215
-64,14,28.910218
-73,23,28.936225
-71,21,28.958229
-76,26,28.985235
-67,17,29.00624
-58,8,29.015242
-77,27,29.043248
9,41,29.088258
-65,15,29.102261
-52,2,29.106263
-68,18,29.124267
-81,31,29.158275
-59,9,29.168277
-68,18,29.191281
-57,7,29.199283
-78,28,29.229445
-145,95,29.324467
-55,5,29.332469
-55,5,29.33847
-68,18,29.356474
-53,3,29.359474
-54,4,29.364476
-71,21,29.38648
-70,20,29.409486
-58,8,29.418488
-74,24,29.447494
-72,22,29.472501
-52,2,29.4735
-76,26,29.502506
-60,10,29.513509
-56,6,29.522511
-83,33,29.556519
-109,59,29.620536
-60,10,29.631539
-59,9,29.642541
-58,8,29.651543
-94,44,29.698554
-55,5,29.703555
-61,11,29.716558
-92,42,29.760568
-70,20,29.783573
-74,24,29.810579
-68,18,29.830584
-76,26,29.85659
-79,29,29.886596
-79,29,29.921604
-63,13,29.93561
-71,21,29.957614
-58,8,29.965616
-75,25,29.993622
-72,22,30.020628
-88,38,30.059639
-95,45,30.108792
-60,10,30.118794
-84,34,30.157804
-60,10,30.168806
-60,10,30.181809
-77,27,30.210816
-70,20,30.23182
-73,23,30.256826
-73,23,30.282831
-63,13,30.296834
-65,15,30.313838
-65,15,30.330969
-69,19,30.349973
-69,19,30.372978
-60,10,30.385981
-61,11,30.395984
-71,21,30.421989
-63,13,30.436993
-82,32,30.472001
-67,17,30.490005
-59,9,30.499007
-75,25,30.528013
-110,60,30.591177
-64,14,30.60518
-55,5,30.610181
-62,12,30.623187
-93,43,30.670197
-54,4,30.675199
-74,24,30.705205
-89,39,30.747215
37,13,30.761218
-57,7,30.77022
-58,8,30.779222
-52,2,30.780222
-80,30,30.81423
-76,26,30.841236
-82,32,30.876243
-81,31,30.909251
-60,10,30.921254
-74,24,30.94726
-55,5,30.953261
-57,7,30.961263
-57,7,30.969265
-65,15,30.989269
-79,29,31.020276
-59,9,31.031279
-54,4,31.03728
-81,31,31.069287
-59,9,31.08029
-65,15,31.093293
-55,5,31.101294
-58,8,31.111297
-106,56,31.17131
-59,9,31.179312
-86,36,31.220321
-60,10,31.230323
-68,18,31.251328
-55,5,31.25633
-53,3,31.26033
-54,4,31.265332
-55,5,31.272333
-75,25,31.30034
-72,22,31.327345
-84,34,31.364354
-52,2,31.369355
-56,6,31.374356
27,23,31.400362
-62,12,31.414365
-78,28,31.443372
-59,9,31.452374
-56,6,31.460375
-80,30,31.493383
-74,24,31.521389
-74,24,31.546395
-83,33,31.586404
-69,19,31.605408
-58,8,31.61441
-76,26,31.643417
-94,44,31.689532
-65,15,31.707536
-52,2,31.708536
-52,2,31.712538
-70,20,31.734542
-89,39,31.773551
-79,29,31.808558
-65,15,31.823562
-95,45,31.874573
-64,14,31.887577
-69,19,31.909582
-89,39,31.94959
-58,8,31.958592
-59,9,31.968595
-95,45,32.015605
-52,2,32.018607
-104,54,32.07962
-54,4,32.085621
-73,23,32.111627
-53,3,32.117628
-54,4,32.121629
-56,6,32.12763
-58,8,32.138633
-92,42,32.183643
-54,4,32.188644
-60,10,32.197646
-55,5,32.204648
-78,28,32.233654
-85,35,32.271663
-9,59,32.334677
-60,10,32.343679
-60,10,32.357682
-94,44,32.405693
-68,18,32.427698
-53,3,32.431699
-52,2,32.4367
-64,14,32.451703
-54,4,32.456705
-72,22,32.48171
-57,7,32.488711
-84,34,32.52572
-55,5,32.529721
-88,38,32.573731
-64,14,32.590735
-56,6,32.598736
-76,26,32.624742
-78,28,32.656749
37,13,32.669752
-67,17,32.691758
-67,17,32.709762
-60,10,32.719764
-52,2,32.722765
-91,41,32.766774
-59,9,32.776777
-64,14,32.793781
-68,18,32.812785
-57,7,32.821787
-64,14,32.83779
-68,18,32.857795
-58,8,32.866797
-66,16,32.883801
-55,5,32.888802
-72,22,32.914808
-59,9,32.92481
-85,35,32.961819
-71,21,32.982823
-77,27,33.01283
-56,6,33.018831
-100,50,33.075968
-79,29,33.108976
-52,2,33.112976
-61,11,33.123978
-65,15,33.140982
-78,28,33.169989
-63,13,33.182992
-70,20,33.203996
-81,31,33.241005
-60,10,33.254008
-73,23,33.277013
-54,4,33.281014
-61,11,33.295017
-66,16,33.314021
-85,35,33.35403
-58,8,33.363033
-68,18,33.381036
-55,5,33.388038
-61,11,33.401041
-72,22,33.425046
37,13,33.43905
-56,6,33.447051
-73,23,33.471056
-63,13,33.487061
-55,5,33.492061
-70,20,33.515066
-69,19,33.537072
-68,18,33.556076
-66,16,33.57508
36,14,33.592084
-60,10,33.601086
-56,6,33.609087
-64,14,33.625091
-69,19,33.647096
-55,5,33.652097
-79,29,33.681104
-52,2,33.685105
-62,12,33.699108
-58,8,33.70811
-58,8,33.717112
-82,32,33.75212
-55,5,33.759122
-52,2,33.763122
-59,9,33.772124
-64,14,33.786128
-67,17,33.807132
-63,13,33.820136
-60,10,33.830137
-54,4,33.834138
-52,2,33.839139
-82,32,33.871146
-63,13,33.88615
-71,21,33.909155
-59,9,33.920158
-77,27,33.947164
-57,7,33.957166
-81,31,33.992174
-62,12,34.005177
-57,7,34.015179
-63,13,34.030182
-58,8,34.039185
-56,6,34.045187
-52,2,34.048187
-65,15,34.06519
-74,24,34.092197
-69,19,34.1122
-63,13,34.127205
-58,8,34.136206
-58,8,34.146209
-73,23,34.170214
-59,9,34.183217
-54,4,34.189218
-70,20,34.212224
-79,29,34.24323
-52,2,34.245232
-71,21,34.270237
-53,3,34.272237
-79,29,34.305244
-146,96,34.404267
-61,11,34.415388
-61,11,34.431392
-53,3,34.435393
-66,16,34.453397
-63,13,34.467401
-103,53,34.524413
-52,2,34.528414
-77,27,34.558421
-77,27,34.586428
-52,2,34.590428
-79,29,34.622435
-57,7,34.630437
-61,11,34.64444
-66,16,34.662445
0,50,34.716457
-74,24,34.744462
-54,4,34.749464
-76,26,34.778471
-58,8,34.787472
-61,11,34.797475
-58,8,34.806477
-70,20,34.827482
-62,12,34.841485
-56,6,34.849486
-65,15,34.86649
-60,10,34.875492
-107,57,34.934505
-56,6,34.942508
-59,9,34.951509
-77,27,34.982516
-81,31,35.017525
-85,35,35.054533
-76,26,35.084539
-83,33,35.121702
-68,18,35.142706
-75,25,35.170712
-54,4,35.175714
-104,54,35.233727
-55,5,35.240729
21,29,35.269734
-70,20,35.29274
-72,22,35.317745
-70,20,35.339751
-83,33,35.376762
-56,6,35.384764
-52,2,35.387765
-61,11,35.397767
-54,4,35.401767
-93,43,35.447778
-65,15,35.464782
-66,16,35.483912
-70,20,35.505916
-62,12,35.518919
-58,8,35.527921
-70,20,35.549926
-69,19,35.570931
-57,7,35.576933
-57,7,35.586935
-65,15,35.606939
-69,19,35.628945
-71,21,35.651949
-55,5,35.65695
-62,12,35.668953
-59,9,35.680956
-57,7,35.689958
-88,38,35.730967
-64,14,35.74597
-56,6,35.752972
-67,17,35.772101
-59,9,35.782104
-58,8,35.791106
-62,12,35.804108
-72,22,35.828115
-60,10,35.839117
-61,11,35.853119
-63,13,35.867123
-61,11,35.880126
-72,22,35.904131
-74,24,35.930137
-65,15,35.948141
-65,15,35.964144
29,21,35.98715
-60,10,36.000153
-60,10,36.010155
-68,18,36.03116
-62,12,36.046163
-80,30,36.078173
-81,31,36.11118
-60,10,36.121182
-58,8,36.131185
-71,21,36.15819
-52,2,36.159191
-87,37,36.1992
-79,29,36.234207
-69,19,36.252211
-57,7,36.261214
-53,3,36.265214
-101,51,36.318226
-73,23,36.340231
-54,4,36.345232
-59,9,36.358235
-56,6,36.365237
-64,14,36.383241
-65,15,36.400245
25,25,36.429251
-61,11,36.440254
-71,21,36.46526
-62,12,36.479263
-60,10,36.489265
-54,4,36.494266
-104,54,36.55428
-89,39,36.596289
-84,34,36.635298
-55,5,36.642299
-66,16,36.659303
-69,19,36.679308
-57,7,36.688309
-57,7,36.694311
-81,31,36.729319
-60,10,36.741322
-77,27,36.769328
-56,6,36.77733
-80,30,36.808337
-68,18,36.829341
-67,17,36.847346
-72,22,36.873351
-73,23,36.898357
-58,8,36.906359
-54,4,36.91136
-58,8,36.920362
-58,8,36.930364
-70,20,36.951369
-81,31,36.986377
-52,2,36.989377
-60,10,36.99938
-53,3,37.003381
-63,13,37.017384
-103,53,37.076397
-58,8,37.085399
-59,9,37.097402
-58,8,37.106404
-69,19,37.125408
-60,10,37.138411
-52,2,37.139411
-86,36,37.179547
-58,8,37.188549
-7,57,37.252563
-61,11,37.261566
-72,22,37.285571
-79,29,37.317578
-57,7,37.32658
-54,4,37.330581
-107,57,37.392595
-74,24,37.419601
-60,10,37.431604
-59,9,37.441606
-61,11,37.453609
-99,49,37.507624
-67,17,37.525628
-55,5,37.530629
-54,4,37.53463
-62,12,37.548636
-64,14,37.564639
-67,17,37.582643
-69,19,37.602647
-62,12,37.615651
-62,12,37.629653
-77,27,37.65866
-58,8,37.667662
-67,17,37.686666
-55,5,37.691668
-62,12,37.70467
-74,24,37.730676
-58,8,37.740679
-57,7,37.74768
-67,17,37.766684
-60,10,37.777687
-95,45,37.825697
-61,11,37.8377
-107,57,37.898716
-59,9,37.909718
-72,22,37.935725
-64,14,37.950728
-100,100,38.058875
-60,10,38.069877
-56,6,38.076879
-67,17,38.095883
-66,16,38.112887
-65,15,38.130891
-72,22,38.156897
-64,14,38.173901
-69,19,38.194906
-94,44,38.24492
-76,26,38.270925
-52,2,38.273925
-79,29,38.305935
-5,55,38.367949
-64,14,38.381952
-70,20,38.403958
-107,57,38.467971
-67,17,38.485975
-56,6,38.492977
-73,23,38.518109
13,37,38.557118
-60,10,38.570121
-89,39,38.612133
-59,9,38.622136
-61,11,38.634139
-57,7,38.641141
-74,24,38.668147
-65,15,38.68515
-83,33,38.719158
-59,9,38.730161
-55,5,38.735162
-65,15,38.752166
-80,30,38.784173
-3,53,38.846187
-57,7,38.854188
-64,14,38.872193
-58,8,38.880194
-69,19,38.899199
-57,7,38.907201
-63,13,38.921204
-53,3,38.925205
-62,12,38.940208
-53,3,38.944209
-74,24,38.969214
-61,11,38.982218
-74,24,39.009223
-64,14,39.024227
-59,9,39.033229
-62,12,39.047232
-81,31,39.085241
-63,13,39.101245
-52,2,39.105246
-55,5,39.113247
-64,14,39.134253
-55,5,39.140254
-55,5,39.146255
-63,13,39.163259
-69,19,39.188265
-57,7,39.201267
-85,35,39.245277
-63,13,39.26028
-78,28,39.293288
-67,17,39.314292
-56,6,39.321294
-63,13,39.337297
-52,2,39.338297
-123,73,39.420316
-72,22,39.443321
-78,28,39.472328
-95,45,39.519338
10,40,39.563348
-73,23,39.589355
-79,29,39.619361
-70,20,39.641366
-80,30,39.673373
-58,8,39.681375
-56,6,39.688377
-76,26,39.718384
21,29,39.750391
-61,11,39.763393
-61,11,39.777396
-56,6,39.782398
-52,2,39.786398
-71,21,39.807403
-53,3,39.811404
-74,24,39.83841
-66,16,39.856547
-60,10,39.866549
-60,10,39.878552
-78,28,39.908559
-54,4,39.914561
-78,28,39.944567
-55,5,39.949568
-52,2,39.951568
-84,34,39.992578
-56,6,39.99858
-75,25,40.027586
-58,8,40.037588
-96,46,40.083599
-83,33,40.117734
-65,15,40.134737
-55,5,40.140739
-70,20,40.162744
-56,6,40.170745
-77,27,40.202753
26,24,40.230759
-63,13,40.246763
-60,10,40.256765
-58,8,40.266767
-59,9,40.27877
-52,2,40.27977
-52,2,40.283771
-52,2,40.284771
-56,6,40.292773
-70,20,40.314778
-3,53,40.371791
-63,13,40.384794
-59,9,40.394797
-80,30,40.427806
-76,26,40.454812
-85,35,40.492821
-90,40,40.535831
-83,33,40.569838
-96,46,40.62185
-66,16,40.637854
-84,34,40.674862
-61,11,40.686864
-53,3,40.691866
-72,22,40.71487
-57,7,40.723873
-57,7,40.732875
-100,100,40.838899
-54,4,40.8429
-75,25,40.870906
-82,32,40.903913
-64,14,40.920917
-104,54,40.981931
-76,26,41.009937
-57,7,41.015939
-78,28,41.046946
-58,8,41.054948
-99,49,41.10896
-68,18,41.126963
-55,5,41.132965
-67,17,41.15397
-67,17,41.172974
-73,23,41.19898
-67,17,41.216984
-76,26,41.24299
-59,9,41.254992
-64,14,41.269995
-90,40,41.313005
-80,30,41.346013
-54,4,41.351014
-64,14,41.365017
-81,31,41.398024
-70,20,41.42003
-66,16,41.439034
-65,15,41.457038
-85,35,41.494046
-57,7,41.502048
-54,4,41.507049
-66,16,41.525053
-56,6,41.533055
-55,5,41.538056
-54,4,41.543057
-69,19,41.564062
-59,9,41.574064
-84,34,41.609072
-52,2,41.613073
-71,21,41.634078
-55,5,41.639079
-58,8,41.649081
-106,56,41.707094
-82,32,41.743103
-65,15,41.761107
-76,26,41.792113
-70,20,41.814267
-137,87,41.903288
-58,8,41.913291
-80,30,41.946299
-56,6,41.9533
-64,14,41.971304
-67,17,41.990309
-55,5,41.99431
-87,37,42.037319
35,15,42.054323
-66,16,42.072327
-104,54,42.131341
-54,4,42.135341
-69,19,42.157347
-54,4,42.162348
-86,36,42.201356
-71,21,42.223361
-77,27,42.252368
-57,7,42.259369
-57,7,42.269372
-54,4,42.274373
-68,18,42.295378
-65,15,42.31038
-67,17,42.331386
-54,4,42.336386
-60,10,42.347389
-88,38,42.389528
-56,6,42.39453
-77,27,42.424536
-66,16,42.44254
-56,6,42.448542
-58,8,42.457543
-61,11,42.469546
-63,13,42.48555
-64,14,42.502554
-133,83,42.590725
-98,48,42.643739
-62,12,42.657742
-99,49,42.708754
-56,6,42.714755
-69,19,42.73676
-60,10,42.748763
-68,18,42.767767
-77,27,42.795774
-54,4,42.800774
-54,4,42.804775
-64,14,42.818779
-82,32,42.853787
-71,21,42.877792
-82,32,42.9138
-65,15,42.929804
-79,29,42.963811
-57,7,42.969813
-58,8,42.977814
-80,30,43.010825
-57,7,43.020827
-65,15,43.03583
-52,2,43.039831
-52,2,43.040831
-68,18,43.062836
-79,29,43.091842
-81,31,43.12685
-69,19,43.147855
-83,33,43.181863
-71,21,43.204868
-58,8,43.21487
-54,4,43.218871
-65,15,43.237875
-73,23,43.263881
-64,14,43.278885
-129,79,43.364904
-59,9,43.374906
-64,14,43.39091
-62,12,43.402912
-53,3,43.404913
-56,6,43.411915
-60,10,43.421917
-85,35,43.461926
-68,18,43.483931
-90,40,43.526941
-60,10,43.536942
-58,8,43.546945
-69,19,43.56795
-59,9,43.576952
-58,8,43.585954
-54,4,43.589955
-111,61,43.653969
-78,28,43.683976
-100,50,43.738988
-59,9,43.74799
-84,34,43.786999
9,41,43.83301
-81,31,43.869018
-57,7,43.876019
-60,10,43.889022
-74,24,43.917029
-71,21,43.940033
-74,24,43.965039
-53,3,43.97004
-93,43,44.017051
-54,4,44.022052
-103,53,44.077065
-71,21,44.10007
-70,20,44.122075
-54,4,44.126075
-100,100,44.2361
-58,8,44.246102
-52,2,44.249103
-77,27,44.276109
-69,19,44.298114
-62,12,44.312117
-58,8,44.321119
23,27,44.350126
25,25,44.377132
-68,18,44.398138
-74,24,44.425148
20,30,44.460156
-56,6,44.469159
-72,22,44.493164
-111,61,44.563179
-79,29,44.599188
-58,8,44.608189
-128,78,44.69121
-77,27,44.721215
-74,24,44.746221
-54,4,44.751222
-83,33,44.78923
-63,13,44.803233
-53,3,44.807234
-95,45,44.857249
-57,7,44.866251
-69,19,44.890262
-79,29,44.923842
-57,7,44.934844
-59,9,44.944847
-58,8,44.954849
-54,4,44.95885
-60,10,44.973855
-54,4,44.978856
-60,10,44.989859
-68,18,45.011864
-85,35,45.051873
-72,22,45.08088
-54,4,45.08588
-77,27,45.11989
-52,2,45.120891
-71,21,45.144897
-74,24,45.169904
-52,2,45.173905
17,33,45.208913
-73,23,45.233919
-56,6,45.23992
-69,19,45.261926
-57,7,45.269928
-73,23,45.295933
-70,20,45.319058
-69,19,45.339063
-61,11,45.352066
-61,11,45.365068
-60,10,45.374071
-52,2,45.378072
-71,21,45.401077
-82,32,45.437085
-58,8,45.446087
-53,3,45.451088
-83,33,45.486096
-68,18,45.508101
-58,8,45.517102
-68,18,45.536108
-67,17,45.554111
15,35,45.59212
-63,13,45.606123
-66,16,45.624127
-72,22,45.649132
-72,22,45.673138
-69,19,45.693143
-55,5,45.700144
-68,18,45.722149
-84,34,45.759158
-74,24,45.787164
-53,3,45.791165
-53,3,45.796166
-69,19,45.818171
-63,13,45.834174
-59,9,45.843177
-66,16,45.86018
-67,17,45.879184
-68,18,45.898189
-52,2,45.900189
-80,30,45.9362
-62,12,45.949203
-60,10,45.959205
-61,11,45.972208
-80,30,46.008216
-56,6,46.014218
-58,8,46.023219
-53,3,46.02722
-61,11,46.040223
-61,11,46.051226
-59,9,46.064229
-53,3,46.06723
-62,12,46.081232
-83,33,46.121242
-5,55,46.178255
-72,22,46.20326
-55,5,46.209261
-77,27,46.239268
-97,47,46.29128
-78,28,46.322287
-94,44,46.369298
-53,3,46.371298
12,38,46.409307
-61,11,46.421309
-64,14,46.438313
-66,16,46.457317
-127,77,46.541336
-58,8,46.549338
-70,20,46.572467
-76,26,46.601474
-61,11,46.615477
-55,5,46.620478
-61,11,46.632481
-56,6,46.639482
-55,5,46.643483
-98,48,46.699496
-72,22,46.727502
-6,56,46.787516
-64,14,46.801519
-55,5,46.808521
-53,3,46.810521
16,34,46.85053
-55,5,46.855531
-69,19,46.878537
-73,23,46.903542
-54,4,46.908544
-65,15,46.922546
-63,13,46.93755
-73,23,46.960555
-72,22,46.985561
-61,11,46.998564
-58,8,47.009566
-74,24,47.038573
-70,20,47.060578
-60,10,47.07158
-72,22,47.096586
-69,19,47.11559
-71,21,47.139595
-82,32,47.174603
-92,42,47.220613
-59,9,47.229616
-52,2,47.233616
-85,35,47.273625
-71,21,47.297631
-57,7,47.305633
-70,20,47.329638
17,33,47.366646
-58,8,47.376649
-71,21,47.399654
-54,4,47.405655
-54,4,47.409656
-80,30,47.442663
-56,6,47.448665
-70,20,47.47067
-90,40,47.51768
-57,7,47.526683
-54,4,47.531684
-54,4,47.537685
-56,6,47.543686
-73,23,47.569692
-107,57,47.631706
37,13,47.64871
-59,9,47.659713
-80,30,47.694721
-55,5,47.702722
-79,29,47.733729
-128,78,47.820749
-76,26,47.849759
-53,3,47.853759
-52,2,47.855759
-63,13,47.870763
-111,61,47.937778
-70,20,47.960784
-69,19,47.982788
-72,22,48.008794
-53,3,48.012795
-60,10,48.022797
-113,63,48.089813
-72,22,48.113818
-84,34,48.149826
-65,15,48.16883
-53,3,48.17083
-105,55,48.232844
-64,14,48.251849
-58,8,48.260851
-54,4,48.265852
-65,15,48.281856
-56,6,48.290858
-58,8,48.30086
-60,10,48.309861
9,41,48.355874
-62,12,48.369877
-79,29,48.399884
-77,27,48.42989
-73,23,48.454896
-55,5,48.463036
-75,25,48.492043
-57,7,48.501045
-57,7,48.508047
-62,12,48.522049
-75,25,48.551056
-61,11,48.561059
-62,12,48.574061
-52,2,48.578063
-57,7,48.586064
-81,31,48.619079
-57,7,48.626075
-70,20,48.64808
-57,7,48.657082
-56,6,48.663084
-72,22,48.688089
-58,8,48.696091
-60,10,48.706093
-65,15,48.723097
-118,68,48.798114
-64,14,48.815118
-53,3,48.817118
-63,13,48.834122
-101,51,48.888748
-89,39,48.930261
-61,11,48.943264
-85,35,48.981273
-58,8,48.990277
-71,21,49.013283
-52,2,49.014283
-62,12,49.027286
-64,14,49.04629
-77,27,49.078298
-56,6,49.086299
-61,11,49.100302
-68,18,49.119307
-73,23,49.145313
-97,47,49.202325
-105,55,49.262339
-53,3,49.263339
-53,3,49.26734
-53,3,49.272341
-53,3,49.276342
-76,26,49.307349
-98,48,49.360361
-86,36,49.40037
-60,10,49.412372
-73,23,49.436378
-55,5,49.443379
-60,10,49.453382
-52,2,49.457383
-59,9,49.467385
-61,11,49.480389
-56,6,49.486389
-89,39,49.529399
-67,17,49.545403
-52,2,49.549403
24,26,49.57641
-70,20,49.599415
-99,49,49.652427
-14,64,49.726444
-65,15,49.745447
-55,5,49.750449
-56,6,49.761452
-78,28,49.795459
-52,2,49.79646
-78,28,49.828467
-73,23,49.853472
-71,21,49.874476
-81,31,49.909485
34,16,49.927489
-57,7,49.936491
-61,11,49.950494
-116,66,50.02051
-56,6,50.028512
-12,62,50.095526
-56,6,50.103529
-73,23,50.127534
-53,3,50.131535
-67,17,50.148664
-72,22,50.173671
-52,2,50.174671
-63,13,50.191675
-113,63,50.256689
-89,39,50.300699
-100,50,50.355711
-53,3,50.357712
-77,27,50.386719
-66,16,50.404722
-107,57,50.469738
-71,21,50.492742
-62,12,50.505745
-90,40,50.550758
-60,10,50.560761
-56,6,50.569762
-60,10,50.579765
-34,84,50.673786
-73,23,50.698792
-58,8,50.708794
-53,3,50.712795
-73,23,50.737801
-52,2,50.741802
-71,21,50.761806
-62,12,50.774809
-58,8,50.784811
-59,9,50.794814
-54,4,50.798814
-57,7,50.807816
-64,14,50.82382
-65,15,50.837824
-67,17,50.857828
8,42,50.904838
-27,77,50.989857
-72,22,51.015863
-69,19,51.036868
-61,11,51.04687
-62,12,51.058872
-70,20,51.081878
-56,6,51.08988
-60,10,51.099882
-54,4,51.104883
-62,12,51.116886
-66,16,51.13389
-134,84,51.22291
-60,10,51.235913
-77,27,51.26792
-67,17,51.285924
-61,11,51.297927
-116,66,51.369943
-54,4,51.373944
-85,35,51.411952
-53,3,51.417954
-103,53,51.470966
-62,12,51.484969
-53,3,51.48897
-56,6,51.495972
-66,16,51.515976
-61,11,51.529979
-76,26,51.557986
-120,70,51.636003
-85,35,51.674011
-69,19,51.693016
-59,9,51.705018
-82,32,51.742027
-63,13,51.755029
-11,61,51.818044
-74,24,51.84705
-54,4,51.851051
-72,22,51.881058
-65,15,51.895061
-63,13,51.911065
-54,4,51.916066
-53,3,51.918066
14,36,51.957075
-61,11,51.971078
-75,25,51.997084
-77,27,52.027091
-79,29,52.057098
-53,3,52.061099
-69,19,52.082104
-86,36,52.121112
-65,15,52.139116
-93,43,52.184126
-63,13,52.20013
-105,55,52.260143
-57,7,52.270146
-63,13,52.283149
-69,19,52.305154
-56,6,52.313155
-55,5,52.318156
-59,9,52.328159
-57,7,52.337161
-67,17,52.354164
-78,28,52.383171
-59,9,52.393173
-55,5,52.399175
-92,42,52.446185
-119,69,52.519202
-56,6,52.528204
-52,2,52.529204
-54,4,52.534205
-55,5,52.542207
-59,9,52.552209
-67,17,52.570213
-83,33,52.606221
-57,7,52.615224
-85,35,52.654232
-61,11,52.668235
-79,29,52.700243
-79,29,52.729249
-59,9,52.740251
-62,12,52.752254
-69,19,52.77426
-72,22,52.800265
-69,19,52.82027
-54,4,52.826271
-54,4,52.831272
-78,28,52.864279
-69,19,52.886285
-52,2,52.891285
-55,5,52.897287
-98,48,52.950301
-62,12,52.963304
19,31,53.000312
-67,17,53.018316
-57,7,53.027318
-67,17,53.045322
-79,29,53.07933
-62,12,53.094334
-78,28,53.126341
-82,32,53.163348
-63,13,53.175352
-84,34,53.21436
-58,8,53.223362
-60,10,53.234365
-64,14,53.252369
-76,26,53.280375
-68,18,53.30138
-53,3,53.306381
-54,4,53.310382
-70,20,53.333388
-80,30,53.364394
-98,48,53.419406
-53,3,53.423407
-52,2,53.425407
-70,20,53.447412
-64,14,53.463416
-53,3,53.468417
-53,3,53.469418
-63,13,53.486422
-67,17,53.506426
-60,10,53.516428
-64,14,53.532432
-56,6,53.538433
-52,2,53.543434
-70,20,53.56644
-71,21,53.588445
-66,16,53.607449
-54,4,53.61245
-62,12,53.624453
-62,12,53.637455
-79,29,53.668463
-59,9,53.679465
-58,8,53.687466
-74,24,53.714473
-58,8,53.724475
-78,28,53.757483
-124,74,53.840501
-64,14,53.856505
-55,5,53.862506
-66,16,53.88151
-88,38,53.920519
-76,26,53.951526
-73,23,53.977532
-88,38,54.018541
-52,2,54.022542
-52,2,54.023542
-75,25,54.052549
-66,16,54.071553
-65,15,54.087557
32,18,54.110563
-68,18,54.131568
-60,10,54.142569
-56,6,54.148571
-85,35,54.187579
-60,10,54.197582
-62,12,54.210585
-81,31,54.244593
-55,5,54.249593
-72,22,54.276717
-62,12,54.28972
-62,12,54.303723
37,13,54.318727
-64,14,54.33473
-88,38,54.374739
-65,15,54.392743
-79,29,54.425753
-58,8,54.435755
-63,13,54.449759
-56,6,54.45776
-57,7,54.465763
-62,12,54.480765
-79,29,54.511772
-55,5,54.518774
-70,20,54.540779
-95,45,54.59079
-55,5,54.598792
-74,24,54.625798
-65,15,54.640801
-104,54,54.700815
-64,14,54.714818
-58,8,54.72382
-54,4,54.728822
-61,11,54.740824
-54,4,54.745825
-82,32,54.781833
-57,7,54.792835
-58,8,54.801838
-132,82,54.890858
-56,6,54.89986
-68,18,54.920865
-63,13,54.937868
-76,26,54.965875
-75,25,54.995882
-72,22,55.022888
-52,2,55.023888
-64,14,55.041893
-63,13,55.054895
-61,11,55.068898
-64,14,55.083902
-62,12,55.098905
-79,29,55.132912
-57,7,55.140914
-63,13,55.15792
-104,54,55.215936
-71,21,55.239941
-66,16,55.257945
-54,4,55.263947
-68,18,55.286952
-85,35,55.32596
-77,27,55.351966
-73,23,55.378972
29,21,55.401978
-67,17,55.421982
-99,49,55.477119
-64,14,55.492126
-54,4,55.496127
-58,8,55.505128
-106,56,55.564142
-75,25,55.594149
-112,62,55.660164
-84,34,55.699172
26,24,55.727179
-91,41,55.770189
29,21,55.794194
-66,16,55.811198
-72,22,55.838729
-70,20,55.859734
-71,21,55.88274
-59,9,55.891741
-52,2,55.895742
-61,11,55.905744
-56,6,55.913747
-69,19,55.935751
-65,15,55.949754
-60,10,55.962758
-72,22,55.985763
-71,21,56.011768
-65,15,56.025773
-52,2,56.030773
13,37,56.069782
-62,12,56.082784
29,21,56.10879
-58,8,56.117792
-86,36,56.157801
-59,9,56.169804
-62,12,56.182809
-72,22,56.207815
-54,4,56.212816
-73,23,56.238958
-57,7,56.24796
-58,8,56.255962
-61,11,56.266964
-58,8,56.274966
-54,4,56.280968
-53,3,56.284968
-64,14,56.301972
-64,14,56.315975
-63,13,56.329979
-75,25,56.358985
-77,27,56.387992
-71,21,56.413998
-77,27,56.442004
-123,73,56.522022
-71,21,56.544028
-56,6,56.549028
24,26,56.580035
-58,8,56.589037
-65,15,56.606041
-66,16,56.623045
-97,47,56.674056
-56,6,56.683059
-57,7,56.69106
-65,15,56.707063
-83,33,56.746073
-65,15,56.762076
18,32,56.795083
-61,11,56.807086
-55,5,56.813087
-69,19,56.836093
-52,2,56.841094
-62,12,56.853097
-72,22,56.877102
-52,2,56.881103
-77,27,56.908112
-63,13,56.925115
-69,19,56.943119
-79,29,56.97813
-62,12,56.994133
-60,10,57.006135
-65,15,57.02514
-62,12,57.038284
-84,34,57.075292
-56,6,57.083294
-54,4,57.088295
-52,2,57.089296
30,20,57.113301
-57,7,57.121302
-65,15,57.140308
-96,46,57.189318
-52,2,57.194319
-72,22,57.216324
-65,15,57.233328
31,19,57.256333
-75,25,57.282339
-58,8,57.292341
-76,26,57.322348
-58,8,57.33235
-68,18,57.351354
-13,63,57.423371
-53,3,57.428371
-63,13,57.442375
-72,22,57.467381
-104,54,57.526394
-68,18,57.545398
-56,6,57.554401
-70,20,57.576405
-58,8,57.586408
-59,9,57.595409
-76,26,57.627417
-80,30,57.658563
-62,12,57.672566
-64,14,57.68957
-52,2,57.690571
-63,13,57.705574
-64,14,57.722578
-57,7,57.731579
-64,14,57.747583
-60,10,57.760587
-55,5,57.765587
-56,6,57.771589
-63,13,57.787592
-68,18,57.806597
-80,30,57.842605
-79,29,57.875612
-54,4,57.880614
-76,26,57.90862
-58,8,57.918622
-56,6,57.927624
-58,8,57.935626
-66,16,57.95463
23,27,57.984637
-57,7,57.990638
-52,2,57.994639
-62,12,58.007642
26,24,58.034647
-68,18,58.054652
-82,32,58.09066
-82,32,58.126669
-89,39,58.170679
-77,27,58.200685
20,30,58.232692
-52,2,58.236694
-75,25,58.2647
-91,41,58.307709
-61,11,58.321712
-64,14,58.340717
-71,21,58.362722
-91,41,58.408732
-55,5,58.413733
-72,22,58.438739
-54,4,58.44374
-58,8,58.453742
-54,4,58.457743
-65,15,58.474747
-65,15,58.48975
-77,27,58.519757
-62,12,58.534761
-65,15,58.551764
27,23,58.578771
-80,30,58.612778
-61,11,58.626782
-65,15,58.642785
-61,11,58.652787
-57,7,58.662789
-54,4,58.66679
-68,18,58.689795
-59,9,58.698797
20,30,58.732805
-59,9,58.746808
13,37,58.788818
-65,15,58.805821
-85,35,58.84183
-58,8,58.850832
-75,25,58.882839
-71,21,58.905844
-67,17,58.923848
-54,4,58.92985
-65,15,58.947997
-55,5,58.952999
-54,4,58.957999
-59,9,58.968001
-60,10,58.981004
-84,34,59.019012
-71,21,59.043018
-92,42,59.086028
-52,2,59.090029
-54,4,59.09403
-75,25,59.122036
-76,26,59.148042
-57,7,59.157044
-62,12,59.170047
-111,61,59.235061
-52,2,59.240062
-116,66,59.310079
-88,38,59.354088
-56,6,59.36109
-63,13,59.377093
-89,39,59.418103
-52,2,59.422104
-52,2,59.423105
-60,10,59.436107
-60,10,59.446109
-61,11,59.460112
15,35,59.502122
-59,9,59.512124
-62,12,59.526127
21,29,59.557137
-82,32,59.592145
-79,29,59.625152
-61,11,59.636155
-63,13,59.652158
-71,21,59.673163
22,28,59.70617
-64,14,59.723174
-69,19,59.745179
-61,11,59.758182
-60,10,59.768184
-54,4,59.774186
-52,2,59.778187
-52,2,59.779187
-112,62,59.848202
-57,7,59.857204
-80,30,59.890212
-76,26,59.920219
5,45,59.970232
-53,3,59.974233
-70,20,59.997238
-75,25,60.023244
-60,10,60.034247
-81,31,60.070255
-67,17,60.088259
-76,26,60.117265
-79,29,60.148272
-60,10,60.161275
-54,4,60.167277
-61,11,60.178406
-62,12,60.192409
-66,16,60.211413
-60,10,60.224416
-59,9,60.234418
-53,3,60.23942
-55,5,60.244421
-52,2,60.247421
24,26,60.276428
-84,34,60.315437
-56,6,60.321438
-67,17,60.340442
-70,20,60.362447
-61,11,60.37545
-54,4,60.379451
-53,3,60.383452
-83,33,60.42146
-81,31,60.456468
-65,15,60.473472
28,22,60.496477
-86,36,60.535486
-62,12,60.55049
-58,8,60.560492
-59,9,60.570494
-66,16,60.587498
-60,10,60.600501
-68,18,60.618505
-67,17,60.64051
-82,32,60.676518
-69,19,60.697523
-75,25,60.72753
-54,4,60.732531
-65,15,60.746534
-77,27,60.776541
-64,14,60.792544
-60,10,60.804547
-59,9,60.814548
-58,8,60.823551
-57,7,60.832553
-54,4,60.837555
10,40,60.880564
-63,13,60.894567
-53,3,60.899568
-52,2,60.903569
-59,9,60.913572
-100,50,60.968584
-85,35,61.008592
-55,5,61.013594
-90,40,61.056604
9,41,61.102614
-65,15,61.116617
-63,13,61.132621
-52,2,61.134621
-96,46,61.185633
-75,25,61.211639
10,40,61.258767
-65,15,61.277772
-52,2,61.279772
-63,13,61.292775
-74,24,61.320781
-73,23,61.346787
-81,31,61.384796
-60,10,61.396798
-59,9,61.409801
-71,21,61.430806
-74,24,61.458812
-2,52,61.517826
34,16,61.53683
-68,18,61.555834
-65,15,61.571838
-88,38,61.615847
14,36,61.655857
-55,5,61.661858
-53,3,61.66786
-61,11,61.678862
-66,16,61.694865
-120,70,61.774883
-57,7,61.783885
-54,4,61.788887
-64,14,61.80389
-56,6,61.811892
-52,2,61.813892
-55,5,61.819894
-52,2,61.822894
-54,4,61.827896
-63,13,61.841898
5,45,61.892059
-54,4,61.897061
34,16,61.914064
-58,8,61.925066
21,29,61.962075
-87,37,62.005085
-81,31,62.040092
-65,15,62.054095
-62,12,62.067098
-63,13,62.083102
-77,27,62.112108
-71,21,62.139114
-56,6,62.144116
-71,21,62.168123
-92,42,62.218137
36,14,62.23314
-70,20,62.256147
-58,8,62.26515
27,23,62.291155
-91,41,62.338166
-65,15,62.35517
-58,8,62.365172
-63,13,62.380175
40,10,62.395179
-68,18,62.415184
-74,24,62.442189
-82,32,62.479198
-55,5,62.4862
-70,20,62.509204
-64,14,62.523207
30,20,62.547215
30,20,62.57122
-76,26,62.602228
-54,4,62.607229
-66,16,62.624233
-60,10,62.634235
-59,9,62.643237
-58,8,62.653239
-60,10,62.664242
-55,5,62.669243
-62,12,62.683246
-55,5,62.687247
-59,9,62.70025
-100,50,62.753262
-93,43,62.800272
-69,19,62.822277
-56,6,62.828279
-90,40,62.871288
-61,11,62.883291
-72,22,62.907296
-56,6,62.914298
-101,51,62.975312
-56,6,62.983313
-56,6,62.991315
-64,14,63.008319
-66,16,63.02698
-53,3,63.031485
-65,15,63.050489
-77,27,63.078496
-56,6,63.086498
-83,33,63.123506
-4,54,63.18552
-79,29,63.220527
-67,17,63.240534
-56,6,63.248536
-72,22,63.272541
-82,32,63.307549
-58,8,63.317551
-69,19,63.338556
-60,10,63.348559
-61,11,63.364562
-74,24,63.392568
19,31,63.429577
-103,53,63.491591
-60,10,63.503594
-58,8,63.513595
-106,56,63.574609
-55,5,63.579611
-91,41,63.62362
-88,38,63.66563
-57,7,63.671631
-58,8,63.681634
-60,10,63.693636
-54,4,63.699637
-63,13,63.714641
-57,7,63.724643
-54,4,63.729645
-55,5,63.734646
-64,14,63.75165
-57,7,63.758651
-87,37,63.803661
-71,21,63.827667
-58,8,63.837669
-74,24,63.864675
-114,64,63.93369
-107,57,63.996705
-69,19,64.01871
-61,11,64.030712
-65,15,64.046719
-56,6,64.056721
-58,8,64.066724
-63,13,64.080726
-58,8,64.089728
-100,50,64.145741
-58,8,64.155743
-85,35,64.191752
-53,3,64.196753
-72,22,64.221758
-61,11,64.23076
-53,3,64.234761
-77,27,64.267768
-61,11,64.280771
-58,8,64.289773
-62,12,64.303777
-63,13,64.31778
-60,10,64.328782
-74,24,64.354788
-60,10,64.367791
-57,7,64.375792
-71,21,64.397945
21,29,64.428952
33,17,64.448957
-53,3,64.454958
-53,3,64.459959
-63,13,64.474963
-54,4,64.479964
-54,4,64.483965
-78,28,64.516972
-127,77,64.602991
-53,3,64.607992
-53,3,64.611993
-60,10,64.622995
-67,17,64.646001
-54,4,64.650002
-54,4,64.655004
-70,20,64.677008
-60,10,64.68701
-80,30,64.721018
22,28,64.752025
-52,2,64.754025
-85,35,64.795036
-61,11,64.808039
-68,18,64.828044
27,23,64.85505
-59,9,64.863052
-65,15,64.881056
-80,30,64.912063
-65,15,64.928066
-60,10,64.940069
-104,54,64.999083
18,32,65.037091
-57,7,65.046093
21,29,65.0771
-80,30,65.111108
19,31,65.144115
-64,14,65.162119
-53,3,65.166121
-62,12,65.179123
-52,2,65.180123
-55,5,65.186125
-53,3,65.190125
-69,19,65.21113
-62,12,65.224133
32,18,65.243137
-52,2,65.248138
-59,9,65.258141
-102,52,65.315271
-76,26,65.347279
-55,5,65.352279
-55,5,65.35728
-56,6,65.365283
-57,7,65.371284
-62,12,65.383286
-68,18,65.404291
-72,22,65.430297
-72,22,65.454303
-64,14,65.468306
-64,14,65.485395
-63,13,65.498312
-72,22,65.524318
-63,13,65.539325
-61,11,65.552327
-71,21,65.576333
-56,6,65.581442
-67,17,65.601449
-61,11,65.61145
-63,13,65.628454
-73,23,65.65246
-79,29,65.684467
-63,13,65.69847
-88,38,65.737479
-73,23,65.763485
-64,14,65.781488
-69,19,65.803493
-53,3,65.809495
-65,15,65.826499
-87,37,65.868508
-42,92,65.969531
-59,9,65.979533
-56,6,65.987535
-119,69,66.065552
-65,15,66.083557
-81,31,66.117564
-68,18,66.136569
-64,14,66.154572
-79,29,66.18658
-67,17,66.203584
-70,20,66.224589
-69,19,66.246593
-58,8,66.255595
-58,8,66.264597
20,30,66.296605
-53,3,66.300606
-80,30,66.334614
-84,34,66.373622
-101,51,66.431635
-109,59,66.492649
-56,6,66.49865
-54,4,66.503651
-63,13,66.516654
-60,10,66.528657
22,28,66.559664
-61,11,66.571667
-54,4,66.576668
-71,21,66.600673
-57,7,66.608675
-81,31,66.644683
-74,24,66.672689
-90,40,66.713699
-84,34,66.754708
-96,46,66.801718
-52,2,66.804719
-127,77,66.888738
-65,15,66.906742
-60,10,66.917745
-55,5,66.925746
28,22,66.951752
-6,56,67.013766
-72,22,67.038772
-63,13,67.054775
-66,16,67.071779
-74,24,67.097785
-55,5,67.102786
-83,33,67.138926
-56,6,67.146928
-56,6,67.153929
-52,2,67.15693
-65,15,67.172934
-71,21,67.194939
-54,4,67.19994
-108,58,67.263954
21,29,67.296962
-78,28,67.329969
-61,11,67.339971
-95,45,67.388983
-56,6,67.394984
-98,48,67.461001
-6,56,67.537018
-75,25,67.572026
-64,14,67.59203
25,25,67.627039
-56,6,67.63804
-59,9,67.650043
-69,19,67.67705
26,24,67.711057
-84,34,67.751066
-66,16,67.774071
-82,32,67.81608
-58,8,67.827084
-59,9,67.839086
-59,9,67.852088
-63,13,67.869093
-67,17,67.889097
2,48,67.956112
-58,8,67.969115
-62,12,67.985118
-79,29,68.022127
-63,13,68.038131
-59,9,68.052134
-59,9,68.061136
-72,22,68.092143
-64,14,68.109147
-62,12,68.126151
-60,10,68.140153
-66,16,68.16016
-69,19,68.182165
-57,7,68.194168
37,13,68.211173
-74,24,68.24318
-64,14,68.263375
-70,20,68.289193
-60,10,68.303195
-52,2,68.307196
37,13,68.3222
-65,15,68.342204
-74,24,68.372211
4,46,68.428223
-58,8,68.441227
-85,35,68.487378
-52,2,68.492379
20,30,68.533387
-52,2,68.538389
-62,12,68.554393
-68,18,68.576399
-79,29,68.615411
-79,29,68.652419
-61,11,68.663422
-76,26,68.699429
-82,32,68.740438
-80,30,68.782448
-70,20,68.808454
-82,32,68.847463
-66,16,68.866467
-56,6,68.876469
-95,45,68.932482
-57,7,68.943484
-58,8,68.954487
-76,26,68.990495
-71,21,69.019501
-105,55,69.087517
-103,53,69.156533
-59,9,69.167535
22,28,69.203543
-64,14,69.220546
20,30,69.260556
-79,29,69.294563
27,23,69.32557
-64,14,69.343575
-91,41,69.400587
-76,26,69.433595
-57,7,69.443597
-58,8,69.454599
-114,64,69.540619
-55,5,69.54562
-57,7,69.556623
-52,2,69.557623
-70,20,69.582628
-61,11,69.599632
-59,9,69.611634
-76,26,69.645642
-60,10,69.657645
-60,10,69.673649
-73,23,69.704656
-71,21,69.732663
-56,6,69.740664
-71,21,69.76867
-70,20,69.792675
-55,5,69.800677
-52,2,69.802677
-81,31,69.841686
-78,28,69.882832
35,15,69.904837
-63,13,69.92084
-69,19,69.947846
-66,16,69.967851
-52,2,69.970852
-80,30,70.010861
-65,15,70.031865
-65,15,70.048869
21,29,70.085878
-56,6,70.092879
41,9,70.104882
-77,27,70.138889
-71,21,70.167896
-56,6,70.175898
-61,11,70.192901
-63,13,70.210906
-77,27,70.249061
-55,5,70.255062
-98,48,70.320077
-73,23,70.349083
-60,10,70.361086
-57,7,70.37109
-52,2,70.37209
-68,18,70.397096
31,19,70.422103
-92,42,70.470114
27,23,70.505122
-64,14,70.521126
-106,56,70.596143
-59,9,70.609146
-65,15,70.625149
-56,6,70.633151
-72,22,70.656156
-53,3,70.660157
-55,5,70.665158
-61,11,70.678161
-58,8,70.688164
27,23,70.715169
30,20,70.739175
-102,52,70.796188
-63,13,70.809191
-84,34,70.8502
23,27,70.878207
16,34,70.917215
-56,6,70.922216
27,23,70.947222
-65,15,70.964225
-62,12,70.977229
-61,11,70.989232
-70,20,71.013237
-63,13,71.02924
-83,33,71.066248
-68,18,71.089253
-63,13,71.103257
-6,56,71.167271
-59,9,71.176273
-52,2,71.180274
-52,2,71.181274
-65,15,71.198279
-69,19,71.221283
-73,23,71.244289
-78,28,71.275415
21,29,71.311424
-52,2,71.312424
-57,7,71.321426
-62,12,71.336429
-78,28,71.366436
-64,14,71.380439
-64,14,71.397443
-121,71,71.477461
-66,16,71.494464
-54,4,71.499466
28,22,71.524472
-85,35,71.56348
-56,6,71.570482
-64,14,71.587486
-55,5,71.593487
11,39,71.636497
-98,48,71.692509
-107,57,71.755667
-61,11,71.76867
-77,27,71.799677
-59,9,71.80968
-65,15,71.827684
-64,14,71.841687
-63,13,71.85669
-80,30,71.891698
-54,4,71.896699
-57,7,71.906703
-81,31,71.93871
-67,17,71.958715
-55,5,71.963716
-70,20,71.985721
-59,9,71.995723
-69,19,72.017728
-123,73,72.100747
-76,26,72.128753
13,37,72.168762
-56,6,72.174764
23,27,72.208771
-56,6,72.216773
-56,6,72.221774
-66,16,72.238778
-52,2,72.242779
-86,36,72.281787
-74,24,72.306793
-54,4,72.311794
-104,54,72.370808
-64,14,72.387812
-57,7,72.393813
-16,66,72.46783
-91,41,72.511839
-63,13,72.525842
11,39,72.569853
-76,26,72.600859
-68,18,72.620864
-89,39,72.663873
-63,13,72.677877
-67,17,72.696881
-59,9,72.708884
16,34,72.744892
-89,39,72.788902
-65,15,72.805906
34,16,72.82491
-74,24,72.852916
-79,29,72.883923
-67,17,72.902928
-56,6,72.91093
-63,13,72.923932
-74,24,72.952939
-62,12,72.966942
24,26,72.994948
-85,35,73.037958
-59,9,73.04796
-72,22,73.074966
-73,23,73.099972
-82,32,73.134979
30,20,73.158985
-62,12,73.172988
-79,29,73.203995
-56,6,73.210997
-55,5,73.217998
-63,13,73.234002
-60,10,73.245005
-58,8,73.254007
19,31,73.287014
-82,32,73.322022
25,25,73.350028
-63,13,73.366032
-63,13,73.380035
-59,9,73.391037
-54,4,73.396039
-54,4,73.40104
-7,57,73.463054
-54,4,73.469055
-86,36,73.509064
-84,34,73.547073
-66,16,73.565076
-69,19,73.585081
-99,49,73.636093
-63,13,73.650096
-76,26,73.678102
-62,12,73.692106
-52,2,73.693105
-54,4,73.699107
-92,42,73.748118
-52,2,73.750119
-60,10,73.764122
-52,2,73.766123
-52,2,73.770123
-71,21,73.792128
-61,11,73.804131
-61,11,73.814133
-54,4,73.818133
-53,3,73.822134
-72,22,73.84914
-91,41,73.89215
4,46,73.943162
-61,11,73.955164
-4,54,74.017178
-73,23,74.040184
-56,6,74.049186
-62,12,74.065189
-52,2,74.06619
-52,2,74.071191
-56,6,74.077193
-62,12,74.091195
-60,10,74.104198
-73,23,74.131206
-52,2,74.132207
-58,8,74.141209
-54,4,74.146209
-65,15,74.164214
-61,11,74.177217
-61,11,74.189219
22,28,74.218226
-58,8,74.227228
-57,7,74.23823
-82,32,74.274358
-73,23,74.300364
-67,17,74.318367
-64,14,74.334371
-59,9,74.344373
-60,10,74.353376
-54,4,74.359377
-65,15,74.37638
-59,9,74.386383
-66,16,74.403387
30,20,74.427392
-61,11,74.440395
-56,6,74.447397
-78,28,74.478404
-64,14,74.493408
26,24,74.521413
-66,16,74.540417
-66,16,74.558421
-63,13,74.573425
-52,2,74.577426
-78,28,74.609433
-56,6,74.616435
-57,7,74.625437
-56,6,74.633438
28,22,74.656444
25,25,74.68445
-68,18,74.706455
14,36,74.745464
11,39,74.787473
-54,4,74.792475
-76,26,74.820481
-72,22,74.848487
-71,21,74.872493
-71,21,74.895498
32,18,74.916503
-90,40,74.961513
29,21,74.987518
-61,11,75.001521
-55,5,75.007523
-73,23,75.032528
-62,12,75.046532
-66,16,75.066536
-79,29,75.099543
13,37,75.141553
-55,5,75.146554
-60,10,75.158557
-52,2,75.160558
-69,19,75.182563
13,37,75.225572
-65,15,75.243577
-52,2,75.246576
25,25,75.273583
-75,25,75.300736
-86,36,75.339745
-55,5,75.344746
-60,10,75.356748
-74,24,75.383754
-87,37,75.423763
-67,17,75.443769
-63,13,75.459772
-62,12,75.472775
-52,2,75.473775
-67,17,75.492779
34,16,75.513784
-61,11,75.526787
37,13,75.54179
13,37,75.5868
-69,19,75.605805
-74,24,75.631813
-106,56,75.693828
-95,45,75.745839
30,20,75.769844
-62,12,75.783847
-62,12,75.797851
-54,4,75.802852
-88,38,75.844861
-60,10,75.856864
37,13,75.871867
32,18,75.890872
-73,23,75.915877
-55,5,75.920878
12,38,75.966888
-68,18,75.989182
-54,4,75.994183
-57,7,76.004185
-70,20,76.02819
-61,11,76.042193
-61,11,76.055196
-110,60,76.123212
-60,10,76.134214
-75,25,76.16322
-70,20,76.185226
29,21,76.212232
-60,10,76.221234
-73,23,76.24924
-69,19,76.272245
-84,34,76.310254
-68,18,76.330258
-70,20,76.354264
-65,15,76.371268
-55,5,76.378269
-67,17,76.396273
-64,14,76.410277
-70,20,76.433281
-60,10,76.445284
32,18,76.465289
-65,15,76.483293
-65,15,76.502297
-54,4,76.507298
-63,13,76.522301
19,31,76.560447
-71,21,76.582451
18,32,76.618459
-60,10,76.630462
-68,18,76.648466
-61,11,76.660471
-53,3,76.665472
-69,19,76.683477
29,21,76.709482
-52,2,76.710483
-64,14,76.726486
-74,24,76.757493
-55,5,76.763494
-101,51,76.821507
-53,3,76.823507
-60,10,76.83551
-57,7,76.844512
18,32,76.88152
-83,33,76.916528
-8,58,76.979542
-58,8,76.988544
37,13,77.006549
11,39,77.048558
-64,14,77.065562
-52,2,77.066562
-82,32,77.10057
-2,52,77.159584
-68,18,77.180588
-82,32,77.217596
34,16,77.235601
-52,2,77.236601
-60,10,77.248603
-62,12,77.263607
-72,22,77.288613
-55,5,77.295614
-64,14,77.311617
-52,2,77.315618
-75,25,77.343625
-92,42,77.387635
-61,11,77.401637
20,30,77.435645
-74,24,77.462652
-68,18,77.483656
-66,16,77.50266
-70,20,77.524665
-82,32,77.562674
-88,38,77.604683
-73,23,77.627688
-52,2,77.63169
-72,22,77.654696
-81,31,77.688702
-73,23,77.713708
-88,38,77.755717
18,32,77.791725
-53,3,77.795726
-69,19,77.818732
-112,62,77.883746
-72,22,77.907752
-62,12,77.920754
-64,14,77.934758
-52,2,77.938758
-53,3,77.94276
-61,11,77.953762
-55,5,77.961764
-92,42,78.008774
-85,35,78.047783
-85,35,78.087792
-59,9,78.097794
-53,3,78.102796
32,18,78.1218
-53,3,78.126801
-72,22,78.149806
-68,18,78.169811
-77,27,78.200817
-57,7,78.206819
-63,13,78.222823
-71,21,78.245828
-52,2,78.246828
-56,6,78.25483
-77,27,78.283836
-78,28,78.312843
-52,2,78.314843
-67,17,78.332847
-66,16,78.350851
-61,11,78.364855
-75,25,78.392861
-59,9,78.406864
-66,16,78.423868
-79,29,78.455875
-59,9,78.465877
-66,16,78.481881
-72,22,78.507889
-65,15,78.524892
-73,23,78.5509
-71,21,78.573905
-52,2,78.577906
32,18,78.59691
35,15,78.615915
-53,3,78.619916
-53,3,78.623917
-56,6,78.630919
-8,58,78.697933
-4,54,78.755946
-57,7,78.763948
-87,37,78.802957
14,36,78.844966
-79,29,78.873973
-97,47,78.926985
-66,16,78.944989
-97,47,78.997001
-55,5,79.002002
-52,2,79.006003
-62,12,79.020006
-53,3,79.022006
-85,35,79.060015
-86,36,79.098024
-55,5,79.104025
-57,7,79.113027
-89,39,79.156037
-71,21,79.178041
-81,31,79.212049
15,35,79.252059
-52,2,79.254059
-63,13,79.267061
-56,6,79.275063
-88,38,79.316076
-66,16,79.333079
9,41,79.379089
-79,29,79.413097
-62,12,79.4261
-74,24,79.454107
-54,4,79.459108
-93,43,79.509119
6,44,79.557129
-55,5,79.562131
-52,2,79.563131
-56,6,79.572133
-67,17,79.589137
-118,68,79.663154
-68,18,79.685159
39,11,79.698162
-54,4,79.703163
-66,16,79.721167
-63,13,79.738171
-56,6,79.744172
-58,8,79.754174
7,43,79.80319
-66,16,79.822194
-57,7,79.831196
11,39,79.874207
-80,30,79.909214
24,26,79.93922
27,23,79.965226
-60,10,79.978229
-66,16,79.997234
-56,6,80.003235
-81,31,80.038243
-67,17,80.056247
-52,2,80.060248
-59,9,80.07025
-60,10,80.080252
-66,16,80.098257
-79,29,80.132264
-54,4,80.137265
-66,16,80.155269
-54,4,80.15927
-55,5,80.165272
-70,20,80.187276
-58,8,80.196279
-64,14,80.210282
-56,6,80.219283
-73,23,80.24629
28,22,80.269416
-55,5,80.274417
-72,22,80.301423
14,36,80.342432
-76,26,80.369439
22,28,80.402446
-57,7,80.410448
-82,32,80.447456
-87,37,80.490466
-91,41,80.538477
-61,11,80.550479
-72,22,80.576486
-66,16,80.594489
-55,5,80.600491
35,15,80.620495
-63,13,80.634498
31,19,80.657504
-86,36,80.697512
-76,26,80.724518
31,19,80.745523
-70,20,80.768529
-53,3,80.77253
-73,23,80.797537
-54,4,80.803539
-56,6,80.80854
-58,8,80.818542
28,22,80.845548
-87,37,80.886558
-71,21,80.909563
-61,11,80.922566
-55,5,80.928567
-56,6,80.936569
-52,2,80.937569
-37,87,81.033591
-62,12,81.047594
-52,2,81.049594
-62,12,81.061597
-96,46,81.112608
-78,28,81.144616
-59,9,81.156621
15,35,81.19563
-60,10,81.207634
-54,4,81.211635
-62,12,81.225638
-54,4,81.23064
-68,18,81.252645
-76,26,81.27865
-90,40,81.32266
39,11,81.335664
-53,3,81.340664
-57,7,81.348666
-55,5,81.353667
22,28,81.385674
26,24,81.41168
-81,31,81.447688
-116,66,81.515703
-106,56,81.57672
-74,24,81.606727
-72,22,81.630732
-70,20,81.654737
-61,11,81.66574
-62,12,81.679744
32,18,81.700748
-56,6,81.705749
-62,12,81.718751
12,38,81.761762
-55,5,81.766762
-55,5,81.772764
-57,7,81.781767
-85,35,81.819774
-69,19,81.84178
-56,6,81.847781
-67,17,81.865785
-54,4,81.870786
-55,5,81.877787
29,21,81.901794
-56,6,81.907794
-53,3,81.911795
-67,17,81.9308
38,12,81.945803
-70,20,81.968808
-84,34,82.007817
10,40,82.051827
-58,8,82.061829
-77,27,82.092836
-52,2,82.093837
-52,2,82.098837
-58,8,82.106839
-52,2,82.10884
-52,2,82.112841
-62,12,82.125844
-83,33,82.161852
-58,8,82.172854
-78,28,82.204861
21,29,82.236868
-52,2,82.240869
-55,5,82.245871
-60,10,82.257873
-62,12,82.270876
27,23,82.297882
-86,36,82.340892
-75,25,82.365898
-59,9,82.378901
-61,11,82.390903
-60,10,82.403906
-65,15,82.42091
-64,14,82.434913
-64,14,82.453917
-60,10,82.46392
-54,4,82.469921
-61,11,82.482924
-90,40,82.525934
-88,38,82.566943
-68,18,82.586947
-56,6,82.593949
-53,3,82.59895
-58,8,82.607952
-78,28,82.637959
-59,9,82.648961
-54,4,82.654963
-64,14,82.670966
-54,4,82.676968
19,31,82.711976
-64,14,82.725979
-61,11,82.738982
-3,53,82.795995
-54,4,82.800996
-64,14,82.819
-55,5,82.825001
-57,7,82.833003
-64,14,82.846006
-72,22,82.873012
-67,17,82.891016
33,17,82.912021
-54,4,82.917022
-59,9,82.926024
-72,22,82.951029
-61,11,82.964032
21,29,82.99604
21,29,83.027047
-65,15,83.046051
-74,24,83.074057
-59,9,83.084059
-82,32,83.119067
-54,4,83.12407
25,25,83.152077
-55,5,83.159078
-61,11,83.171081
-53,3,83.175082
-62,12,83.190085
-68,18,83.21109
-58,8,83.221092
-56,6,83.227094
-78,28,83.261288
-67,17,83.280154
-56,6,83.288155
1,49,83.339167
-65,15,83.357171
32,18,83.378176
-55,5,83.385177
-52,2,83.387178
-71,21,83.410183
-63,13,83.426187
-56,6,83.434188
-63,13,83.448191
-64,14,83.465195
42,8,83.476198
38,12,83.492202
36,14,83.508205
1,49,83.564218
-60,10,83.577221
-61,11,83.590223
-59,9,83.601226
-56,6,83.609228
18,32,83.644236
-52,2,83.64537
20,30,83.680244
-56,6,83.686245
29,21,83.710252
-58,8,83.719253
-67,17,83.740257
-61,11,83.75126
-54,4,83.755261
36,14,83.774265
-70,20,83.795269
-58,8,83.804272
-57,7,83.813274
-76,26,83.84028
-56,6,83.849282
-62,12,83.863285
25,25,83.891294
-59,9,83.901296
-82,32,83.935303
-62,12,83.948307
-64,14,83.96531
-58,8,83.974312
26,24,84.002318
10,40,84.048329
-58,8,84.057331
11,39,84.09934
30,20,84.123346
-62,12,84.136349
-63,13,84.153353
-62,12,84.168356
-64,14,84.184359
-56,6,84.194362
-56,6,84.199363
37,13,84.214366
-54,4,84.219368
-65,15,84.238372
-91,41,84.283382
16,34,84.323391
27,23,84.349397
26,24,84.376403
21,29,84.410411
-75,25,84.438416
36,14,84.45442
-65,15,84.469424
-63,13,84.487427
32,18,84.507432
-70,20,84.530437
-6,56,84.589451
-54,4,84.594452
15,35,84.635461
-56,6,84.642463
14,36,84.683472
-70,20,84.706477
-65,15,84.723481
-65,15,84.742486
-57,7,84.752488
32,18,84.772492
-75,25,84.797498
30,20,84.820503
-58,8,84.829505
29,21,84.856511
-75,25,84.881516
-63,13,84.89652
-64,14,84.913524
-62,12,84.927527
-71,21,84.950532
-69,19,84.973537
-55,5,84.978538
-59,9,84.988541
33,17,85.009545
-62,12,85.025549
-62,12,85.038552
-58,8,85.048555
-61,11,85.061557
-64,14,85.079561
21,29,85.111568
-64,14,85.127572
-59,9,85.140575
-66,16,85.160579
-65,15,85.177584
-11,61,85.246599
33,17,85.266603
-107,57,85.331744
-86,36,85.370754
-63,13,85.383757
-62,12,85.39676
-59,9,85.408762
-57,7,85.415765
-62,12,85.429767
-68,18,85.451772
-63,13,85.465775
-59,9,85.475778
-65,15,85.492782
-55,5,85.499783
-65,15,85.518787
-54,4,85.523788
-63,13,85.540792
-54,4,85.546793
25,25,85.5788
-55,5,85.583801
-76,26,85.613808
-54,4,85.617809
4,46,85.668821
-105,55,85.731835
-64,14,85.746838
-71,21,85.771844
-66,16,85.788848
-69,19,85.811853
-65,15,85.830857
-58,8,85.84086
-59,9,85.850862
-54,4,85.855864
29,21,85.877868
-54,4,85.88487
-60,10,85.898873
33,17,85.916877
-68,18,85.937881
-53,3,85.939882
-59,9,85.951885
-80,30,85.983892
-58,8,85.993894
-56,6,86.001896
-59,9,86.011898
-86,36,86.049907
-57,7,86.058909
37,13,86.075913
-59,9,86.085916
-57,7,86.093917
-61,11,86.10792
36,14,86.122923
-52,2,86.126924
41,9,86.136926
-63,13,86.15393
-57,7,86.161932
-106,56,86.224085
-67,17,86.241088
-57,7,86.252091
-65,15,86.271095
-75,25,86.299102
-76,26,86.329108
42,8,86.339112
-11,61,86.409127
-64,14,86.42513
-66,16,86.443135
13,37,86.483143
-61,11,86.496146
-56,6,86.506148
-55,5,86.51215
-66,16,86.528153
31,19,86.551158
-61,11,86.561161
-71,21,86.586166
30,20,86.609171
-54,4,86.615173
-55,5,86.621174
-60,10,86.632177
-56,6,86.639178
20,30,86.670185
-58,8,86.681188
-55,5,86.68919
35,15,86.705193
-64,14,86.724197
-64,14,86.739201
13,37,86.782211
-85,35,86.820219
-64,14,86.836222
32,18,86.859229
-76,26,86.892236
27,23,86.919241
24,26,86.947248
-60,10,86.961251
-77,27,86.992258
-61,11,87.007261
-61,11,87.023264
-52,2,87.025266
-65,15,87.04427
-55,5,87.051271
-59,9,87.062274
-56,6,87.069275
-59,9,87.080277
-63,13,87.096281
22,28,87.128288
-54,4,87.132289
-54,4,87.13729
-60,10,87.148293
-70,20,87.171298
-67,17,87.191303
-60,10,87.205306
-80,30,87.239313
-55,5,87.247315
-61,11,87.259319
33,17,87.282323
-80,30,87.31433
-57,7,87.322332
-72,22,87.347337
-58,8,87.35634
-55,5,87.364341
-71,21,87.386347
-66,16,87.40335
-61,11,87.415353
-59,9,87.425356
-52,2,87.427356
-53,3,87.431357
13,37,87.473367
-75,25,87.502373
-88,38,87.544382
-52,2,87.548383
-53,3,87.550384
22,28,87.583533
-56,6,87.592534
-65,15,87.609538
-116,66,87.683555
-64,14,87.700559
-53,3,87.702559
-61,11,87.714562
-55,5,87.719563
-61,11,87.733566
-111,61,87.79758
10,40,87.843591
-59,9,87.855594
-81,31,87.888601
-77,27,87.918608
-57,7,87.92761
-58,8,87.938612
-75,25,87.964618
-66,16,87.982622
11,39,88.026903
-87,37,88.069912
-61,11,88.082915
-62,12,88.094919
-53,3,88.098919
-54,4,88.10392
-72,22,88.125925
-58,8,88.135927
36,14,88.152931
-76,26,88.180938
32,18,88.203943
-67,17,88.223947
-75,25,88.250953
-62,12,88.264956
-63,13,88.27796
-69,19,88.298964
-66,16,88.315968
38,12,88.330971
-58,8,88.342974
-66,16,88.361978
17,33,88.398987
-66,16,88.416991
-69,19,88.437995
-63,13,88.452999
-72,22,88.479004
-59,9,88.490007
-54,4,88.496008
-63,13,88.512012
27,23,88.540018
-54,4,88.545019
-54,4,88.551021
-63,13,88.566024
-61,11,88.580027
-66,16,88.598031
-2,52,88.657045
-61,11,88.669047
-52,2,88.671047
-65,15,88.689052
-53,3,88.693053
-59,9,88.703055
-57,7,88.711057
36,14,88.72606
-82,32,88.763068
36,14,88.779072
-90,40,88.822082
-63,13,88.836085
34,16,88.856089
-57,7,88.865091
-58,8,88.876095
-56,6,88.883096
36,14,88.901099
-65,15,88.919103
-69,19,88.938108
23,27,88.970115
26,24,88.999121
30,20,89.021126
-52,2,89.026128
-70,20,89.048133
15,35,89.087141
23,27,89.120149
-59,9,89.131151
-53,3,89.135152
31,19,89.160158
-52,2,89.161158
-62,12,89.176162
-57,7,89.185163
-76,26,89.217171
-60,10,89.228173
-67,17,89.248178
-62,12,89.262182
-58,8,89.271183
-56,6,89.278185
-71,21,89.30219
-96,46,89.357202
-56,6,89.363204
-94,44,89.416216
-60,10,89.429218
-61,11,89.439221
-57,7,89.449223
-59,9,89.458225
-65,15,89.477229
-74,24,89.506236
-91,41,89.551246
-69,19,89.572251
-55,5,89.577252
-67,17,89.598256
-52,2,89.600257
-57,7,89.60926
31,19,89.630264
-62,12,89.643267
-84,34,89.682276
-93,43,89.732287
-91,41,89.776297
-62,12,89.7893
-69,19,89.813305
-55,5,89.818306
-79,29,89.851313
-70,20,89.873321
32,18,89.894325
-63,13,89.908329
27,23,89.935334
-52,2,89.937335
-61,11,89.949337
5,45,89.998349
-60,10,90.011352
16,34,90.050361
-52,2,90.054361
-60,10,90.064364
-65,15,90.081367
33,17,90.101372
-124,74,90.184391
-63,13,90.198394
-83,33,90.237403
-81,31,90.274411
28,22,90.302417
-59,9,90.31242
-84,34,90.347578
-56,6,90.356579
-57,7,90.365581
-85,35,90.40559
-54,4,90.410591
-54,4,90.415592
-68,18,90.437597
-71,21,90.460602
-54,4,90.466604
-62,12,90.479607
-53,3,90.483608
-59,9,90.49361
-61,11,90.508613
-68,18,90.528617
-58,8,90.53762
-72,22,90.565626
-56,6,90.572628
-57,7,90.58163
21,29,90.611636
-54,4,90.616638
-56,6,90.62664
-85,35,90.66365
-64,14,90.680654
-63,13,90.695657
-84,34,90.735666
-69,19,90.757671
-60,10,90.768674
-62,12,90.782677
-53,3,90.787678
40,10,90.79968
-56,6,90.806682
19,31,90.841691
-58,8,90.850692
37,13,90.866696
-65,15,90.8867
-52,2,90.887701
-56,6,90.896702
30,20,90.921708
-70,20,90.944713
34,16,90.962717
-57,7,90.968718
-61,11,90.980721
-60,10,90.993724
-74,24,91.022731
30,20,91.046736
-61,11,91.057739
-79,29,91.094747
-69,19,91.113751
-68,18,91.136756
27,23,91.163763
39,11,91.174766
-52,2,91.178766
-56,6,91.183767
-84,34,91.221776
-57,7,91.231778
-66,16,91.247782
16,34,91.28479
-58,8,91.293792
-55,5,91.300793
-71,21,91.3248
-64,14,91.339802
-70,20,91.362808
-52,2,91.366808
-52,2,91.367809
-57,7,91.376811
-55,5,91.382812
-63,13,91.396815
-71,21,91.42082
-82,32,91.457829
-56,6,91.46383
-57,7,91.474833
-54,4,91.478834
-69,19,91.502839
-83,33,91.537847
-65,15,91.555851
-52,2,91.556851
-60,10,91.568854
-82,32,91.604862
-71,21,91.628867
-66,16,91.646872
-68,18,91.665997
24,26,91.698004
-62,12,91.712008
-58,8,91.72101
41,9,91.731012
9,41,91.778023
-64,14,91.795028
-117,67,91.870046
28,22,91.898052
-60,10,91.910055
-73,23,91.93406
-59,9,91.946062
-56,6,91.954064
41,9,91.965066
-63,13,91.984071
-69,19,92.003075
-61,11,92.017078
-74,24,92.042084
-55,5,92.047085
-80,30,92.081093
37,13,92.097096
-68,18,92.117256
4,46,92.169113
-62,12,92.184116
-57,7,92.192118
-67,17,92.211122
-62,12,92.225125
-58,8,92.233127
-71,21,92.257132
-57,7,92.267134
-55,5,92.273136
16,34,92.312145
-61,11,92.326148
-80,30,92.356154
-54,4,92.361156
-57,7,92.369157
-52,2,92.371158
-65,15,92.389163
-54,4,92.394163
-57,7,92.402165
-55,5,92.409167
-53,3,92.414168
-58,8,92.42417
-54,4,92.428171
-70,20,92.451176
-56,6,92.457178
33,17,92.479182
-53,3,92.481183
-72,22,92.508189
-56,6,92.51319
-70,20,92.539196
-54,4,92.544197
-63,13,92.561201
40,10,92.573203
-56,6,92.581205
-55,5,92.586206
-56,6,92.592208
-60,10,92.60421
36,14,92.620214
-53,3,92.624215
21,29,92.657222
-63,13,92.675227
-52,2,92.677227
-59,9,92.688229
-71,21,92.713235
-66,16,92.731239
-58,8,92.741241
-69,19,92.762246
-53,3,92.766247
-57,7,92.77625
-72,22,92.798254
-61,11,92.812257
-73,23,92.837263
-76,26,92.86627
30,20,92.888274
-66,16,92.907279
-59,9,92.919281
-54,4,92.924282
34,16,92.944287
-64,14,92.959291
-61,11,92.973294
-53,3,92.977294
-70,20,93.000299
-74,24,93.02743
-83,33,93.061437
-68,18,93.081442
-67,17,93.101446
-58,8,93.112448
-65,15,93.128452
-53,3,93.133453
22,28,93.165461
-55,5,93.172462
-52,2,93.176463
-57,7,93.184466
26,24,93.212473
-73,23,93.235478
-65,15,93.252482
-58,8,93.262485
36,14,93.281489
-70,20,93.303494
-67,17,93.321498
-61,11,93.336501
-52,2,93.337502
-64,14,93.353505
-53,3,93.356506
25,25,93.385512
-59,9,93.396515
-54,4,93.401516
-57,7,93.410518
-54,4,93.415519
-60,10,93.425522
-56,6,93.435524
-58,8,93.445526
-54,4,93.450527
-60,10,93.461529
-73,23,93.489536
-65,15,93.50854
27,23,93.532545
-62,12,93.546548
-62,12,93.560551
-58,8,93.573557
-75,25,93.603564
-62,12,93.618567
-55,5,93.623568
36,14,93.642573
-57,7,93.652575
-56,6,93.661577
39,11,93.67458
-64,14,93.693584
-66,16,93.712589
-58,8,93.72259
26,24,93.750597
34,16,93.769601
-82,32,93.804609
36,14,93.821613
33,17,93.843617
-54,4,93.848619
-61,11,93.858621
-62,12,93.872625
-56,6,93.881626
29,21,93.905632
-57,7,93.915634
-52,2,93.916634
42,8,93.925636
38,12,93.939639
-73,23,93.967646
-60,10,93.980649
7,43,94.027659
41,9,94.041663
-55,5,94.046664
-80,30,94.07667
-58,8,94.086672
-64,14,94.103676
-84,34,94.142685
-52,2,94.147686
-81,31,94.183694
-52,2,94.185695
-52,2,94.189696
31,19,94.2107
-56,6,94.218702
-52,2,94.219702
-59,9,94.232705
-61,11,94.244708
-52,2,94.248708
-65,15,94.266713
-54,4,94.271714
-53,3,94.273714
21,29,94.308722
-54,4,94.314723
-90,40,94.360734
-61,11,94.371736
-63,13,94.387862
-63,13,94.402865
-73,23,94.429872
-78,28,94.461879
32,18,94.481883
23,27,94.51289
-56,6,94.519892
-66,16,94.537896
-85,35,94.576905
-52,2,94.580905
36,14,94.596909
-66,16,94.614913
-53,3,94.618914
-64,14,94.634918
-61,11,94.64692
-64,14,94.664924
-54,4,94.669926
30,20,94.691931
38,12,94.707934
-54,4,94.713935
-66,16,94.73294
-62,12,94.746943
-55,5,94.753945
-52,2,94.754945
-54,4,94.759947
-79,29,94.792953
-78,28,94.824961
-74,24,94.852967
29,21,94.880973
-54,4,94.886974
-54,4,94.890975
-53,3,94.895977
-57,7,94.901978
-81,31,94.936985
-62,12,94.950989
-59,9,94.961992
-53,3,94.965992
-59,9,94.976995
-65,15,94.994998
-68,18,95.016004
-54,4,95.021004
-56,6,95.027006
-58,8,95.037008
-90,40,95.082018
7,43,95.135032
-54,4,95.139033
-54,4,95.144034
-55,5,95.149035
36,14,95.16904
29,21,95.194046
-56,6,95.201047
-59,9,95.21305
-66,16,95.231054
-59,9,95.240056
-59,9,95.250058
-54,4,95.254059
-62,12,95.268062
-65,15,95.287066
28,22,95.313072
34,16,95.332076
-61,11,95.345206
-68,18,95.36721
-87,37,95.41022
-59,9,95.420223
-85,35,95.460231
32,18,95.480236
-56,6,95.488238
-55,5,95.493238
-61,11,95.508242
-62,12,95.521245
-55,5,95.526246
18,32,95.562254
30,20,95.586259
-81,31,95.619267
-64,14,95.63427
-60,10,95.647273
-54,4,95.652274
-70,20,95.674279
-74,24,95.702286
-63,13,95.718289
-63,13,95.733293
-68,18,95.755297
30,20,95.778303
-60,10,95.787305
-59,9,95.798307
-36,86,95.893331
28,22,95.920337
-53,3,95.922337
-76,26,95.952344
-76,26,95.980351
-54,4,95.984351
-58,8,95.994354
-59,9,96.006356
-60,10,96.017359
-52,2,96.021359
-55,5,96.026361
-56,6,96.032362
-62,12,96.045365
-55,5,96.052366
39,11,96.06637
-54,4,96.071371
-55,5,96.079373
-114,64,96.150388
-58,8,96.159391
-64,14,96.176394
-63,13,96.192398
-54,4,96.197399
16,34,96.238408
-61,11,96.252412
33,17,96.271415
-53,3,96.276417
-55,5,96.282418
39,11,96.296421
-75,25,96.323427
-88,38,96.364438
19,31,96.399445
24,26,96.433452
25,25,96.462459
-74,24,96.490465
-62,12,96.505468
-82,32,96.540477
42,8,96.550479
-63,13,96.565482
-60,10,96.577485
-74,24,96.604491
-52,2,96.606491
16,34,96.650501
-71,21,96.675507
-62,12,96.69051
-65,15,96.711515
-55,5,96.718516
-67,17,96.737521
-59,9,96.747523
4,46,96.799535
23,27,96.830542
30,20,96.853547
38,12,96.86955
-53,3,96.871551
-92,42,96.920696
26,24,96.951703
28,22,96.977709
20,30,97.013717
-83,33,97.048726
28,22,97.075731
26,24,97.102882
-76,26,97.131888
-63,13,97.144891
32,18,97.166897
-64,14,97.1829
-58,8,97.191902
-62,12,97.205905
-55,5,97.214907
-63,13,97.22891
10,40,97.27392
-55,5,97.279921
-53,3,97.284923
-56,6,97.290924
-55,5,97.297925
-65,15,97.311929
-62,12,97.325932
-60,10,97.338935
-57,7,97.348937
-55,5,97.353938
27,23,97.380944
-54,4,97.384945
38,12,97.399949
-58,8,97.409951
24,26,97.438957
-55,5,97.443959
-84,34,97.483968
-60,10,97.49497
39,11,97.507973
-53,3,97.513974
-52,2,97.514974
-74,24,97.543981
-58,8,97.551983
-59,9,97.564986
-66,16,97.58299
-57,7,97.588991
-85,35,97.63
-58,8,97.639002
31,19,97.663008
-57,7,97.67201
-52,2,97.67401
-70,20,97.698015
-52,2,97.703017
31,19,97.723021
-60,10,97.737025
38,12,97.753028
-56,6,97.760029
-57,7,97.769032
-61,11,97.784036
-55,5,97.790037
39,11,97.80504
-68,18,97.824044
-52,2,97.828045
-55,5,97.834046
30,20,97.858052
-59,9,97.867054
15,35,97.907063
10,40,97.955074
2,48,98.010086
-53,3,98.015087
26,24,98.044093
-52,2,98.046094
-55,5,98.054097
-7,57,98.118111
-61,11,98.131113
39,11,98.144116
-64,14,98.16212
-58,8,98.171122
-53,3,98.175124
-55,5,98.182125
-62,12,98.196128
-72,22,98.219133
-59,9,98.232136
-57,7,98.239137
-53,3,98.243138
-56,6,98.253141
-78,28,98.286151
29,21,98.310157
-56,6,98.317158
-69,19,98.339163
-63,13,98.356167
17,33,98.397176
-64,14,98.413179
-67,17,98.434184
-62,12,98.448187
-65,15,98.466191
-60,10,98.481331
26,24,98.508337
-58,8,98.518339
14,36,98.559349
-60,10,98.571351
-54,4,98.576352
-72,22,98.604358
-57,7,98.60936
-58,8,98.619364
-57,7,98.627365
10,40,98.672375
-54,4,98.677377
-56,6,98.685378
-59,9,98.696381
-63,13,98.708384
38,12,98.722388
-54,4,98.728388
-54,4,98.733389
-54,4,98.739391
-62,12,98.753394
-55,5,98.759395
-60,10,98.773398
-54,4,98.778399
-54,4,98.783401
-57,7,98.793403
-55,5,98.799404
-53,3,98.805405
-78,28,98.838413
-54,4,98.843414
-73,23,98.867419
-71,21,98.893425
-63,13,98.906428
-62,12,98.919431
-54,4,98.924432
35,15,98.941437
-58,8,98.951439
-57,7,98.95844
-58,8,98.967442
-65,15,98.986446
-61,11,99.000449
-54,4,99.00545
26,24,99.034457
-59,9,99.04446
29,21,99.068465
-58,8,99.077468
39,11,99.09347
23,27,99.123477
-61,11,99.13548
-56,6,99.142482
-59,9,99.151483
-58,8,99.161486
-58,8,99.170488
-78,28,99.203495
-56,6,99.211497
-63,13,99.2265
-56,6,99.236503
-54,4,99.241504
-52,2,99.243504
-57,7,99.253507
-60,10,99.264509
-56,6,99.272511
-59,9,99.281513
-56,6,99.290515
-56,6,99.296516
-77,27,99.328523
-88,38,99.368532
-58,8,99.378535
-55,5,99.387536
-75,25,99.414543
-55,5,99.419544
-74,24,99.44655
-55,5,99.451551
-56,6,99.460553
-63,13,99.474557
-56,6,99.484558
-52,2,99.485559
28,22,99.512565
-75,25,99.540571
-72,22,99.564576
-57,7,99.573578
-78,28,99.604586
-53,3,99.609587
-60,10,99.620589
-66,16,99.637593
39,11,99.651596
-74,24,99.678602
17,33,99.717611
-66,16,99.737616
-79,29,99.773623
-58,8,99.783626
31,19,99.80263
3,47,99.857772
-52,2,99.861773
38,12,99.876776
-62,12,99.89178
36,14,99.906783
29,21,99.929788
-53,3,99.933789
-68,18,99.956796
-58,8,99.965798
37,13,99.982803
-65,15,100.001806
-53,3,100.003806
-52,2,100.008808
-63,13,100.024812
-65,15,100.041816
-56,6,100.048817
-5,55,100.109831
-55,5,100.115832
40,10,100.128834
29,21,100.15184
-62,12,100.164843
-66,16,100.183847
-59,9,100.19285
-57,7,100.201851
-59,9,100.213854
-54,4,100.218855
-57,7,100.227857
-55,5,100.234859
-71,21,100.260864
-68,18,100.278868
-63,13,100.293872
-53,3,100.298873
-54,4,100.303874
-2,52,100.363005
-85,35,100.402014
-55,5,100.407015
-55,5,100.412017
-66,16,100.429021
-57,7,100.438023
-55,5,100.443024
-63,13,100.460027
11,39,100.505038
-76,26,100.534044
-63,13,100.548047
-54,4,100.553049
-63,13,100.568052
-55,5,100.576054
-57,7,100.582055
-68,18,100.60406
-61,11,100.617063
-72,22,100.642068
-60,10,100.654071
19,31,100.689079
-60,10,100.702082
-66,16,100.722086
-56,6,100.728087
-52,2,100.733089
-61,11,100.748093
-15,65,100.82511
-58,8,100.836112
-61,11,100.850115
-59,9,100.859118
-52,2,100.860117
0,50,100.919131
-63,13,100.935134
-57,7,100.944137
-60,10,100.95514
-79,29,100.990147
-74,24,101.017153
-57,7,101.024155
-55,5,101.033156
-57,7,101.03916
-56,6,101.047162
-60,10,101.058164
-54,4,101.063165
32,18,101.08517
-61,11,101.098174
-56,6,101.105175
-61,11,101.117177
-64,14,101.132181
-65,15,101.150185
-58,8,101.160187
19,31,101.197196
13,37,101.243206
-72,22,101.271212
-55,5,101.277213
10,40,101.322224
-59,9,101.332226
-89,39,101.378236
-68,18,101.399241
-58,8,101.410243
-63,13,101.427247
-64,14,101.443251
18,32,101.48226
24,26,101.512266
-65,15,101.52627
-69,19,101.550275
-64,14,101.569279
-110,60,101.638294
-59,9,101.650297
24,26,101.678304
12,38,101.726315
-53,3,101.731316
-63,13,101.746319
-73,23,101.771325
-59,9,101.780327
8,42,101.827338
-57,7,101.836339
-54,4,101.841341
-66,16,101.859345
36,14,101.878349
-56,6,101.886351
23,27,101.919358
-74,24,101.945364
21,29,101.979371
-67,17,102.000376
-61,11,102.013379
26,24,102.038385
-55,5,102.043386
-63,13,102.059391
-53,3,102.06139
-81,31,102.096398
40,10,102.110401
16,34,102.15041
-66,16,102.169414
-73,23,102.197421
-54,4,102.203422
-62,12,102.218426
-77,27,102.249432
-56,6,102.255436
16,34,102.295448
-69,19,102.316452
-60,10,102.330455
-63,13,102.344458
7,43,102.393469
-62,12,102.407473
-95,45,102.459484
-67,17,102.478488
-76,26,102.510495
-63,13,102.524499
-60,10,102.538504
-60,10,102.548506
-59,9,102.557508
-54,4,102.563509
-81,31,102.599518
-60,10,102.611521
-58,8,102.621522
-75,25,102.649529
-61,11,102.663532
-65,15,102.679536
-56,6,102.687537
27,23,102.717544
-54,4,102.722545
-75,25,102.753552
-56,6,102.759554
-12,62,102.83057
-60,10,102.841573
-54,4,102.846573
-60,10,102.860576
-70,20,102.883581
-57,7,102.892584
-77,27,102.92059
-56,6,102.928591
-71,21,102.952597
-62,12,102.966603
-82,32,103.00261
-53,3,103.006611
-66,16,103.025616
26,24,103.054622
-71,21,103.077627
24,26,103.106634
-66,16,103.125638
8,42,103.170648
-53,3,103.174649
-74,24,103.202656
38,12,103.217659
-58,8,103.227661
-58,8,103.236663
-58,8,103.247665
-71,21,103.271671
-72,22,103.297677
36,14,103.315681
-65,15,103.334692
-76,26,103.363695
24,26,103.395703
-64,14,103.410706
-86,36,103.449714
-68,18,103.47272
35,15,103.489724
36,14,103.507728
-58,8,103.51773
-55,5,103.523731
-58,8,103.534734
-70,20,103.55774
-68,18,103.579744
-56,6,103.585745
-56,6,103.594747
-68,18,103.613752
-61,11,103.627754
-57,7,103.636757
33,17,103.656761
-59,9,103.665763
-52,2,103.669765
-64,14,103.684767
-66,16,103.702772
-55,5,103.711774
32,18,103.729777
-75,25,103.757785
-56,6,103.766786
-59,9,103.776788
40,10,103.789791
25,25,103.820798
-57,7,103.8298
23,27,103.858807
18,32,103.894815
-56,6,103.902817
-65,15,103.919821
-69,19,103.938824
24,26,103.969832
-54,4,103.975833
-55,5,103.982835
22,28,104.015842
31,19,104.038847
-57,7,104.047849
13,37,104.088859
-74,24,104.117865
-81,31,104.152873
-66,16,104.170877
34,16,104.190882
-58,8,104.200884
-60,10,104.211887
-58,8,104.219888
-56,6,104.228891
32,18,104.251895
-53,3,104.255896
-66,16,104.276901
-53,3,104.280902
-64,14,104.295905
-64,14,104.313909
14,36,104.353918
-64,14,104.368922
-56,6,104.377923
-74,24,104.40493
-56,6,104.409931
-86,36,104.44994
-58,8,104.459942
-77,27,104.49095
38,12,104.506953
-56,6,104.511954
-56,6,104.521956
36,14,104.53896
39,11,104.553963
-56,6,104.560965
-54,4,104.565967
-66,16,104.58397
-53,3,104.585971
-67,17,104.606976
-60,10,104.617978
-57,7,104.62698
-56,6,104.631981
-61,11,104.645984
-52,2,104.649985
-64,14,104.664989
-71,21,104.688995
-80,30,104.726002
-53,3,104.731003
31,19,104.754008
-52,2,104.75901
22,28,104.792017
-55,5,104.798018
-72,22,104.824024
-78,28,104.855031
-59,9,104.864034
-61,11,104.876036
-61,11,104.888038
28,22,104.914044
-82,32,104.950052
36,14,104.967056
18,32,105.005065
-76,26,105.039073
-67,17,105.058077
36,14,105.076082
-66,16,105.094085
-52,2,105.096086
-55,5,105.101086
42,8,105.112089
-65,15,105.130093
-60,10,105.143096
-58,8,105.153099
-70,20,105.178104
-64,14,105.192107
-55,5,105.198109
-66,16,105.216112
-77,27,105.24812
-65,15,105.267124
-71,21,105.290129
-72,22,105.317135
35,15,105.333139
16,34,105.371148
-54,4,105.378269
14,36,105.417278
27,23,105.448284
-56,6,105.455286
-59,9,105.465288
-61,11,105.477291
-59,9,105.488293
40,10,105.502297
-52,2,105.504297
-76,26,105.536304
-65,15,105.553308
-56,6,105.56031
-58,8,105.570312
-87,37,105.60832
-54,4,105.614322
-81,31,105.65033
-67,17,105.669334
-63,13,105.685338
-56,6,105.69134
-67,17,105.711344
15,35,105.751353
33,17,105.770357
-62,12,105.78536
36,14,105.805366
25,25,105.833371
-62,12,105.847374
-66,16,105.865379
-61,11,105.880382
-60,10,105.890384
-63,13,105.906388
-58,8,105.91539
-55,5,105.921391
-57,7,105.930393
-70,20,105.955399
-66,16,105.971402
-56,6,105.978404
-54,4,105.984405
-72,22,106.011411
-56,6,106.017413
17,33,106.053421
-52,2,106.057421
-83,33,106.09143
34,16,106.111434
-85,35,106.150443
-56,6,106.155444
-54,4,106.160445
-54,4,106.165446
-56,6,106.174448
-67,17,106.192453
-52,2,106.197453
33,17,106.216457
13,37,106.259467
-64,14,106.278471
25,25,106.307478
26,24,106.335484
-70,20,106.35849
-53,3,106.363491
29,21,106.386496
11,39,106.429505
-91,41,106.474516
-55,5,106.479517
-68,18,106.500521
-74,24,106.527527
-52,2,106.529528
2,48,106.585542
-89,39,106.630553
-53,3,106.636554
-61,11,106.646556
-88,38,106.692567
-76,26,106.721573
23,27,106.74958
-55,5,106.755581
-112,62,106.824597
40,10,106.836599
36,14,106.854604
-56,6,106.861605
21,29,106.898613
33,17,106.920619
-67,17,106.940623
38,12,106.955626
-58,8,106.965628
-62,12,106.980632
-61,11,106.994635
-56,6,107.000637
-59,9,107.012639
-59,9,107.022641
-52,2,107.024642
-76,26,107.055649
7,43,107.103659
-57,7,107.109661
14,36,107.15067
39,11,107.166674
-72,22,107.19168
-63,13,107.204682
38,12,107.219686
-55,5,107.226687
42,8,107.237689
29,21,107.261695
-56,6,107.270697
-67,17,107.287701
-58,8,107.296703
-55,5,107.302704
-125,75,107.388724
-95,45,107.436734
-54,4,107.442736
37,13,107.46174
-55,5,107.467741
-60,10,107.478744
-76,26,107.510751
-60,10,107.522754
-59,9,107.535757
40,10,107.546759
-62,12,107.563763
-69,19,107.586768
-54,4,107.590769
-62,12,107.603772
40,10,107.614775
-55,5,107.622777
39,11,107.635779
40,10,107.649782
-55,5,107.655785
-57,7,107.665786
-66,16,107.68379
-81,31,107.719799
-55,5,107.7258
38,12,107.739803
-83,33,107.775811
-66,16,107.792814
-62,12,107.808819
28,22,107.836824
-61,11,107.847828
-57,7,107.855829
-52,2,107.85983
-63,13,107.874834
-60,10,107.885835
-63,13,107.901839
-63,13,107.915843
28,22,107.940848
11,39,107.986858
32,18,108.012987
-56,6,108.019988
-67,17,108.039993
-67,17,108.060997
-71,21,108.083003
-58,8,108.092005
-20,70,108.170022
35,15,108.189026
21,29,108.221034
37,13,108.239038
41,9,108.25004
25,25,108.278047
-64,14,108.29505
-62,12,108.309054
-64,14,108.324057
38,12,108.34006
31,19,108.363065
-64,14,108.379069
-54,4,108.38407
-55,5,108.392072
-69,19,108.412077
19,31,108.449085
-75,25,108.476091
28,22,108.504097
-64,14,108.518101
40,10,108.531103
-65,15,108.548107
-52,2,108.549108
-74,24,108.577114
-60,10,108.591117
-71,21,108.615122
-55,5,108.621124
-60,10,108.636127
33,17,108.656132
-73,23,108.683137
38,12,108.699141
34,16,108.720146
-58,8,108.730148
-65,15,108.744151
-60,10,108.757154
-54,4,108.763155
29,21,108.789161
-60,10,108.801164
-55,5,108.808166
-61,11,108.820169
-58,8,108.831171
39,11,108.844174
-56,6,108.853176
-71,21,108.875181
-54,4,108.880182
-54,4,108.885183
-54,4,108.890184
-65,15,108.910189
-78,28,108.941196
-54,4,108.947197
-60,10,108.9582
31,19,108.982205
-65,15,108.999209
-52,2,109.000209
-64,14,109.017213
-59,9,109.026215
34,16,109.045219
-55,5,109.05122
-73,23,109.078227
25,25,109.108234
-56,6,109.116235
-56,6,109.121237
-57,7,109.130238
-55,5,109.136239
-64,14,109.152243
-59,9,109.163245
32,18,109.188251
32,18,109.208256
-53,3,109.212257
-75,25,109.241264
-56,6,109.249619
-66,16,109.268272
-60,10,109.280274
35,15,109.300279
-60,10,109.312281
-56,6,109.323284
-68,18,109.343288
22,28,109.377916
-64,14,109.396425
-62,12,109.409428
29,21,109.433433
-53,3,109.438434
-72,22,109.46444
-61,11,109.477443
-58,8,109.486445
27,23,109.513451
-61,11,109.528454
12,38,109.572464
-52,2,109.576465
-52,2,109.577465
-59,9,109.589468
29,21,109.616475
29,21,109.639479
-55,5,109.645481
-58,8,109.655483
-73,23,109.682489
-78,28,109.714496
-52,2,109.715497
-58,8,109.725499
-65,15,109.742502
26,24,109.771509
-69,19,109.792514
17,33,109.830522
34,16,109.850527
32,18,109.873532
-72,22,109.899538
-61,11,109.913541
17,33,109.95055
-57,7,109.960552
24,26,109.989558
-69,19,110.013563
-52,2,110.018565
-56,6,110.024566
-58,8,110.036569
-67,17,110.056573
10,40,110.104584
-65,15,110.121588
-56,6,110.13059
-54,4,110.135591
-55,5,110.141593
1,49,110.198605
-64,14,110.213609
-55,5,110.21961
-69,19,110.242615
25,25,110.273622
-61,11,110.287625
-64,14,110.303629
-53,3,110.30763
-66,16,110.325634
-54,4,110.332635
-56,6,110.338637
-82,32,110.373645
-56,6,110.381646
-68,18,110.399651
37,13,110.415778
-52,2,110.417778
39,11,110.432782
-52,2,110.434782
-6,56,110.496796
-59,9,110.508799
-58,8,110.517801
-54,4,110.522802
-55,5,110.527803
-56,6,110.533804
-60,10,110.547808
-56,6,110.55381
35,15,110.572813
-72,22,110.60082
21,29,110.631829
34,16,110.651833
40,10,110.661835
-53,3,110.665836
-59,9,110.675838
-52,2,110.679839
-54,4,110.68484
-71,21,110.707846
-61,11,110.720848
-56,6,110.72585
-55,5,110.733851
-65,15,110.749855
-62,12,110.762858
-56,6,110.77186
-56,6,110.777862
-58,8,110.787864
-52,2,110.791865
-58,8,110.800867
-2,52,110.85888
-56,6,110.865881
-61,11,110.878884
42,8,110.888887
-71,21,110.913892
-60,10,110.926895
-61,11,110.938897
-67,17,110.956904
12,38,110.997913
34,16,111.017917
-112,62,111.088933
-55,5,111.094935
-65,15,111.113939
10,40,111.16095
-84,34,111.197958
-56,6,111.20596
-56,6,111.211961
-66,16,111.228965
-58,8,111.237967
-69,19,111.259972
-76,26,111.288978
-65,15,111.304982
41,9,111.317986
-58,8,111.328987
-96,46,111.380001
-54,4,111.386002
-56,6,111.395005
27,23,111.421011
-58,8,111.429012
-76,26,111.457018
-58,8,111.468021
-64,14,111.482024
-60,10,111.494027
-72,22,111.517032
-59,9,111.531036
-61,11,111.542038
-71,21,111.569044
-61,11,111.580046
-56,6,111.588048
-69,19,111.612053
-65,15,111.629057
-55,5,111.63706
-58,8,111.646061
37,13,111.660064
31,19,111.68607
-70,20,111.709076
-57,7,111.716077
42,8,111.726079
-56,6,111.735081
-62,12,111.748084
-71,21,111.772089
-56,6,111.781092
-58,8,111.791094
38,12,111.806097
-60,10,111.816099
-58,8,111.825102
-58,8,111.835104
-54,4,111.840105
-53,3,111.844105
25,25,111.873112
-58,8,111.883115
-54,4,111.888116
-57,7,111.896117
-55,5,111.902119
-56,6,111.911121
-70,20,111.933125
17,33,111.972134
-63,13,111.986138
-54,4,111.991139
-72,22,112.017147
-69,19,112.038152
32,18,112.062158
-61,11,112.076161
-54,4,112.082162
28,22,112.107168
-78,28,112.138174
-52,2,112.142175
-52,2,112.143175
19,31,112.178183
-67,17,112.196188
-79,29,112.229195
-73,23,112.2532
-12,62,112.326219
-62,12,112.340223
-59,9,112.351224
10,40,112.397235
-59,9,112.407237
-76,26,112.437244
-52,2,112.439244
32,18,112.462249
-60,10,112.472252
-63,13,112.486255
38,12,112.502468
-52,2,112.50647
-53,3,112.510471
33,17,112.530477
-56,6,112.536477
-83,33,112.576486
-59,9,112.587489
-64,14,112.603492
-122,72,112.686511
23,27,112.719518
-66,16,112.737522
32,18,112.760528
-82,32,112.797536
-61,11,112.807539
-59,9,112.820541
-59,9,112.828543
-53,3,112.833544
-55,5,112.838547
-60,10,112.849549
-56,6,112.857552
-69,19,112.879556
-57,7,112.885557
-74,24,112.913564
-53,3,112.918565
-2,52,112.977578
-75,25,113.005585
-61,11,113.018587
-53,3,113.022588
-80,30,113.058597
-55,5,113.066598
-52,2,113.068599
-80,30,113.109607
-54,4,113.115609
-60,10,113.128612
-92,42,113.177623
-108,58,113.242638
15,35,113.284647
-107,57,113.345661
-53,3,113.349661
-77,27,113.383669
-73,23,113.408676
-56,6,113.417677
-69,19,113.437682
-68,18,113.46081
-63,13,113.479815
-81,31,113.524825
-63,13,113.540829
-54,4,113.54683
-52,2,113.553831
-61,11,113.566834
-58,8,113.577837
-66,16,113.598844
-61,11,113.615847
-68,18,113.643854
-61,11,113.660858
-60,10,113.674861
-58,8,113.686863
34,16,113.712869
-55,5,113.718871
-64,14,113.740876
29,21,113.771883
-62,12,113.789886
-77,27,113.826895
-63,13,113.844901
-61,11,113.864906
-62,12,113.88191
-62,12,113.899914
-69,19,113.92692
-62,12,113.943924
-87,37,113.993937
17,33,114.040949
37,13,114.057952
-55,5,114.066953
27,23,114.100961
-55,5,114.108963
-56,6,114.116965
37,13,114.134969
-54,4,114.14097
-71,21,114.171977
-74,24,114.202984
-54,4,114.208986
-69,19,114.232991
22,28,114.27
-55,5,114.279001
-52,2,114.281002
-55,5,114.287003
28,22,114.31901
-77,27,114.354018
35,15,114.375023
17,33,114.423033
-59,9,114.434036
-52,2,114.435036
-61,11,114.454041
-56,6,114.463043
-56,6,114.471045
-73,23,114.504052
34,16,114.524056
-62,12,114.541061
-54,4,114.546062
-61,11,114.566066
-63,13,114.58507
-64,14,114.602074
-63,13,114.620078
30,20,114.649085
-64,14,114.667089
-54,4,114.675091
-67,17,114.698096
37,13,114.718101
35,15,114.738105
33,17,114.765113
19,31,114.805122
33,17,114.832128
40,10,114.843131
-68,18,114.871137
30,20,114.900144
-53,3,114.903144
-55,5,114.913146
-52,2,114.915147
19,31,114.954155
-76,26,114.989163
39,11,115.006167
-54,4,115.012169
39,11,115.029172
33,17,115.055178
30,20,115.084185
27,23,115.118192
31,19,115.144198
-65,15,115.162202
-69,19,115.18921
34,16,115.213216
-55,5,115.220218
29,21,115.250224
-69,19,115.272229
-55,5,115.281231
37,13,115.299235
-68,18,115.32224
26,24,115.352247
-59,9,115.367251
-59,9,115.380254
-60,10,115.391256
-55,5,115.400258
-66,16,115.42539
15,35,115.468399
28,22,115.502407
35,15,115.526412
-54,4,115.532413
-58,8,115.545417
-63,13,115.563421
-59,9,115.574423
-61,11,115.590426
-56,6,115.596428
-59,9,115.609431
-62,12,115.625434
-59,9,115.639438
-68,18,115.662443
-62,12,115.680447
-70,20,115.707453
29,21,115.73946
-54,4,115.744461
-74,24,115.778469
-57,7,115.785471
-55,5,115.796473
-53,3,115.798473
-54,4,115.804475
32,18,115.831481
-67,17,115.851485
-52,2,115.855486
-69,19,115.877491
-61,11,115.894495
20,30,115.936952
-55,5,115.943953
-69,19,115.97196
-62,12,115.991965
-73,23,116.021971
25,25,116.059979
38,12,116.077984
-67,17,116.098989
28,22,116.129995
-60,10,116.142998
-61,11,116.161002
27,23,116.191148
38,12,116.211154
-57,7,116.223156
-57,7,116.235159
-63,13,116.251162
-55,5,116.258166
-70,20,116.284172
-54,4,116.289173
42,8,116.302176
-58,8,116.31618
36,14,116.336184
-54,4,116.340184
-63,13,116.354187
-58,8,116.36519
27,23,116.393197
-1,51,116.45221
-63,13,116.467213
24,26,116.49822
-55,5,116.508223
40,10,116.518225
-56,6,116.526226
-58,8,116.536229
-56,6,116.542231
-68,18,116.564235
18,32,116.603244
-55,5,116.609246
-72,22,116.637251
-52,2,116.641253
-52,2,116.643253
33,17,116.665258
36,14,116.683262
-52,2,116.687263
-56,6,116.694265
-52,2,116.698266
-73,23,116.723271
-65,15,116.740274
32,18,116.76328
28,22,116.787286
-56,6,116.795287
-65,15,116.811291
-68,18,116.832295
28,22,116.858302
40,10,116.871304
-57,7,116.879306
-56,6,116.885308
29,21,116.909313
-64,14,116.925317
-66,16,116.94232
36,14,116.959324
-53,3,116.965326
-62,12,116.979329
-62,12,116.993332
-87,37,117.035341
19,31,117.070349
-59,9,117.081352
25,25,117.112358
-57,7,117.12036
20,30,117.15737
-53,3,117.16337
12,38,117.205379
36,14,117.226384
-59,9,117.236387
-59,9,117.246388
-61,11,117.260392
-62,12,117.275396
-74,24,117.302401
30,20,117.326406
-72,22,117.352413
-65,15,117.370417
34,16,117.389421
-75,25,117.417427
-52,2,117.421428
-77,27,117.453435
17,33,117.491444
-66,16,117.509448
29,21,117.533453
-52,2,117.537454
-58,8,117.546456
28,22,117.571462
-54,4,117.577463
-52,2,117.581464
-66,16,117.600468
-55,5,117.606471
-57,7,117.615472
-58,8,117.624474
-63,13,117.640478
-53,3,117.644478
-52,2,117.646479
-68,18,117.671485
-54,4,117.676485
-59,9,117.687489
14,36,117.727497
-65,15,117.745501
-59,9,117.756504
-54,4,117.761504
-54,4,117.766507
-59,9,117.776508
31,19,117.800514
24,26,117.831521
-58,8,117.841523
-62,12,117.856526
26,24,117.886533
28,22,117.91654
-71,21,117.939545
-79,29,117.971552
-56,6,117.980554
35,15,117.997558
-56,6,118.003559
-54,4,118.009561
42,8,118.020563
-66,16,118.041569
-60,10,118.054571
27,23,118.079576
-62,12,118.09458
-55,5,118.102583
33,17,118.123589
-65,15,118.142593
20,30,118.1756
-59,9,118.186603
-65,15,118.203606
36,14,118.22161
-52,2,118.222611
29,21,118.247616
-63,13,118.26262
-55,5,118.267621
-70,20,118.289627
-73,23,118.319755
23,27,118.347761
-54,4,118.352762
36,14,118.370766
37,13,118.38777
-61,11,118.401773
-53,3,118.405776
-58,8,118.415776
-58,8,118.424779
-54,4,118.43078
-64,14,118.445784
-57,7,118.454785
-54,4,118.460787
-53,3,118.464789
-58,8,118.47479
20,30,118.508798
-68,18,118.530802
-52,2,118.531803
28,22,118.558809
24,26,118.588816
29,21,118.614821
-54,4,118.619823
-69,19,118.641828
-76,26,118.672835
-64,14,118.687838
22,28,118.720845
-53,3,118.725847
-54,4,118.731848
41,9,118.74385
24,26,118.775858
30,20,118.799863
-71,21,118.822868
-61,11,118.835872
-54,4,118.840873
26,24,118.870879
-62,12,118.885883
30,20,118.909888
42,8,118.91989
-66,16,118.938894
37,13,118.953898
-55,5,118.960899
-54,4,118.9659
-52,2,118.969903
-52,2,118.971902
33,17,118.990907
-72,22,119.016912
-59,9,119.024914
-62,12,119.039917
-68,18,119.064923
-56,6,119.070924
32,18,119.092929
-53,3,119.09593
35,15,119.116934
-64,14,119.133938
26,24,119.162945
-60,10,119.173948
-55,5,119.177948
35,15,119.196953
-63,13,119.210956
29,21,119.238962
-56,6,119.245964
40,10,119.260967
-59,9,119.270969
-64,14,119.285972
-69,19,119.307977
-58,8,119.31798
31,19,119.341986
29,21,119.367991
-73,23,119.394998
-55,5,119.400998
-52,2,119.403999
32,18,119.424004
37,13,119.439008
-58,8,119.45001
-66,16,119.469014
-55,5,119.477017
38,12,119.493019
-62,12,119.507023
-53,3,119.510023
-54,4,119.515024
35,15,119.537034
-61,11,119.551034
-53,3,119.555035
-57,7,119.561036
-65,15,119.57804
31,19,119.602046
35,15,119.62105
-61,11,119.634053
-52,2,119.639054
-59,9,119.650056
-60,10,119.66306
-57,7,119.671061
-57,7,119.680063
-63,13,119.695067
-54,4,119.701068
-56,6,119.70807
31,19,119.733075
-59,9,119.743078
31,19,119.765082
38,12,119.781086
-64,14,119.795089
-58,8,119.804091
28,22,119.831099
27,23,119.856105
26,24,119.882111
-56,6,119.891113
-52,2,119.893113
30,20,119.918119
31,19,119.941124
-60,10,119.955128
33,17,119.973131
-58,8,119.983133
-67,17,120.003138
29,21,120.026143
-55,5,120.036145
-65,15,120.053149
-58,8,120.063152
33,17,120.085156
-61,11,120.097159
-56,6,120.106161
-61,11,120.118163
-52,2,120.120164
20,30,120.157173
11,39,120.200182
-57,7,120.210184
-55,5,120.216186
-52,2,120.221187
37,13,120.238191
-52,2,120.242191
-68,18,120.263198
-70,20,120.285203
-62,12,120.299208
-85,35,120.341216
7,43,120.390227
-58,8,120.401229
34,16,120.420233
-55,5,120.426236
-56,6,120.432236
-60,10,120.446239
17,33,120.482376
-56,6,120.491378
-55,5,120.497379
-63,13,120.511382
-62,12,120.524385
-55,5,120.530386
-88,38,120.575397
-54,4,120.580398
40,10,120.5924
-64,14,120.610404
-86,36,120.654416
-58,8,120.664418
-59,9,120.674421
-52,2,120.678421
-65,15,120.694426
5,45,120.748439
-57,7,120.755439
-73,23,120.781445
-59,9,120.791448
33,17,120.815452
-60,10,120.826455
-55,5,120.832456
-61,11,120.844459
-53,3,120.84946
-53,3,120.853461
-54,4,120.858463
38,12,120.872465
-57,7,120.879467
-69,19,120.902472
-60,10,120.915475
-52,2,120.916475
-64,14,120.933479
-60,10,120.944482
29,21,120.968488
34,16,120.989492
-65,15,121.008496
-56,6,121.015497
23,27,121.042504
38,12,121.057508
-55,5,121.06651
-53,3,121.068509
-83,33,121.107519
-57,7,121.11452
-55,5,121.123522
28,22,121.146527
37,13,121.162531
-56,6,121.171534
-55,5,121.178535
-56,6,121.188536
-59,9,121.199539
-58,8,121.210541
-65,15,121.227545
-62,12,121.242548
-71,21,121.265554
35,15,121.285558
-62,12,121.300563
-57,7,121.307563
0,50,121.362576
42,8,121.372578
-62,12,121.386581
-66,16,121.407586
-57,7,121.415588
-60,10,121.42559
-60,10,121.438593
29,21,121.462598
-86,36,121.502607
-77,27,121.533615
-57,7,121.540617
-68,18,121.562621
-61,11,121.576625
-60,10,121.587626
-106,56,121.652641
-70,20,121.677647
-53,3,121.682648
-56,6,121.689649
-92,42,121.73766
-60,10,121.749663
-63,13,121.766668
-52,2,121.768667
-59,9,121.77967
34,16,121.800674
-58,8,121.809676
-62,12,121.822679
-61,11,121.836682
-62,12,121.850686
35,15,121.87069
-59,9,121.880692
-58,8,121.889694
-52,2,121.893696
-59,9,121.903698
-73,23,121.932704
-54,4,121.939706
-52,2,121.941706
38,12,121.955709
20,30,121.990718
-61,11,122.00372
-59,9,122.017723
25,25,122.04673
29,21,122.072736
-57,7,122.081738
-99,49,122.136752
-58,8,122.144755
-58,8,122.154757
-67,17,122.172761
-58,8,122.182763
-64,14,122.200767
23,27,122.232775
-64,14,122.248778
-76,26,122.280785
-52,2,122.281785
-54,4,122.286787
23,27,122.320794
-64,14,122.336798
-56,6,122.345949
-54,4,122.35195
-64,14,122.366953
-63,13,122.383957
8,42,122.428967
-52,2,122.432968
-69,19,122.454977
-61,11,122.469979
-64,14,122.487984
-58,8,122.498986
25,25,122.527992
-57,7,122.537994
-53,3,122.538994
32,18,122.561
29,21,122.587006
34,16,122.60501
15,35,122.646019
-60,10,122.656021
8,42,122.708033
19,31,122.743041
-54,4,122.748042
-52,2,122.749042
-52,2,122.753043
18,32,122.789051
-54,4,122.794052
40,10,122.806055
-57,7,122.816057
42,8,122.82706
-69,19,122.849065
-57,7,122.856066
-62,12,122.87207
-52,2,122.876071
-57,7,122.885073
-87,37,122.926082
-53,3,122.931083
35,15,122.948087
-71,21,122.973093
-57,7,122.979094
-71,21,123.0051
-58,8,123.01622
29,21,123.038225
-55,5,123.044227
36,14,123.06123
-80,30,123.094238
-52,2,123.098239
-55,5,123.10424
-60,10,123.114242
37,13,123.132246
-58,8,123.140249
-56,6,123.14625
-55,5,123.152251
-80,30,123.189259
-59,9,123.199261
-64,14,123.220266
-64,14,123.23427
-64,14,123.253273
21,29,123.287281
-69,19,123.309286
-59,9,123.320289
-65,15,123.337292
27,23,123.360298
41,9,123.375301
-60,10,123.388304
36,14,123.406308
29,21,123.431314
-53,3,123.435314
-52,2,123.437315
-59,9,123.446317
-54,4,123.451318
-59,9,123.464321
-52,2,123.466322
-76,26,123.497328
-63,13,123.512332
-67,17,123.529336
32,18,123.554341
20,30,123.588349
35,15,123.608354
-63,13,123.622357
-52,2,123.626358
-54,4,123.631359
42,8,123.642361
34,16,123.662366
31,19,123.683371
-56,6,123.692373
26,24,123.719378
-56,6,123.726381
-101,51,123.785393
-77,27,123.8164
-58,8,123.827403
-58,8,123.836405
-54,4,123.841406
-56,6,123.847408
-54,4,123.852409
38,12,123.867412
-62,12,123.882415
-69,19,123.905421
-73,23,123.932426
38,12,123.94943
-69,19,123.975436
-62,12,123.99044
-55,5,123.997441
-71,21,124.021447
8,42,124.070457
-74,24,124.099464
34,16,124.117468
30,20,124.139473
21,29,124.17148
28,22,124.196486
-59,9,124.210489
34,16,124.229493
19,31,124.264502
-66,16,124.282506
-59,9,124.295508
-55,5,124.300509
-59,9,124.313512
-62,12,124.326516
-60,10,124.338518
-55,5,124.34452
21,29,124.379529
-57,7,124.388653
-61,11,124.401656
28,22,124.426662
-52,2,124.430663
-72,22,124.455668
-60,10,124.467671
-52,2,124.469671
-53,3,124.473673
38,12,124.488676
34,16,124.50768
-64,14,124.525684
34,16,124.545689
-83,33,124.584697
-59,9,124.5947
-55,5,124.600701
-53,3,124.605702
-59,9,124.615704
33,17,124.63871
-55,5,124.645711
-80,30,124.676718
-57,7,124.686721
20,30,124.719728
-52,2,124.724729
-59,9,124.733731
42,8,124.744734
25,25,124.77274
19,31,124.811751
-61,11,124.824754
-54,4,124.829755
-66,16,124.85076
-52,2,124.85176
-61,11,124.864763
-61,11,124.876765
-56,6,124.884768
33,17,124.905772
-53,3,124.908773
-63,13,124.926777
-57,7,124.933778
-62,12,124.947782
32,18,124.969786
-54,4,124.974788
-60,10,124.98579
-58,8,124.995792
-71,21,125.019798
-81,31,125.054806
-71,21,125.080812
-81,31,125.115819
36,14,125.135825
-52,2,125.136824
32,18,125.15983
-52,2,125.16183
18,32,125.196837
-65,15,125.215842
-59,9,125.226844
-60,10,125.241848
-52,2,125.243848
-76,26,125.276855
-80,30,125.310863
-57,7,125.318865
-58,8,125.330868
-62,12,125.346872
-57,7,125.355873
-61,11,125.370877
-59,9,125.38288
-80,30,125.417887
-56,6,125.42789
-70,20,125.449895
-61,11,125.463898
-81,31,125.500032
-54,4,125.505034
-67,17,125.527039
-76,26,125.557048
-59,9,125.56705
-68,18,125.589055
-68,18,125.608059
-56,6,125.616061
-54,4,125.622062
16,34,125.65807
-56,6,125.668072
-64,14,125.684076
34,16,125.70308
-63,13,125.720084
5,45,125.771096
-58,8,125.781098
-67,17,125.801102
35,15,125.817106
-54,4,125.822107
-69,19,125.846112
-74,24,125.875119
-4,54,125.936133
30,20,125.958138
-70,20,125.982143
-65,15,126.002148
-58,8,126.01315
22,28,126.04628
-57,7,126.055282
31,19,126.076287
18,32,126.112294
-64,14,126.131299
-70,20,126.155304
-60,10,126.167307
33,17,126.189312
36,14,126.204315
-59,9,126.215318
-61,11,126.229321
-55,5,126.235322
-72,22,126.260328
30,20,126.285333
-52,2,126.287334
-57,7,126.296337
33,17,126.317341
-54,4,126.323343
-61,11,126.337345
-69,19,126.35935
42,8,126.371353
-52,2,126.373354
35,15,126.393358
-62,12,126.407361
-55,5,126.412362
-52,2,126.416363
-60,10,126.426365
-85,35,126.467375
-55,5,126.473377
-58,8,126.483378
-57,7,126.49238
-82,32,126.531389
-52,2,126.53639
-54,4,126.541391
-56,6,126.548393
37,13,126.563396
-54,4,126.569397
-63,13,126.586401
-61,11,126.597405
-59,9,126.609406
37,13,126.62441
-62,12,126.639413
1,49,126.694426
27,23,126.721432
30,20,126.745437
-62,12,126.761441
35,15,126.781445
-56,6,126.787446
-59,9,126.797449
-58,8,126.808452
33,17,126.830456
30,20,126.854462
40,10,126.866464
-68,18,126.889607
34,16,126.908612
-58,8,126.920614
-54,4,126.925615
-52,2,126.927616
-64,14,126.944619
-54,4,126.949621
36,14,126.965624
-61,11,126.981628
-67,17,126.999632
-98,48,127.051644
33,17,127.071648
4,46,127.12666
-56,6,127.133662
-57,7,127.143664
-57,7,127.153666
-54,4,127.157668
-55,5,127.163669
-54,4,127.16867
-52,2,127.173672
29,21,127.197676
37,13,127.21368
-63,13,127.227683
-65,15,127.245688
35,15,127.264692
-56,6,127.270693
-52,2,127.274694
-52,2,127.276694
-59,9,127.291698
-81,31,127.326706
-54,4,127.332707
6,44,127.382718
-59,9,127.394722
-53,3,127.396721
25,25,127.426729
32,18,127.447733
-61,11,127.461736
-62,12,127.475739
-63,13,127.489742
33,17,127.508746
26,24,127.536753
-54,4,127.543755
-77,27,127.574762
-56,6,127.583763
-55,5,127.589765
-64,14,127.605768
39,11,127.620773
-56,6,127.628776
-82,32,127.668785
-68,18,127.686789
-56,6,127.694791
-57,7,127.701792
-58,8,127.710794
10,40,127.757807
-68,18,127.77894
31,19,127.802945
-55,5,127.807946
-65,15,127.82595
38,12,127.840955
-54,4,127.847955
-59,9,127.858958
26,24,127.889965
-55,5,127.894966
-58,8,127.903968
-60,10,127.917971
-64,14,127.934975
-61,11,127.948978
-77,27,127.980988
36,14,127.996991
29,21,128.020997
-52,2,128.024998
-55,5,128.029999
39,11,128.044002
-65,15,128.062006
28,22,128.088012
-64,14,128.107017
-58,8,128.12002
-59,9,128.131021
-67,17,128.151026
-52,2,128.155027
-54,4,128.162028
-71,21,128.185034
-62,12,128.200037
-56,6,128.207039
-57,7,128.217041
30,20,128.243047
-56,6,128.252049
-67,17,128.271055
-59,9,128.282058
-56,6,128.290059
-64,14,128.305063
-70,20,128.327067
-61,11,128.341071
15,35,128.381079
-73,23,128.403085
25,25,128.433091
-68,18,128.455096
30,20,128.480102
-52,2,128.483103
-66,16,128.502107
-73,23,128.527113
-52,2,128.531113
-56,6,128.537115
42,8,128.546117
-56,6,128.554119
31,19,128.579124
-56,6,128.585126
22,28,128.619133
-59,9,128.631136
33,17,128.654141
-52,2,128.656142
-58,8,128.665143
36,14,128.685148
-57,7,128.69115
-52,2,128.69515
-57,7,128.705153
-71,21,128.728158
-52,2,128.729158
-64,14,128.746162
28,22,128.772168
-60,10,128.785171
-59,9,128.795173
-54,4,128.802175
-54,4,128.807176
38,12,128.822179
-52,2,128.82618
-52,2,128.828182
-57,7,128.838182
28,22,128.865189
-62,12,128.879192
-56,6,128.887194
31,19,128.910199
-65,15,128.925203
-69,19,128.946207
-58,8,128.95621
-55,5,128.962211
22,28,128.99534
-61,11,129.010343
-68,18,129.031348
-58,8,129.042353
-65,15,129.061357
37,13,129.080361
33,17,129.101368
-52,2,129.102368
-59,9,129.115372
42,8,129.126373
-54,4,129.131375
-59,9,129.141377
-64,14,129.15638
-62,12,129.169383
-62,12,129.183386
-61,11,129.19739
-57,7,129.207392
-58,8,129.217394
42,8,129.229397
-53,3,129.234398
-56,6,129.239399
-53,3,129.2444
41,9,129.254402
-58,8,129.264405
-59,9,129.274407
36,14,129.292411
-55,5,129.299412
-54,4,129.304413
-71,21,129.330419
-56,6,129.339422
-71,21,129.361426
-56,6,129.369428
31,19,129.390434
-59,9,129.405437
-27,77,129.493458
24,26,129.522465
-67,17,129.54747
41,9,129.559474
31,19,129.584479
-62,12,129.599482
24,26,129.626488
-58,8,129.63649
-59,9,129.647493
-60,10,129.660496
29,21,129.685501
24,26,129.716508
-55,5,129.723511
-17,67,129.798529
-53,3,129.80153
-53,3,129.80553
-52,2,129.810532
-57,7,129.817659
-59,9,129.831662
36,14,129.847666
-69,19,129.87067
-57,7,129.878672
42,8,129.889674
35,15,129.907679
36,14,129.925683
-57,7,129.934685
37,13,129.951689
-64,14,129.967692
-52,2,129.971693
36,14,129.987697
-53,3,129.992697
37,13,130.008702
-59,9,130.021704
-66,16,130.039709
28,22,130.063714
-54,4,130.067714
-56,6,130.077717
-54,4,130.082718
-78,28,130.113725
-52,2,130.114725
16,34,130.158735
-67,17,130.177739
-54,4,130.183741
-70,20,130.206746
22,28,130.239753
36,14,130.257758
-75,25,130.290765
-58,8,130.302768
-76,26,130.330774
-81,31,130.367782
-57,7,130.377784
16,34,130.415793
-58,8,130.427796
-54,4,130.432797
-58,8,130.442799
-56,6,130.450801
-63,13,130.465804
-56,6,130.472806
-63,13,130.49081
35,15,130.506938
-54,4,130.512938
-54,4,130.51794
38,12,130.532943
-57,7,130.542947
-54,4,130.548949
-57,7,130.558951
-70,20,130.583261
-55,5,130.588957
40,10,130.602961
-68,18,130.622965
-52,2,130.626966
-60,10,130.639969
-66,16,130.658973
-65,15,130.676977
-55,5,130.683979
-55,5,130.689981
-60,10,130.702983
22,28,130.73599
-61,11,130.748994
-58,8,130.758996
41,9,130.769998
8,42,130.818009
38,12,130.832012
31,19,130.857018
38,12,130.874022
-101,51,130.932034
-74,24,130.962043
-55,5,130.968045
-69,19,130.99005
-19,69,131.069067
29,21,131.093073
-52,2,131.097074
-60,10,131.107077
-55,5,131.114078
15,35,131.153087
-52,2,131.157088
27,23,131.185094
-60,10,131.195227
40,10,131.21023
-67,17,131.232235
-72,22,131.255241
-57,7,131.265243
36,14,131.283247
-68,18,131.302252
-68,18,131.324256
29,21,131.347262
42,8,131.358264
30,20,131.38227
26,24,131.410275
-56,6,131.417277
-72,22,131.443283
-71,21,131.468288
34,16,131.488293
-80,30,131.526302
-60,10,131.538304
-68,18,131.561309
-54,4,131.566311
-52,2,131.568311
29,21,131.593317
29,21,131.618322
34,16,131.637326
-56,6,131.643328
-54,4,131.648329
26,24,131.678336
39,11,131.695339
-52,2,131.69734
-65,15,131.716344
32,18,131.739472
-65,15,131.754475
-58,8,131.764478
29,21,131.791484
22,28,131.824491
-55,5,131.830492
32,18,131.850497
-52,2,131.854498
-57,7,131.8655
-55,5,131.871501
36,14,131.886505
-64,14,131.904509
-63,13,131.920512
-65,15,131.937516
-52,2,131.939517
-53,3,131.945518
34,16,131.967523
-65,15,131.986527
42,8,131.99753
-55,5,132.004531
-63,13,132.019535
16,34,132.061544
-71,21,132.08655
-65,15,132.104554
26,24,132.13356
-57,7,132.143563
39,11,132.156566
-67,17,132.179571
34,16,132.198575
-56,6,132.204576
-58,8,132.214578
-58,8,132.224581
-69,19,132.249587
33,17,132.269591
-64,14,132.288595
30,20,132.312601
32,18,132.332605
-62,12,132.347609
-54,4,132.35261
-70,20,132.373615
-72,22,132.40062
26,24,132.429627
-60,10,132.439629
-57,7,132.448631
-58,8,132.458634
-60,10,132.469636
-52,2,132.473638
-66,16,132.493641
-52,2,132.494642
27,23,132.523649
-64,14,132.539652
32,18,132.560657
-55,5,132.565658
12,38,132.608667
-62,12,132.62167
-89,39,132.668681
-52,2,132.669681
-54,4,132.674683
-60,10,132.688686
16,34,132.728694
-58,8,132.737696
31,19,132.759701
39,11,132.773705
-86,36,132.811713
32,18,132.831718
-54,4,132.837719
34,16,132.857724
14,36,132.896857
39,11,132.91186
28,22,132.937866
-52,2,132.941867
-52,2,132.943868
-54,4,132.94987
-55,5,132.958871
-59,9,132.969874
22,28,133.004881
-65,15,133.022885
-63,13,133.036889
-62,12,133.050892
-65,15,133.068896
-75,25,133.093902
31,19,133.117907
-63,13,133.13191
30,20,133.156916
-56,6,133.163918
-62,12,133.177921
-64,14,133.197925
-62,12,133.213928
38,12,133.227932
-64,14,133.242935
29,21,133.268943
-55,5,133.274945
-53,3,133.278945
-72,22,133.303951
-60,10,133.315953
28,22,133.340959
-62,12,133.353962
-57,7,133.362964
21,29,133.396972
25,25,133.428979
39,11,133.444982
38,12,133.459986
-59,9,133.470989
-59,9,133.482991
27,23,133.508997
30,20,133.534003
34,16,133.557008
-56,6,133.565009
-54,4,133.571011
42,8,133.582013
28,22,133.60702
22,28,133.642027
30,20,133.667032
27,23,133.695039
23,27,133.727046
39,11,133.742049
38,12,133.757053
-55,5,133.763054
32,18,133.784059
-55,5,133.793061
24,26,133.821067
31,19,133.843072
38,12,133.858076
33,17,133.87908
30,20,133.904086
-70,20,133.928091
13,37,133.9701
-74,24,134.000108
12,38,134.042117
-60,10,134.053119
35,15,134.072123
18,32,134.111133
-66,16,134.130137
-62,12,134.14314
-69,19,134.165268
-54,4,134.170269
27,23,134.199275
-55,5,134.205278
-62,12,134.21928
22,28,134.254288
-54,4,134.260289
-63,13,134.275292
-53,3,134.279294
-57,7,134.289296
34,16,134.3093
31,19,134.330305
-56,6,134.341308
-56,6,134.346309
-52,2,134.35131
-64,14,134.367313
-68,18,134.388318
-56,6,134.394319
-58,8,134.404321
-60,10,134.416324
-52,2,134.418325
26,24,134.444331
-66,16,134.463335
28,22,134.492342
-58,8,134.503344
35,15,134.523349
28,22,134.550355
38,12,134.565358
-67,17,134.585362
-61,11,134.600366
-57,7,134.610368
-52,2,134.611368
-65,15,134.629372
30,20,134.653378
32,18,134.675383
38,12,134.689386
20,30,134.725394
10,40,134.771404
-54,4,134.776406
-56,6,134.785408
-66,16,134.805412
38,12,134.821415
-53,3,134.823416
-52,2,134.827417
-52,2,134.829417
-56,6,134.838419
-56,6,134.845421
-57,7,134.855423
-54,4,134.859425
-57,7,134.869426
36,14,134.88443
-55,5,134.892051
32,18,134.91256
-67,17,134.931564
23,27,134.96257
30,20,134.986577
37,13,135.002581
-60,10,135.016583
-64,14,135.033587
-60,10,135.046589
-54,4,135.052591
-66,16,135.071595
-56,6,135.077596
-54,4,135.081597
-58,8,135.0916
16,34,135.132609
-54,4,135.13861
-67,17,135.157615
26,24,135.18362
-52,2,135.187621
40,10,135.199624
39,11,135.213627
41,9,135.22463
35,15,135.245634
23,27,135.280642
-54,4,135.285643
30,20,135.309649
-60,10,135.321651
33,17,135.341656
36,14,135.360661
-54,4,135.365662
-56,6,135.372663
-56,6,135.381665
15,35,135.425677
-60,10,135.435679
-58,8,135.444681
-60,10,135.456684
-54,4,135.462685
32,18,135.48469
-57,7,135.494692
-58,8,135.503694
35,15,135.522823
-67,17,135.540827
42,8,135.55283
-58,8,135.561831
12,38,135.605841
-57,7,135.614843
21,29,135.647851
-76,26,135.678858
-58,8,135.68886
-55,5,135.694862
-61,11,135.710865
-75,25,135.740872
-52,2,135.744872
38,12,135.760878
-63,13,135.777883
-65,15,135.795886
-58,8,135.80789
-54,4,135.81289
27,23,135.837896
-53,3,135.841897
-71,21,135.866904
33,17,135.88991
34,16,135.908914
39,11,135.919917
27,23,135.947923
-76,26,135.97993
-81,31,136.012938
-54,4,136.017938
-63,13,136.034942
-54,4,136.040944
39,11,136.053948
-54,4,136.058948
-85,35,136.098957
-69,19,136.121962
34,16,136.140967
-64,14,136.15697
-74,24,136.184976
-54,4,136.189978
-64,14,136.206982
-68,18,136.225985
-61,11,136.238988
-57,7,136.248991
39,11,136.265995
-55,5,136.270996
31,19,136.295001
-55,5,136.302002
-53,3,136.307004
35,15,136.324008
-60,10,136.338011
-65,15,136.358016
-56,6,136.366017
-62,12,136.38002
-56,6,136.389022
35,15,136.404025
-62,12,136.419029
37,13,136.437033
30,20,136.461038
-74,24,136.488047
-56,6,136.495048
-69,19,136.520054
-56,6,136.526056
-55,5,136.533057
-56,6,136.540059
38,12,136.555062
21,29,136.589069
-52,2,136.59307
-65,15,136.612075
-61,11,136.625077
-53,3,136.629078
-56,6,136.63808
32,18,136.659085
38,12,136.676089
19,31,136.713225
-58,8,136.723227
-56,6,136.731229
36,14,136.750233
-67,17,136.769238
-55,5,136.775239
-65,15,136.793243
33,17,136.814248
38,12,136.828251
-62,12,136.843254
21,29,136.879262
-75,25,136.906269
-57,7,136.915271
38,12,136.928273
-62,12,136.942276
-67,17,136.960281
-52,2,136.962281
-60,10,136.975284
-60,10,136.987287
-60,10,137.00329
40,10,137.016293
-57,7,137.026295
37,13,137.040299
-59,9,137.054302
-59,9,137.066304
-79,29,137.099312
-72,22,137.126318
-60,10,137.13732
31,19,137.159326
-66,16,137.177329
-66,16,137.198334
-76,26,137.230341
20,30,137.26835
-72,22,137.292356
42,8,137.304358
10,40,137.352369
-62,12,137.366372
-52,2,137.370373
32,18,137.391378
-56,6,137.40038
-68,18,137.420384
-88,38,137.465394
-61,11,137.479397
-65,15,137.496401
-62,12,137.511405
-70,20,137.53341
30,20,137.556415
-74,24,137.586421
-70,20,137.610427
36,14,137.630431
-63,13,137.647435
-61,11,137.661439
-55,5,137.66844
-60,10,137.682443
38,12,137.698447
38,12,137.714451
-76,26,137.744458
28,22,137.773464
-58,8,137.783466
-68,18,137.80347
-71,21,137.829476
20,30,137.864484
18,32,137.900492
27,23,137.928626
-79,29,137.962636
-52,2,137.963636
21,29,138.001645
27,23,138.027651
11,39,138.077662
-57,7,138.085664
-54,4,138.090665
-54,4,138.096666
25,25,138.126674
36,14,138.145677
24,26,138.176684
-52,2,138.180685
29,21,138.205691
-80,30,138.237698
-63,13,138.254702
-65,15,138.271706
-70,20,138.29471
-57,7,138.303713
-57,7,138.314715
-59,9,138.324718
-70,20,138.347723
37,13,138.363726
-60,10,138.37873
-63,13,138.395734
-57,7,138.405737
-64,14,138.42374
-57,7,138.433742
23,27,138.464749
-61,11,138.479753
18,32,138.516761
-62,12,138.530764
35,15,138.546768
-66,16,138.566772
-56,6,138.574775
36,14,138.588777
33,17,138.614783
-69,19,138.634787
28,22,138.661793
14,36,138.705805
32,18,138.724809
24,26,138.757817
29,21,138.783823
-52,2,138.787824
32,18,138.810829
23,27,138.848837
-54,4,138.854839
-63,13,138.870842
32,18,138.895848
35,15,138.914852
30,20,138.939858
32,18,138.962863
-65,15,138.980867
32,18,139.000872
-57,7,139.010874
-63,13,139.025877
-77,27,139.057885
-55,5,139.062886
-63,13,139.078889
-52,2,139.08189
-65,15,139.101894
-59,9,139.111896
-55,5,139.117898
20,30,139.155906
40,10,139.167909
38,12,139.18303
40,10,139.197033
-68,18,139.218038
-67,17,139.237042
-60,10,139.251045
23,27,139.283053
-60,10,139.294055
-58,8,139.304057
34,16,139.327063
-63,13,139.342066
34,16,139.36207
-56,6,139.371073
-59,9,139.382075
-53,3,139.386077
32,18,139.40608
39,11,139.421084
-82,32,139.457092
-56,6,139.466094
-76,26,139.4951
36,14,139.515105
38,12,139.529108
-55,5,139.535109
-53,3,139.53911
-53,3,139.541111
-55,5,139.548112
-55,5,139.554114
-78,28,139.588121
-64,14,139.603125
-55,5,139.612127
-61,11,139.62413
-70,20,139.649135
33,17,139.67114
-56,6,139.676141
-60,10,139.690145
-66,16,139.709149
6,44,139.758159
41,9,139.770162
30,20,139.794168
-57,7,139.80517
-53,3,139.807171
-53,3,139.811172
24,26,139.84718
-58,8,139.858182
-58,8,139.869185
-56,6,139.875186
-58,8,139.886188
26,24,139.915195
-55,5,139.921196
-64,14,139.9382
-56,6,139.946202
-72,22,139.972208
-64,14,139.988211
-74,24,140.018218
27,23,140.046224
-73,23,140.074231
33,17,140.095235
-69,19,140.118241
32,18,140.138245
18,32,140.178256
-56,6,140.188258
-58,8,140.199261
-60,10,140.211263
-90,40,140.256274
-55,5,140.264275
40,10,140.276278
37,13,140.295282
-69,19,140.318288
28,22,140.348294
-68,18,140.367299
-65,15,140.385303
-57,7,140.394305
-57,7,140.401306
-58,8,140.413309
32,18,140.436314
-54,4,140.442316
29,21,140.468322
37,13,140.483325
23,27,140.515332
-56,6,140.525334
-66,16,140.546341
-74,24,140.573347
-57,7,140.581349
-74,24,140.610355
-54,4,140.615356
-71,21,140.640362
-83,33,140.67637
34,16,140.695374
36,14,140.711378
28,22,140.739513
-67,17,140.756516
38,12,140.77252
40,10,140.786523
-62,12,140.801526
-60,10,140.813529
33,17,140.834533
-66,16,140.854538
-56,6,140.86354
38,12,140.880546
-56,6,140.886547
-60,10,140.89955
20,30,140.931557
-68,18,140.952562
36,14,140.968566
-67,17,140.991571
-69,19,141.014576
40,10,141.027579
42,8,141.040582
-54,4,141.046583
-64,14,141.062587
19,31,141.097594
-56,6,141.106597
-66,16,141.123601
25,25,141.153607
11,39,141.201618
-56,6,141.20762
-69,19,141.229624
30,20,141.25463
-58,8,141.263632
-56,6,141.271634
-52,2,141.275635
-57,7,141.285637
40,10,141.297642
-55,5,141.304643
-52,2,141.308644
-57,7,141.318646
-77,27,141.349655
-66,16,141.36766
-73,23,141.393665
35,15,141.41367
-63,13,141.428674
-54,4,141.434675
-56,6,141.442676
21,29,141.477684
-60,10,141.487686
11,39,141.537698
-57,7,141.5467
38,12,141.561703
-53,3,141.565704
-57,7,141.572706
-53,3,141.576706
-54,4,141.582708
37,13,141.597711
-64,14,141.617715
25,25,141.645722
-52,2,141.649723
-54,4,141.654724
32,18,141.674728
-53,3,141.67973
37,13,141.694733
-74,24,141.723874
-62,12,141.738877
-56,6,141.74788
36,14,141.764884
-79,29,141.797891
-66,16,141.816895
33,17,141.837899
-54,4,141.842901
38,12,141.856904
-59,9,141.866906
-70,20,141.889912
36,14,141.905915
-58,8,141.914917
36,14,141.933921
-73,23,141.959927
-62,12,141.974931
-64,14,141.991935
-58,8,142.000937
30,20,142.026942
-52,2,142.030943
-54,4,142.035944
-62,12,142.048947
-58,8,142.058949
-56,6,142.066952
42,8,142.077954
-54,4,142.083076
-61,11,142.097079
25,25,142.126086
28,22,142.154092
-59,9,142.165094
-56,6,142.171096
33,17,142.192101
16,34,142.230109
-66,16,142.248113
18,32,142.285121
-64,14,142.303125
-57,7,142.311128
-71,21,142.341135
-52,2,142.342134
-52,2,142.347136
42,8,142.357138
-63,13,142.373142
26,24,142.400147
-56,6,142.407149
36,14,142.426153
28,22,142.453159
18,32,142.49217
38,12,142.508173
-63,13,142.526178
19,31,142.563186
39,11,142.57819
17,33,142.616198
-62,12,142.630201
-57,7,142.638203
-57,7,142.649205
-55,5,142.655207
40,10,142.67021
-64,14,142.687214
-55,5,142.694216
-59,9,142.706219
-56,6,142.71222
-59,9,142.724223
22,28,142.75723
-55,5,142.764231
-63,13,142.781235
-64,14,142.797239
-59,9,142.808241
-59,9,142.819243
-69,19,142.842251
27,23,142.868257
25,25,142.899264
31,19,142.921268
-53,3,142.92527
-54,4,142.932271
-59,9,142.942273
-61,11,142.956277
-84,34,142.997286
-63,13,143.012289
-58,8,143.022291
27,23,143.050297
34,16,143.070302
22,28,143.107311
27,23,143.133317
-75,25,143.164323
-60,10,143.175326
29,21,143.202332
-56,6,143.210334
-59,9,143.222337
-52,2,143.225337
-56,6,143.231338
-52,2,143.235339
34,16,143.255344
27,23,143.28135
-65,15,143.300354
23,27,143.332361
24,26,143.363368
-57,7,143.37237
33,17,143.392375
-58,8,143.402377
-55,5,143.410378
-64,14,143.425382
33,17,143.445386
30,20,143.469392
-55,5,143.477394
40,10,143.491397
-87,37,143.535408
-71,21,143.560412
-55,5,143.566414
25,25,143.596421
-61,11,143.611424
-64,14,143.627428
-68,18,143.650433
-54,4,143.655434
-56,6,143.662436
-54,4,143.668437
40,10,143.68344
-56,6,143.690442
36,14,143.709446
34,16,143.730451
-58,8,143.740453
40,10,143.753456
-60,10,143.768459
-59,9,143.778462
-66,16,143.797466
-68,18,143.81847
-70,20,143.842476
-88,38,143.883485
34,16,143.90649
42,8,143.916492
-55,5,143.923495
32,18,143.9475
-56,6,143.954501
-53,3,143.959502
-64,14,143.978507
26,24,144.007514
36,14,144.022516
-56,6,144.030519
33,17,144.052523
-54,4,144.058524
31,19,144.08153
-57,7,144.088531
-62,12,144.103535
-53,3,144.107536
28,22,144.134542
-56,6,144.141543
-55,5,144.146544
41,9,144.159547
-53,3,144.161548
-59,9,144.174551
19,31,144.208558
-52,2,144.21356
-56,6,144.219561
34,16,144.239566
-55,5,144.248567
-59,9,144.25957
38,12,144.275574
32,18,144.296578
42,8,144.306581
41,9,144.319583
36,14,144.335587
42,8,144.345589
27,23,144.375596
-75,25,144.404603
-58,8,144.412605
-60,10,144.425608
-53,3,144.427609
31,19,144.451613
-56,6,144.460616
-57,7,144.466617
-60,10,144.48062
-62,12,144.493623
26,24,144.521629
34,16,144.542634
41,9,144.553636
28,22,144.585643
-56,6,144.592645
-61,11,144.607649
-63,13,144.623652
-56,6,144.632654
-62,12,144.647657
-65,15,144.663661
-71,21,144.691667
-66,16,144.710674
-55,5,144.715675
-55,5,144.722677
-58,8,144.732679
13,37,144.775692
-56,6,144.784694
38,12,144.800698
-57,7,144.8097
-52,2,144.8117
-60,10,144.825704
13,37,144.870713
13,37,144.911723
-59,9,144.922726
22,28,144.956734
40,10,144.970736
-52,2,144.973737
-56,6,144.982739
-54,4,144.98774
-72,22,145.010745
-64,14,145.030749
32,18,145.050754
36,14,145.067759
-62,12,145.081761
23,27,145.113768
-68,18,145.135773
-54,4,145.139775
-55,5,145.145776
37,13,145.16478
-57,7,145.171781
41,9,145.183784
35,15,145.200788
-83,33,145.242797
-60,10,145.2538
-62,12,145.266803
-67,17,145.285807
23,27,145.317814
-52,2,145.321815
31,19,145.34382
36,14,145.362824
-57,7,145.373827
-52,2,145.375827
-55,5,145.381829
31,19,145.406834
31,19,145.43184
30,20,145.456846
35,15,145.47685
35,15,145.494854
30,20,145.52086
35,15,145.539865
-54,4,145.545866
-69,19,145.568871
-52,2,145.570871
31,19,145.594012
-68,18,145.614017
22,28,145.648024
-64,14,145.664028
21,29,145.698035
25,25,145.728043
20,30,145.76205
40,10,145.776053
27,23,145.801059
41,9,145.817062
-88,38,145.857072
-60,10,145.871074
-56,6,145.877076
-55,5,145.883077
-59,9,145.895081
33,17,145.916085
-56,6,145.922086
-64,14,145.941091
-68,18,145.961095
-68,18,145.9831
-58,8,145.993102
-56,6,145.999104
-66,16,146.018108
-55,5,146.025109
-69,19,146.047114
32,18,146.07012
32,18,146.091125
-76,26,146.122131
-73,23,146.150138
-59,9,146.16014
-58,8,146.170142
-65,15,146.188273
27,23,146.215279
-76,26,146.245286
-57,7,146.254288
-54,4,146.259289
38,12,146.275292
-67,17,146.295297
31,19,146.319302
-64,14,146.336306
32,18,146.359312
-56,6,146.366313
41,9,146.379316
33,17,146.402321
5,45,146.455333
28,22,146.482339
-57,7,146.491341
-66,16,146.510345
-61,11,146.523349
-60,10,146.534351
-60,10,146.547354
29,21,146.57336
38,12,146.588363
-63,13,146.604367
-68,18,146.626372
23,27,146.659379
-58,8,146.670382
41,9,146.680383
11,39,146.726394
22,28,146.760402
-62,12,146.775405
-62,12,146.788408
42,8,146.799411
-72,22,146.825416
38,12,146.84042
-86,36,146.87943
-60,10,146.891433
-70,20,146.914439
-52,2,146.915439
34,16,146.934443
-53,3,146.938444
-67,17,146.959449
40,10,146.973452
36,14,146.989456
-59,9,147.000458
-56,6,147.01046
-61,11,147.025463
-66,16,147.043468
33,17,147.064472
-58,8,147.074475
-56,6,147.080476
22,28,147.112483
-65,15,147.131487
-57,7,147.14149
33,17,147.160494
36,14,147.179498
26,24,147.207505
-57,7,147.216506
37,13,147.236512
35,15,147.253515
32,18,147.27752
-53,3,147.281521
29,21,147.308527
-53,3,147.311528
-54,4,147.31653
-62,12,147.330532
-57,7,147.338534
34,16,147.357538
40,10,147.371542
-67,17,147.392546
-63,13,147.407549
-65,15,147.425554
33,17,147.445559
34,16,147.465563
-54,4,147.470564
32,18,147.491568
35,15,147.512573
20,30,147.54558
-53,3,147.550581
-65,15,147.567586
-56,6,147.574587
-57,7,147.583589
30,20,147.607595
-53,3,147.611595
-56,6,147.617597
38,12,147.634601
37,13,147.650604
-76,26,147.680613
-54,4,147.685614
-72,22,147.710619
-64,14,147.728623
24,26,147.75863
23,27,147.792638
-78,28,147.825647
22,28,147.860655
-60,10,147.872658
-61,11,147.884661
-61,11,147.899664
38,12,147.915668
-66,16,147.934672
31,19,147.955678
-65,15,147.973681
14,36,148.01469
31,19,148.035694
38,12,148.051698
31,19,148.076704
-62,12,148.091707
-54,4,148.097708
28,22,148.124715
27,23,148.14872
31,19,148.172726
-60,10,148.185729
-56,6,148.19073
-54,4,148.196731
29,21,148.221737
-58,8,148.233739
-57,7,148.243742
-53,3,148.247742
-66,16,148.267747
18,32,148.305756
-54,4,148.310757
-61,11,148.32476
-52,2,148.326761
31,19,148.350765
40,10,148.362768
-54,4,148.36877
-59,9,148.381773
28,22,148.407779
-58,8,148.41678
40,10,148.430784
-54,4,148.436785
-57,7,148.442786
-57,7,148.452789
-58,8,148.461791
-67,17,148.481795
-59,9,148.493798
24,26,148.523805
-66,16,148.541809
15,35,148.584818
-54,4,148.59182
-56,6,148.597821
-58,8,148.607824
2,48,148.663836
-63,13,148.68084
38,12,148.695843
-58,8,148.706846
-70,20,148.730851
-71,21,148.754857
-53,3,148.758857
-66,16,148.776862
36,14,148.792865
-69,19,148.81487
38,12,148.828873
30,20,148.854879
-52,2,148.85588
-56,6,148.865882
-60,10,148.876884
-67,17,148.898889
30,20,148.922895
-56,6,148.930896
28,22,148.955902
16,34,148.994911
30,20,149.017916
-58,8,149.026918
29,21,149.052924
-61,11,149.067927
38,12,149.086932
19,31,149.122942
-57,7,149.131944
-59,9,149.142946
-62,12,149.15795
37,13,149.173954
40,10,149.187957
34,16,149.206961
31,19,149.229966
28,22,149.258972
20,30,149.293981
-58,8,149.302983
39,11,149.316986
42,8,149.327988
-60,10,149.340991
40,10,149.352994
-58,8,149.362996
-66,16,149.383001
-80,30,149.421009
37,13,149.437013
33,17,149.455018
-58,8,149.466019
-55,5,149.47102
35,15,149.490025
36,14,149.508029
-58,8,149.516031
35,15,149.532034
-57,7,149.543036
-62,12,149.55904
-78,28,149.590048
35,15,149.610052
36,14,149.628056
-54,4,149.635057
27,23,149.663064
-56,6,149.671065
-56,6,149.677067
39,11,149.69107
29,21,149.719076
37,13,149.73408
-59,9,149.746082
-69,19,149.767087
-54,4,149.772088
-54,4,149.77809
-60,10,149.793093
26,24,149.8221
-62,12,149.836102
24,26,149.86711
-66,16,149.886115
-93,43,149.937126
-56,6,149.946127
-66,16,149.965132
32,18,149.987137
33,17,150.005141
-58,8,150.016143
-57,7,150.025145
32,18,150.04915
-72,22,150.074156
-62,12,150.09016
-53,3,150.095161
-66,16,150.114165
-68,18,150.13417
34,16,150.153174
37,13,150.172178
-60,10,150.184181
42,8,150.195184
34,16,150.216188
39,11,150.231192
-59,9,150.242194
-61,11,150.258198
23,27,150.293205
36,14,150.31021
31,19,150.336217
-70,20,150.360223
-65,15,150.379227
22,28,150.412235
-67,17,150.431239
-64,14,150.445242
-58,8,150.456244
36,14,150.475249
29,21,150.500254
33,17,150.519258
36,14,150.538263
32,18,150.559268
28,22,150.587274
-57,7,150.59741
37,13,150.614414
-57,7,150.624416
39,11,150.636419
25,25,150.669427
35,15,150.68743
35,15,150.706437
27,23,150.733443
-57,7,150.742444
22,28,150.775452
-59,9,150.785454
-71,21,150.809459
-55,5,150.814461
34,16,150.834465
17,33,150.874474
-62,12,150.890478
-57,7,150.89848
39,11,150.912483
-76,26,150.94449
-53,3,150.94749
-52,2,150.950491
-53,3,150.955492
-60,10,150.965495
40,10,150.980498
-70,20,151.002503
-52,2,151.003503
26,24,151.03251
-52,2,151.036511
-64,14,151.053515
-56,6,151.063517
-52,2,151.065517
30,20,151.088522
-69,19,151.112528
24,26,151.140534
-79,29,151.175542
-59,9,151.186544
39,11,151.201548
15,35,151.240556
-60,10,151.25456
-53,3,151.259562
-52,2,151.261561
-54,4,151.267562
-52,2,151.271564
25,25,151.302685
35,15,151.323691
33,17,151.342694
40,10,151.354697
-58,8,151.363699
-67,17,151.385704
42,8,151.398707
-58,8,151.407709
35,15,151.425713
26,24,151.453726
-56,6,151.462723
-63,13,151.477727
-70,20,151.500895
-56,6,151.509736
33,17,151.52974
-59,9,151.540743
40,10,151.554746
42,8,151.56587
-52,2,151.56787
41,9,151.580873
-66,16,151.599877
-60,10,151.614881
-63,13,151.629884
25,25,151.65789
42,8,151.668893
35,15,151.687897
-71,21,151.716904
37,13,151.736908
-62,12,151.751912
15,35,151.791921
-62,12,151.806924
-56,6,151.814926
-64,14,151.829929
36,14,151.848933
-62,12,151.861936
-66,16,151.88094
37,13,151.896944
-55,5,151.903946
-60,10,151.916949
-58,8,151.925951
-55,5,151.933953
-65,15,151.951957
-54,4,151.957958
-55,5,151.963959
28,22,151.991966
-59,9,152.001968
-57,7,152.01197
-61,11,152.023973
-56,6,152.032975
-61,11,152.046978
-58,8,152.05698
-54,4,152.061981
38,12,152.076985
-58,8,152.086987
-56,6,152.092988
-52,2,152.096989
35,15,152.113993
39,11,152.129997
24,26,152.162004
32,18,152.182008
-55,5,152.18701
22,28,152.221017
35,15,152.241022
-54,4,152.245023
31,19,152.269028
-55,5,152.275029
-56,6,152.283031
26,24,152.311038
-52,2,152.313039
-56,6,152.32104
-64,14,152.338044
32,18,152.360049
21,29,152.393056
-53,3,152.398058
-57,7,152.404059
36,14,152.423063
-73,23,152.449069
-60,10,152.460071
38,12,152.476075
34,16,152.49808
-56,6,152.508082
-65,15,152.522085
32,18,152.54609
31,19,152.570096
23,27,152.602103
-53,3,152.606105
-53,3,152.610105
33,17,152.63211
-72,22,152.661116
-60,10,152.672119
-62,12,152.684122
7,43,152.733133
-54,4,152.739135
-56,6,152.745136
26,24,152.774142
-88,38,152.821152
38,12,152.839156
-52,2,152.841157
-64,14,152.859161
36,14,152.874165
38,12,152.891168
36,14,152.909172
22,28,152.940179
32,18,152.961184
32,18,152.98419
35,15,153.003194
15,35,153.042202
-53,3,153.046203
-53,3,153.051204
-75,25,153.080212
-59,9,153.092213
32,18,153.115219
-58,8,153.126221
36,14,153.143224
34,16,153.163229
34,16,153.182234
-62,12,153.197237
26,24,153.228244
38,12,153.243248
32,18,153.268253
19,31,153.304261
36,14,153.321265
-88,38,153.364277
-55,5,153.370278
33,17,153.391283
-54,4,153.395284
-60,10,153.411287
-52,2,153.413288
32,18,153.437293
-62,12,153.450296
-72,22,153.474302
-52,2,153.478303
-56,6,153.484304
-72,22,153.51331
28,22,153.537316
-55,5,153.543317
-69,19,153.566322
-59,9,153.576325
38,12,153.590328
-80,30,153.625336
-67,17,153.64534
30,20,153.670346
-64,14,153.687349
40,10,153.699352
38,12,153.716356
-58,8,153.727359
-64,14,153.746363
-59,9,153.756368
33,17,153.777372
-60,10,153.790375
38,12,153.806379
37,13,153.822383
-78,28,153.85539
38,12,153.871393
32,18,153.891398
-59,9,153.904401
-52,2,153.906402
35,15,153.924405
22,28,153.957413
30,20,153.982418
26,24,154.010425
29,21,154.03543
-58,8,154.044432
-52,2,154.048433
38,12,154.064437
-75,25,154.092443
-57,7,154.102445
19,31,154.138453
-63,13,154.155457
-70,20,154.179463
-58,8,154.190465
-78,28,154.223473
31,19,154.24648
-61,11,154.258483
-52,2,154.263484
-57,7,154.269485
-65,15,154.286489
34,16,154.306494
-57,7,154.315495
-58,8,154.325498
-54,4,154.330499
-53,3,154.3355
38,12,154.352504
33,17,154.375645
-54,4,154.381646
-56,6,154.387648
-56,6,154.39765
-55,5,154.402651
-57,7,154.411653
-70,20,154.436659
28,22,154.462667
22,28,154.494674
-62,12,154.507678
30,20,154.532682
-56,6,154.541684
20,30,154.574692
33,17,154.598698
42,8,154.609701
26,24,154.642707
-60,10,154.65471
-58,8,154.664712
-52,2,154.668713
37,13,154.684717
-61,11,154.69772
-52,2,154.69872
-60,10,154.712723
31,19,154.732728
41,9,154.746731
42,8,154.757733
-60,10,154.769737
-57,7,154.777738
-56,6,154.783739
-59,9,154.796742
-54,4,154.803744
28,22,154.82975
-65,15,154.847755
38,12,154.862759
-58,8,154.873762
24,26,154.904768
32,18,154.927774
-55,5,154.934775
41,9,154.945778
-59,9,154.959781
-60,10,154.972784
-62,12,154.986787
21,29,155.019794
35,15,155.038798
-60,10,155.051801
-70,20,155.074806
-60,10,155.085809
-62,12,155.099812
-55,5,155.104814
-63,13,155.122818
31,19,155.144823
41,9,155.156825
-64,14,155.172829
-52,2,155.175829
-52,2,155.17783
32,18,155.201835
-57,7,155.207836
-52,2,155.211838
-56,6,155.217839
-54,4,155.222841
27,23,155.250846
25,25,155.279854
26,24,155.308859
35,15,155.327864
-64,14,155.346868
-60,10,155.356871
-53,3,155.360871
-62,12,155.374875
-54,4,155.379875
-52,2,155.381876
-64,14,155.39988
-53,3,155.403881
-52,2,155.405881
-60,10,155.419884
25,25,155.449891
40,10,155.462894
20,30,155.504904
33,17,155.525908
-56,6,155.536911
-57,7,155.543912
-68,18,155.564917
39,11,155.57992
36,14,155.595924
-67,17,155.614928
36,14,155.633933
-58,8,155.643935
36,14,155.659939
37,13,155.680943
-54,4,155.685944
-58,8,155.696947
-61,11,155.70995
-58,8,155.719952
29,21,155.748091
28,22,155.774097
-57,7,155.783099
-52,2,155.784099
22,28,155.817107
-60,10,155.83111
-55,5,155.838112
-53,3,155.843113
37,13,155.859116
-3,53,155.920131
25,25,155.953139
-58,8,155.962141
-69,19,155.982146
-69,19,156.005151
36,14,156.025156
38,12,156.041159
-54,4,156.047161
-64,14,156.062164
-54,4,156.067165
29,21,156.093171
-87,37,156.137181
-55,5,156.143182
-62,12,156.157186
-62,12,156.171188
39,11,156.187192
40,10,156.197194
-66,16,156.217199
40,10,156.230201
-63,13,156.243205
40,10,156.257208
-81,31,156.292216
-61,11,156.308219
32,18,156.330224
-61,11,156.346228
-74,24,156.373234
-54,4,156.379235
34,16,156.39924
-75,25,156.432247
-80,30,156.468255
-57,7,156.477257
-56,6,156.484259
34,16,156.504263
38,12,156.520267
-58,8,156.529269
36,14,156.546273
-74,24,156.57628
35,15,156.593284
-59,9,156.606287
42,8,156.617289
19,31,156.651297
36,14,156.671301
26,24,156.700308
27,23,156.728314
29,21,156.752319
-52,2,156.75332
35,15,156.772324
-52,2,156.776325
31,19,156.79833
-59,9,156.810332
-59,9,156.821335
30,20,156.847341
-62,12,156.861344
-58,8,156.871346
-71,21,156.894351
-56,6,156.902354
-57,7,156.909355
35,15,156.927359
32,18,156.949363
-56,6,156.955365
-56,6,156.963367
-55,5,156.969368
14,36,157.011378
-57,7,157.02038
-64,14,157.034383
36,14,157.053387
33,17,157.074392
30,20,157.100517
37,13,157.117521
-53,3,157.121522
40,10,157.133525
-55,5,157.141526
-57,7,157.148528
-67,17,157.169533
36,14,157.185536
-58,8,157.195539
32,18,157.218544
26,24,157.24755
23,27,157.278558
-56,6,157.28756
-56,6,157.293561
38,12,157.309564
24,26,157.340572
-58,8,157.349573
-58,8,157.359576
-58,8,157.369578
-68,18,157.389583
-59,9,157.402585
23,27,157.433592
4,46,157.490605
-66,16,157.50961
23,27,157.542617
32,18,157.564622
40,10,157.580626
-56,6,157.586627
-83,33,157.625636
-55,5,157.634638
-59,9,157.64364
-58,8,157.652642
-56,6,157.660644
-53,3,157.665645
-56,6,157.675647
-57,7,157.682649
39,11,157.697652
-54,4,157.704654
-53,3,157.708654
36,14,157.725658
-78,28,157.756666
-55,5,157.764668
-60,10,157.77567
-64,14,157.793674
-60,10,157.804676
33,17,157.82468
-56,6,157.832682
36,14,157.848686
-58,8,157.859689
-64,14,157.879693
-69,19,157.902698
-62,12,157.916701
-54,4,157.921702
-61,11,157.933705
-58,8,157.943707
-66,16,157.962712
-62,12,157.978715
-55,5,157.986717
-82,32,158.025726
29,21,158.049732
-61,11,158.063734
37,13,158.079738
23,27,158.112746
-59,9,158.122747
-56,6,158.12975
-55,5,158.138751
33,17,158.158756
28,22,158.187762
-56,6,158.196764
-69,19,158.219769
37,13,158.234773
-56,6,158.240958
-79,29,158.278783
37,13,158.293786
12,38,158.337797
-53,3,158.341797
28,22,158.370804
24,26,158.40081
-52,2,158.404811
-67,17,158.422816
-64,14,158.439819
34,16,158.459981
42,8,158.469984
41,9,158.482986
-63,13,158.49699
-59,9,158.508992
42,8,158.519995
33,17,158.540999
-63,13,158.557003
35,15,158.575007
-55,5,158.583009
-58,8,158.592011
-64,14,158.607015
34,16,158.62802
-54,4,158.635021
28,22,158.665027
-67,17,158.685032
-52,2,158.687032
-61,11,158.702036
26,24,158.731042
-54,4,158.736044
-70,20,158.760049
37,13,158.777053
-54,4,158.783054
30,20,158.80806
-64,14,158.825064
-58,8,158.835066
-58,8,158.845068
-62,12,158.862072
25,25,158.893079
28,22,158.920085
-58,8,158.930087
-60,10,158.94209
-55,5,158.949091
30,20,158.973097
-56,6,158.983099
-58,8,158.993101
-62,12,159.008105
22,28,159.041112
-67,17,159.061117
-68,18,159.082121
-63,13,159.097125
-63,13,159.112128
-71,21,159.134134
10,40,159.185145
-61,11,159.204149
11,39,159.256161
41,9,159.271164
32,18,159.29917
36,14,159.319175
-62,12,159.335178
-60,10,159.352182
-52,2,159.353182
36,14,159.379189
24,26,159.411195
-55,5,159.418197
16,34,159.467208
-66,16,159.493214
38,12,159.513219
-55,5,159.51922
-58,8,159.532223
27,23,159.567231
-57,7,159.576233
38,12,159.595239
-63,13,159.613245
-55,5,159.621247
33,17,159.647253
-58,8,159.658255
40,10,159.677261
-56,6,159.684261
-58,8,159.696264
39,11,159.716268
-57,7,159.728271
-53,3,159.733272
-58,8,159.745275
35,15,159.76528
-57,7,159.777282
31,19,159.805423
-64,14,159.823427
33,17,159.851434
-55,5,159.857435
-62,12,159.873441
-55,5,159.879442
33,17,159.903447
-68,18,159.931453
-61,11,159.949459
16,34,159.99747
11,39,160.053483
-55,5,160.060484
-52,2,160.065485
32,18,160.091491
36,14,160.114496
-58,8,160.124498
-57,7,160.134501
-53,3,160.140502
26,24,160.17451
-58,8,160.184512
-62,12,160.201516
36,14,160.22152
-64,14,160.240525
-57,7,160.253528
-58,8,160.26553
36,14,160.286537
21,29,160.330547
-57,7,160.338549
-83,33,160.385559
-59,9,160.400563
-59,9,160.411565
27,23,160.445573
-62,12,160.464577
-67,17,160.488583
-59,9,160.499585
32,18,160.527591
21,29,160.5656
-57,7,160.575602
33,17,160.599607
33,17,160.624613
-60,10,160.640617
16,34,160.687753
33,17,160.714759
37,13,160.734764
-55,5,160.740764
38,12,160.760769
-64,14,160.782774
-62,12,160.798778
-52,2,160.800778
30,20,160.829785
-58,8,160.842788
38,12,160.860791
21,29,160.9008
13,37,160.954813
36,14,160.976818
-66,16,160.998823
-56,6,161.009825
39,11,161.026829
-55,5,161.036831
-59,9,161.046834
33,17,161.072839
28,22,161.103846
28,22,161.131853
30,20,161.158859
36,14,161.183993
37,13,161.201997
39,11,161.221001
37,13,161.242006
36,14,161.26001
34,16,161.284015
-58,8,161.297019
-55,5,161.308021
-56,6,161.317024
38,12,161.335027
-57,7,161.345029
40,10,161.359032
-74,24,161.39204
-56,6,161.403042
-71,21,161.428048
36,14,161.450052
-54,4,161.456054
40,10,161.470057
-62,12,161.487062
35,15,161.511067
37,13,161.534072
40,10,161.552076
37,13,161.574081
40,10,161.587084
-56,6,161.597086
-63,13,161.61609
40,10,161.632094
-58,8,161.644097
41,9,161.656099
-52,2,161.6581
36,14,161.680105
-62,12,161.697109
30,20,161.727115
39,11,161.744119
-63,13,161.761123
-59,9,161.773125
-61,11,161.790129
28,22,161.824137
-57,7,161.83514
-55,5,161.842141
-55,5,161.852143
35,15,161.871147
16,34,161.917158
30,20,161.943164
-66,16,161.967169
26,24,162.005178
27,23,162.039186
27,23,162.071193
39,11,162.088197
-64,14,162.110201
-63,13,162.128205
-54,4,162.135207
-58,8,162.145209
38,12,162.165214
-67,17,162.187219
37,13,162.205223
42,8,162.219226
-68,18,162.243231
30,20,162.272238
34,16,162.296243
-52,2,162.298244
36,14,162.320249
31,19,162.349255
-70,20,162.377262
-55,5,162.384263
-61,11,162.402268
-54,4,162.408268
-53,3,162.410269
26,24,162.447277
-57,7,162.459282
-64,14,162.479286
-56,6,162.487288
-54,4,162.49229
-57,7,162.504292
-61,11,162.519295
29,21,162.552429
-65,15,162.574434
40,10,162.589438
22,28,162.631447
23,27,162.669456
-71,21,162.696461
-54,4,162.702463
-57,7,162.715466
-55,5,162.722468
32,18,162.749474
22,28,162.792484
-54,4,162.799485
34,16,162.82249
30,20,162.8525
-64,14,162.872506
-70,20,162.900512
-64,14,162.921517
34,16,162.946523
30,20,162.974529
-59,9,162.986531
-53,3,162.990533
28,22,163.02154
-58,8,163.033542
37,13,163.050546
-56,6,163.060548
-63,13,163.081553
34,16,163.106559
30,20,163.135565
-55,5,163.140567
-67,17,163.165572
32,18,163.190578
-54,4,163.196579
28,22,163.232587
29,21,163.263594
39,11,163.279598
23,27,163.312724
-62,12,163.332728
-61,11,163.347731
-60,10,163.364735
-52,2,163.365736
-54,4,163.371737
39,11,163.390742
36,14,163.409745
-57,7,163.421748
-55,5,163.42875
-58,8,163.438753
36,14,163.460757
-54,4,163.467759
32,18,163.491764
41,9,163.507768
28,22,163.539775
-52,2,163.543776
-55,5,163.551777
-57,7,163.56378
-53,3,163.566781
38,12,163.586786
39,11,163.603789
40,10,163.622794
-59,9,163.633796
-63,13,163.651802
-54,4,163.657804
-52,2,163.664806
-62,12,163.681811
-53,3,163.682811
39,11,163.699815
-54,4,163.704816
-54,4,163.711818
-52,2,163.716819
36,14,163.734823
27,23,163.76783
-65,15,163.791836
37,13,163.81084
-54,4,163.817841
-72,22,163.847848
29,21,163.881856
-64,14,163.89986
-56,6,163.909862
-54,4,163.916864
27,23,163.948874
30,20,163.97788
38,12,163.996885
-67,17,164.023891
40,10,164.039894
-61,11,164.056898
40,10,164.072901
-67,17,164.097906
-58,8,164.10991
-54,4,164.115911
42,8,164.128914
36,14,164.149918
-63,13,164.164922
34,16,164.189928
-62,12,164.206932
-54,4,164.212933
-68,18,164.238939
-52,2,164.241939
-62,12,164.259943
25,25,164.301955
-54,4,164.307957
22,28,164.347966
-74,24,164.384974
18,32,164.427984
-70,20,164.451988
-55,5,164.45799
-53,3,164.462991
-61,11,164.473994
-66,16,164.492998
33,17,164.518003
40,10,164.530006
16,34,164.571015
32,18,164.59302
-61,11,164.606024
24,26,164.63703
33,17,164.660036
-54,4,164.666038
-54,4,164.671038
-55,5,164.67704
-57,7,164.686041
-59,9,164.696043
26,24,164.72405
38,12,164.740054
40,10,164.752056
-61,11,164.76706
35,15,164.786064
16,34,164.824072
30,20,164.851078
20,30,164.891088
38,12,164.908091
39,11,164.925095
-60,10,164.936098
-52,2,164.941099
-58,8,164.951101
-52,2,164.953101
-55,5,164.958103
30,20,164.982108
38,12,164.999112
-66,16,165.019116
-81,31,165.056127
-60,10,165.06913
-55,5,165.075131
-60,10,165.086133
31,19,165.111139
-65,15,165.129143
42,8,165.138145
30,20,165.163151
-56,6,165.171153
-61,11,165.186156
42,8,165.197159
-64,14,165.215163
-58,8,165.225165
-62,12,165.239168
-57,7,165.24717
-66,16,165.264174
-79,29,165.300182
36,14,165.317186
-54,4,165.323188
-55,5,165.328188
-52,2,165.332189
33,17,165.353194
29,21,165.377199
-64,14,165.396204
34,16,165.416208
30,20,165.439214
33,17,165.459218
-63,13,165.473221
-52,2,165.477222
-58,8,165.490225
41,9,165.501228
33,17,165.522232
-58,8,165.533234
-57,7,165.543236
-55,5,165.549238
-58,8,165.56024
19,31,165.600249
-61,11,165.614253
34,16,165.633257
24,26,165.666264
-56,6,165.675411
-57,7,165.685413
29,21,165.712419
-59,9,165.724422
40,10,165.738425
40,10,165.749427
38,12,165.766431
-56,6,165.775433
-60,10,165.788436
-54,4,165.793437
33,17,165.812442
40,10,165.827445
-62,12,165.842448
-59,9,165.85145
-57,7,165.861453
-60,10,165.871455
37,13,165.888458
-64,14,165.904462
-62,12,165.919466
37,13,165.935469
32,18,165.958474
-52,2,165.959476
29,21,165.987481
35,15,166.004485
-62,12,166.018488
35,15,166.038492
-55,5,166.043494
25,25,166.074501
-56,6,166.080502
-52,2,166.084503
-62,12,166.098506
35,15,166.11651
37,13,166.137515
22,28,166.168522
-56,6,166.175525
-56,6,166.185528
-81,31,166.221535
10,40,166.269547
32,18,166.291552
36,14,166.308555
38,12,166.324559
-58,8,166.336561
26,24,166.368569
-62,12,166.384573
-61,11,166.399575
-66,16,166.41958
-60,10,166.432583
-75,25,166.46159
-53,3,166.46559
30,20,166.491596
30,20,166.514602
30,20,166.539608
-60,10,166.55061
37,13,166.566614
37,13,166.586618
-64,14,166.601621
-60,10,166.614625
41,9,166.625627
20,30,166.659634
-55,5,166.669636
39,11,166.68264
-56,6,166.691641
-62,12,166.706645
30,20,166.734651
-52,2,166.735651
-52,2,166.740653
-60,10,166.751655
-52,2,166.755656
-54,4,166.762658
38,12,166.778661
28,22,166.804668
12,38,166.852677
36,14,166.868681
-55,5,166.876683
-56,6,166.883685
-62,12,166.898688
26,24,166.925694
-52,2,166.929695
6,44,166.983707
-52,2,166.984707
42,8,166.99471
-52,2,166.998711
27,23,167.025717
40,10,167.04072
-60,10,167.053723
-58,8,167.064725
-55,5,167.072727
-68,18,167.094732
-58,8,167.103734
-55,5,167.109735
-64,14,167.128741
-52,2,167.130741
29,21,167.158747
24,26,167.188754
-70,20,167.212759
36,14,167.231763
-67,17,167.252768
24,26,167.281774
33,17,167.30678
38,12,167.323784
38,12,167.339788
40,10,167.35179
-64,14,167.370794
36,14,167.386798
33,17,167.407803
-95,45,167.463815
-55,5,167.469816
34,16,167.491822
-52,2,167.492822
-56,6,167.502824
29,21,167.530831
30,20,167.556837
-55,5,167.562838
18,32,167.604848
-52,2,167.608848
-59,9,167.621852
40,10,167.636854
-60,10,167.647857
35,15,167.667861
-54,4,167.673863
-57,7,167.682865
-73,23,167.70587
-52,2,167.709871
34,16,167.731877
-62,12,167.748879
-67,17,167.768884
-55,5,167.773885
-64,14,167.792889
-64,14,167.808893
32,18,167.832899
29,21,167.855904
-68,18,167.880909
-55,5,167.886911
-54,4,167.892912
40,10,167.905915
-60,10,167.918918
37,13,167.933921
-55,5,167.940922
-54,4,167.945924
30,20,167.96993
-58,8,167.980932
-54,4,167.985933
-63,13,168.003937
-74,24,168.030943
36,14,168.048947
35,15,168.066952
-81,31,168.101959
-60,10,168.112962
32,18,168.135967
-59,9,168.14597
40,10,168.156971
-61,11,168.170975
-64,14,168.188979
30,20,168.212984
-64,14,168.228988
-67,17,168.248992
38,12,168.265996
-63,13,168.285
-61,11,168.299004
-58,8,168.309006
-58,8,168.319008
-52,2,168.323009
-60,10,168.334011
-66,16,168.354016
-55,5,168.362018
29,21,168.388025
-59,9,168.397027
42,8,168.410031
38,12,168.425034
-68,18,168.448039
-68,18,168.468043
40,10,168.483047
-58,8,168.49505
-57,7,168.502051
28,22,168.532058
-61,11,168.546061
-63,13,168.562065
40,10,168.574067
-59,9,168.58707
-56,6,168.593072
-63,13,168.607076
-52,2,168.611076
38,12,168.627079
-60,10,168.638082
-56,6,168.646083
-75,25,168.67509
-58,8,168.684092
-55,5,168.690094
-58,8,168.700096
-61,11,168.714103
35,15,168.733107
-68,18,168.753119
30,20,168.777119
28,22,168.807126
33,17,168.82513
-64,14,168.844134
-68,18,168.865139
40,10,168.878142
22,28,168.910149
-69,19,168.933154
-52,2,168.936155
18,32,168.973164
-56,6,168.980165
-56,6,168.989168
32,18,169.012172
31,19,169.035177
-66,16,169.055182
-56,6,169.064183
-52,2,169.066184
32,18,169.09019
-54,4,169.095191
38,12,169.112195
-79,29,169.146202
15,35,169.188211
-54,4,169.194213
-64,14,169.209216
-67,17,169.229221
19,31,169.26823
32,18,169.294236
28,22,169.319241
32,18,169.342246
26,24,169.370253
38,12,169.385256
-54,4,169.390257
-62,12,169.40326
-60,10,169.413262
-63,13,169.429266
-54,4,169.434267
-57,7,169.444269
16,34,169.487279
-67,17,169.505285
42,8,169.515287
24,26,169.545294
31,19,169.570299
-69,19,169.596306
26,24,169.624312
-63,13,169.642316
39,11,169.656319
-58,8,169.667321
36,14,169.683325
34,16,169.70333
-57,7,169.713332
18,32,169.75134
-70,20,169.773346
-52,2,169.777346
-58,8,169.788349
30,20,169.811354
36,14,169.828357
-62,12,169.843361
-55,5,169.849362
-70,20,169.874368
-61,11,169.887371
22,28,169.922379
37,13,169.938383
-55,5,169.946384
42,8,169.957386
-56,6,169.963388
34,16,169.983392
29,21,170.006398
-56,6,170.0164
33,17,170.035404
-59,9,170.046407
30,20,170.071412
-59,9,170.084415
30,20,170.110421
26,24,170.139428
36,14,170.156432
-58,8,170.165434
-52,2,170.169434
-59,9,170.180437
-62,12,170.19444
-59,9,170.204443
32,18,170.228448
38,12,170.242451
26,24,170.274458
-53,3,170.277459
-58,8,170.288463
31,19,170.31447
27,23,170.344477
-52,2,170.345477
38,12,170.361481
-55,5,170.368482
40,10,170.380486
-54,4,170.385486
-59,9,170.397489
-55,5,170.406492
-59,9,170.417494
39,11,170.434497
-56,6,170.441499
-57,7,170.452502
-53,3,170.456502
25,25,170.488509
-63,13,170.503513
-54,4,170.508515
31,19,170.532519
15,35,170.575529
21,29,170.609536
-57,7,170.618538
-61,11,170.630542
-67,17,170.652548
35,15,170.671551
-58,8,170.682553
37,13,170.702682
34,16,170.723686
24,26,170.752693
-58,8,170.762695
-60,10,170.775698
37,13,170.790701
-54,4,170.796703
36,14,170.812706
34,16,170.831711
-62,12,170.846714
30,20,170.870719
35,15,170.889724
-65,15,170.909728
-55,5,170.91573
-52,2,170.919731
25,25,170.948737
-60,10,170.96074
-62,12,170.975743
-55,5,170.982745
-54,4,170.989746
-58,8,170.998748
40,10,171.010751
-67,17,171.029755
27,23,171.056762
18,32,171.09377
-57,7,171.102772
-58,8,171.112774
41,9,171.124777
38,12,171.14078
36,14,171.160785
40,10,171.172788
-63,13,171.189792
36,14,171.207795
-55,5,171.213797
38,12,171.2298
27,23,171.257807
-66,16,171.274811
-59,9,171.284813
15,35,171.325822
32,18,171.345826
38,12,171.35983
28,22,171.388837
36,14,171.40484
23,27,171.436847
-64,14,171.456851
34,16,171.475856
-55,5,171.482857
33,17,171.503862
-59,9,171.513864
34,16,171.532869
29,21,171.560875
38,12,171.577879
-69,19,171.597883
-55,5,171.605885
29,21,171.630891
39,11,171.646894
-60,10,171.656897
-59,9,171.665899
-54,4,171.670899
-61,11,171.683903
37,13,171.699906
40,10,171.714909
-57,7,171.724912
-56,6,171.731914
-54,4,171.736915
-52,2,171.740916
-56,6,171.747917
27,23,171.775923
31,19,171.798928
-52,2,171.800929
27,23,171.828935
-70,20,171.852941
-55,5,171.857942
-68,18,171.879947
30,20,171.906953
-55,5,171.913954
-55,5,171.919956
-54,4,171.925957
32,18,171.948962
29,21,171.972968
-56,6,171.978969
-57,7,171.987971
-57,7,171.996973
-57,7,172.005975
-58,8,172.015977
37,13,172.031981
-54,4,172.036982
-53,3,172.040983
19,31,172.07399
-54,4,172.077991
42,8,172.089994
27,23,172.117
-64,14,172.137005
-58,8,172.146007
-60,10,172.157009
-54,4,172.162011
-54,4,172.168012
-62,12,172.183015
40,10,172.198019
-62,12,172.214023
-60,10,172.224024
-60,10,172.236027
32,18,172.256032
25,25,172.287039
-52,2,172.291039
-59,9,172.301041
-60,10,172.315045
-58,8,172.323047
31,19,172.345051
-58,8,172.355054
-65,15,172.376059
27,23,172.406066
-52,2,172.408066
-58,8,172.419068
-63,13,172.436072
39,11,172.448075
36,14,172.467079
-57,7,172.477081
-56,6,172.483083
-62,12,172.496085
-60,10,172.508088
28,22,172.535094
18,32,172.574103
-62,12,172.590107
24,26,172.625115
-75,25,172.656122
-63,13,172.671125
-58,8,172.681127
23,27,172.716135
-56,6,172.723137
-52,2,172.728138
-60,10,172.73914
-66,16,172.760145
-60,10,172.773149
-59,9,172.78315
40,10,172.797153
-58,8,172.807156
-63,13,172.821159
-52,2,172.823159
-59,9,172.835162
-58,8,172.844164
-53,3,172.846164
-60,10,172.859167
32,18,172.880172
-56,6,172.892174
-55,5,172.897176
37,13,172.91418
-56,6,172.922182
-56,6,172.928183
38,12,172.945187
-60,10,172.959189
-52,2,172.96019
-62,12,172.975193
-56,6,172.984195
-56,6,172.990197
-74,24,173.019203
-56,6,173.029206
-64,14,173.045209
36,14,173.064214
34,16,173.084218
-54,4,173.088219
-55,5,173.09422
-53,3,173.099221
36,14,173.116225
-57,7,173.126227
-60,10,173.140231
-58,8,173.150233
-54,4,173.155235
-58,8,173.165236
-65,15,173.18124
-55,5,173.190242
-58,8,173.201244
-58,8,173.211246
15,35,173.250256
32,18,173.272261
32,18,173.293265
42,8,173.303267
33,17,173.326272
34,16,173.347278
35,15,173.364282
-58,8,173.374283
23,27,173.408291
-63,13,173.425295
-54,4,173.431296
-59,9,173.444443
39,11,173.456446
-58,8,173.467448
-58,8,173.47745
-57,7,173.486452
-58,8,173.495455
-59,9,173.506457
-56,6,173.514459
-56,6,173.52046
-60,10,173.535463
-54,4,173.541465
26,24,173.570471
38,12,173.587475
-54,4,173.593476
34,16,173.614481
-52,2,173.616482
-52,2,173.621483
-63,13,173.636486
33,17,173.658491
-54,4,173.663492
-56,6,173.673495
26,24,173.702501
-52,2,173.704501
36,14,173.723506
42,8,173.734508
34,16,173.753512
-63,13,173.768516
-61,11,173.780518
33,17,173.801523
-56,6,173.811526
18,32,173.846533
27,23,173.87254
-64,14,173.891544
40,10,173.903546
-54,4,173.911548
38,12,173.926551
42,8,173.937554
-58,8,173.947556
-74,24,173.974563
38,12,173.989566
-56,6,173.998568
-54,4,174.003569
13,37,174.046578
34,16,174.068583
-55,5,174.074585
38,12,174.090588
32,18,174.115596
-61,11,174.1316
-57,7,174.137601
38,12,174.153605
-57,7,174.163607
-63,13,174.179611
-56,6,174.188613
-56,6,174.194614
40,10,174.209617
-52,2,174.210618
-52,2,174.214618
-57,7,174.224621
-64,14,174.239625
-62,12,174.253627
-60,10,174.26663
-54,4,174.270631
-55,5,174.275632
-55,5,174.281633
36,14,174.299638
-1,51,174.357651
-57,7,174.367653
37,13,174.384657
25,25,174.417021
-60,10,174.428667
23,27,174.463674
-60,10,174.473677
-54,4,174.478678
25,25,174.509685
31,19,174.53369
25,25,174.566698
-67,17,174.583702
-62,12,174.597705
-63,13,174.612708
32,18,174.635713
12,38,174.679723
35,15,174.699728
-56,6,174.70673
-64,14,174.725733
26,24,174.75574
-58,8,174.764742
-52,2,174.766744
40,10,174.780746
-63,13,174.794749
40,10,174.808752
35,15,174.825756
-54,4,174.830758
-57,7,174.83976
24,26,174.871767
-54,4,174.877768
28,22,174.903774
32,18,174.926779
33,17,174.949784
-54,4,174.954786
-55,5,174.962787
33,17,174.984792
-59,9,174.998795
-69,19,175.0188
33,17,175.040804
31,19,175.061809
-75,25,175.093816
30,20,175.119822
-55,5,175.124825
-60,10,175.137829
-59,9,175.149832
30,20,175.173836
-60,10,175.184839
19,31,175.220847
-54,4,175.226849
30,20,175.251854
39,11,175.266858
-60,10,175.278861
35,15,175.297865
29,21,175.32287
-58,8,175.332873
33,17,175.352877
37,13,175.368881
-54,4,175.375882
-65,15,175.392886
-54,4,175.396887
-62,12,175.41089
36,14,175.428894
-54,4,175.433895
22,28,175.466903
-54,4,175.471905
-58,8,175.481906
-65,15,175.49891
-72,22,175.523916
38,12,175.54192
31,19,175.565926
-56,6,175.572927
-60,10,175.583929
32,18,175.605934
36,14,175.624938
24,26,175.655946
-65,15,175.67495
-55,5,175.680951
23,27,175.715089
-57,7,175.723091
-57,7,175.733093
-55,5,175.740095
22,28,175.775103
38,12,175.791106
-56,6,175.798108
-57,7,175.80811
40,10,175.822114
-67,17,175.840117
-61,11,175.855121
39,11,175.867123
-67,17,175.888128
37,13,175.904132
-67,17,175.922136
38,12,175.938139
-57,7,175.947141
34,16,175.967146
21,29,176.003154
-72,22,176.03116
-58,8,176.040162
36,14,176.058166
-56,6,176.067168
-58,8,176.07717
-52,2,176.079171
-57,7,176.088173
-56,6,176.095174
32,18,176.11918
-56,6,176.125181
-68,18,176.146186
30,20,176.170313
-54,4,176.175316
21,29,176.210324
41,9,176.220326
-56,6,176.228328
28,22,176.255334
40,10,176.270337
42,8,176.280339
40,10,176.293342
35,15,176.313348
-53,3,176.317348
-59,9,176.32735
-60,10,176.341353
34,16,176.362358
29,21,176.388364
-65,15,176.407368
-66,16,176.425373
32,18,176.444376
36,14,176.464381
34,16,176.484385
-62,12,176.500389
-57,7,176.509391
-53,3,176.513392
33,17,176.534397
40,10,176.5504
-52,2,176.552401
24,26,176.587411
38,12,176.603415
26,24,176.634422
-61,11,176.648425
42,8,176.658427
-63,13,176.67343
23,27,176.704437
-62,12,176.719441
-69,19,176.738445
34,16,176.758449
42,8,176.771453
34,16,176.791457
-71,21,176.820463
40,10,176.833466
39,11,176.84947
36,14,176.866474
-54,4,176.873475
-60,10,176.887479
-72,22,176.911484
-59,9,176.924487
-58,8,176.93449
-54,4,176.939491
-59,9,176.949492
-58,8,176.958494
-62,12,176.974498
-54,4,176.979499
-56,6,176.987501
33,17,177.010506
34,16,177.032514
35,15,177.050518
-58,8,177.06052
-60,10,177.073523
33,17,177.095528
-56,6,177.10553
-58,8,177.114532
32,18,177.134537
25,25,177.164543
-62,12,177.178546
39,11,177.192549
-57,7,177.202552
-58,8,177.212554
-52,2,177.214555
26,24,177.243561
-54,4,177.248562
34,16,177.269567
30,20,177.295573
-52,2,177.299574
40,10,177.312577
-70,20,177.337582
-72,22,177.366589
-57,7,177.375591
36,14,177.391594
-64,14,177.410599
-70,20,177.434604
-52,2,177.435604
17,33,177.475613
38,12,177.489617
-60,10,177.502619
-60,10,177.513622
30,20,177.538627
27,23,177.569635
-68,18,177.59364
-62,12,177.608643
-60,10,177.621648
-55,5,177.62765
-54,4,177.632652
-54,4,177.638653
-64,14,177.658657
-73,23,177.686664
-52,2,177.687664
-62,12,177.701667
-53,3,177.705668
-56,6,177.71267
-57,7,177.722672
-58,8,177.733674
-75,25,177.762681
-53,3,177.766682
37,13,177.782685
36,14,177.80169
33,17,177.822695
18,32,177.860703
-69,19,177.882708
37,13,177.899711
-56,6,177.907713
-63,13,177.924717
-52,2,177.925718
36,14,177.944722
-68,18,177.964726
22,28,177.998734
29,21,178.027743
20,30,178.061751
35,15,178.082755
-67,17,178.10276
23,27,178.136767
42,8,178.14677
36,14,178.164774
38,12,178.178777
21,29,178.215786
36,14,178.23279
-69,19,178.256795
28,22,178.282801
-61,11,178.296803
-63,13,178.311807
41,9,178.32681
-75,25,178.356817
-57,7,178.366819
-54,4,178.37182
-57,7,178.378822
40,10,178.392825
-57,7,178.401827
39,11,178.41383
-58,8,178.422832
42,8,178.433835
-62,12,178.449838
-55,5,178.45884
-66,16,178.477844
40,10,178.489848
-66,16,178.509852
-57,7,178.518854
-62,12,178.532856
-58,8,178.541859
-59,9,178.552861
32,18,178.575866
-53,3,178.577867
-55,5,178.585869
33,17,178.605874
40,10,178.618876
-65,15,178.63688
-56,6,178.646882
35,15,178.665887
-52,2,178.670888
41,9,178.68089
41,9,178.692893
-59,9,178.704896
-56,6,178.711897
38,12,178.726901
-64,14,178.745905
40,10,178.757909
27,23,178.785916
-61,11,178.798919
28,22,178.823924
-58,8,178.834927
-63,13,178.84893
-56,6,178.856932
30,20,178.881937
-59,9,178.89194
-61,11,178.905943
-68,18,178.928948
-58,8,178.939951
36,14,178.959955
-54,4,178.966956
35,15,178.986961
34,16,179.008966
-60,10,179.019969
-56,6,179.02897
-63,13,179.043974
40,10,179.056976
38,12,179.072981
32,18,179.097986
-60,10,179.108989
-65,15,179.127993
-68,18,179.149999
35,15,179.167001
40,10,179.182005
38,12,179.198009
29,21,179.225014
-55,5,179.231016
24,26,179.265024
-78,28,179.296031
-57,7,179.305033
-68,18,179.325038
-59,9,179.335039
40,10,179.350043
-70,20,179.374048
-59,9,179.38405
-52,2,179.387051
25,25,179.417058
-56,6,179.424059
26,24,179.453066
41,9,179.467069
-58,8,179.477071
-59,9,179.487074
-65,15,179.505078
-55,5,179.511079
-60,10,179.525082
42,8,179.537085
23,27,179.571092
37,13,179.588097
-71,21,179.614102
-57,7,179.621104
-59,9,179.634107
-58,8,179.643109
-52,2,179.644109
24,26,179.676116
-56,6,179.682118
35,15,179.702122
33,17,179.721126
-60,10,179.734129
29,21,179.759135
-63,13,179.775139
-52,2,179.779139
28,22,179.807146
-67,17,179.828151
-55,5,179.837152
38,12,179.853156
-61,11,179.864158
-56,6,179.874161
-57,7,179.883164
-70,20,179.907168
-57,7,179.91417
-65,15,179.930173
33,17,179.952178
-59,9,179.966182
-55,5,179.972183
-52,2,179.974183
-62,12,179.988187
-68,18,180.013192
-52,2,180.014192
-79,29,180.0492
35,15,180.066204
-61,11,180.079207
41,9,180.090209
-64,14,180.107214
-60,10,180.117215
-56,6,180.125217
38,12,180.140221
27,23,180.166227
-54,4,180.172229
30,20,180.196233
-56,6,180.203236
28,22,180.229241
32,18,180.249245
-52,2,180.254246
34,16,180.274251
-62,12,180.290255
30,20,180.31626
40,10,180.328263
-52,2,180.333264
30,20,180.35927
37,13,180.375274
32,18,180.397279
-52,2,180.401279
-52,2,180.40328
-56,6,180.411283
34,16,180.431286
39,11,180.44629
-58,8,180.455292
37,13,180.470295
-60,10,180.481298
34,16,180.501302
-70,20,180.525308
-54,4,180.530308
27,23,180.558315
24,26,180.592323
-54,4,180.597323
38,12,180.612327
40,10,180.62633
-61,11,180.642334
-53,3,180.647335
-53,3,180.649335
-63,13,180.669345
-60,10,180.679344
37,13,180.695348
-56,6,180.70435
34,16,180.724354
-57,7,180.733479
34,16,180.753483
42,8,180.764485
23,27,180.796493
22,28,180.830501
34,16,180.849505
-59,9,180.863508
-73,23,180.887513
-52,2,180.891514
33,17,180.911519
28,22,180.939526
-52,2,180.941526
23,27,180.975535
-60,10,180.986538
-61,11,181.000541
36,14,181.019545
-64,14,181.034549
-56,6,181.04255
22,28,181.076558
17,33,181.115566
-58,8,181.125569
-57,7,181.135571
38,12,181.151575
-61,11,181.162578
32,18,181.185583
36,14,181.201586
-52,2,181.205587
-55,5,181.212589
42,8,181.222591
-54,4,181.228592
-54,4,181.233593
-59,9,181.245596
-59,9,181.259599
-52,2,181.260599
-62,12,181.276603
-54,4,181.282604
-58,8,181.292607
-52,2,181.296608
-56,6,181.302609
-61,11,181.317612
-66,16,181.334616
38,12,181.349619
-60,10,181.361622
-56,6,181.371624
26,24,181.401631
27,23,181.428637
-56,6,181.435639
37,13,181.452642
-75,25,181.48565
-52,2,181.48665
-59,9,181.497653
-64,14,181.514657
32,18,181.537662
-58,8,181.547664
36,14,181.565668
-54,4,181.570669
-58,8,181.580672
-54,4,181.585673
-54,4,181.590674
-72,22,181.615679
-57,7,181.625682
-52,2,181.629683
-72,22,181.653688
37,13,181.670692
-58,8,181.680694
-52,2,181.684695
-65,15,181.7047
38,12,181.720703
-54,4,181.725704
21,29,181.759712
40,10,181.771715
31,19,181.79772
-68,18,181.820725
35,15,181.836729
-56,6,181.844731
-65,15,181.863736
-54,4,181.868737
-59,9,181.879739
-53,3,181.88474
13,37,181.92975
34,16,181.950755
-62,12,181.966758
-67,17,181.985763
38,12,182.001766
30,20,182.024772
-68,18,182.046776
-69,19,182.069782
-63,13,182.087786
-56,6,182.093787
-56,6,182.103789
42,8,182.114792
-77,27,182.146799
34,16,182.167805
-58,8,182.177806
27,23,182.205812
-58,8,182.216815
-56,6,182.225817
-54,4,182.229818
39,11,182.242821
-58,8,182.253823
24,26,182.286831
37,13,182.301834
-53,3,182.305835
25,25,182.335841
-52,2,182.338843
-52,2,182.340842
34,16,182.361847
-52,2,182.365848
-67,17,182.386853
42,8,182.397856
-56,6,182.404858
38,12,182.41886
-64,14,182.437865
-55,5,182.443866
34,16,182.46287
-70,20,182.488876
-55,5,182.496878
-60,10,182.509881
-64,14,182.525884
-60,10,182.539887
-59,9,182.55189
-60,10,182.564893
38,12,182.580897
-60,10,182.5929
36,14,182.613904
-57,7,182.621906
-63,13,182.64091
26,24,182.671917
38,12,182.687922
-56,6,182.693923
25,25,182.722929
-56,6,182.732931
34,16,182.751935
-56,6,182.758937
31,19,182.781942
42,8,182.793945
40,10,182.808948
-59,9,182.820951
36,14,182.836955
32,18,182.861962
-67,17,182.881968
-60,10,182.89497
-61,11,182.906972
-70,20,182.928977
-59,9,182.942981
-65,15,182.957983
36,14,182.975988
-70,20,182.999113
-58,8,183.009115
29,21,183.033121
33,17,183.053125
-55,5,183.063128
-57,7,183.070129
41,9,183.084132
37,13,183.099136
38,12,183.115139
36,14,183.131143
-54,4,183.136144
40,10,183.151148
30,20,183.176153
-63,13,183.192157
-63,13,183.20616
-54,4,183.211161
41,9,183.224164
-65,15,183.240168
-67,17,183.261174
-76,26,183.290181
-61,11,183.304184
-74,24,183.33319
24,26,183.364199
40,10,183.379203
-62,12,183.394207
-61,11,183.407209
-55,5,183.415211
32,18,183.436216
20,30,183.471224
-71,21,183.496229
39,11,183.512233
-56,6,183.518234
-66,16,183.537239
39,11,183.552242
-59,9,183.564245
35,15,183.584249
-71,21,183.609254
33,17,183.63226
42,8,183.644262
36,14,183.659266
-58,8,183.670268
-52,2,183.673269
34,16,183.693273
-66,16,183.711277
-68,18,183.730283
-55,5,183.735283
-54,4,183.741284
-67,17,183.76229
36,14,183.778294
-70,20,183.802298
-60,10,183.816301
-60,10,183.826304
-76,26,183.859311
-64,14,183.875315
-58,8,183.886317
-66,16,183.907322
-65,15,183.927326
-60,10,183.939329
-56,6,183.948331
35,15,183.968335
-58,8,183.980338
38,12,183.995341
36,14,184.010345
39,11,184.025348
-64,14,184.041352
-60,10,184.055355
-69,19,184.07836
-56,6,184.086362
-54,4,184.092363
21,29,184.126371
37,13,184.144375
-61,11,184.156378
29,21,184.185384
-59,9,184.198387
34,16,184.218392
36,14,184.236396
-61,11,184.252399
36,14,184.271404
34,16,184.291408
-57,7,184.29941
-63,13,184.316414
38,12,184.330417
38,12,184.34542
38,12,184.361424
-54,4,184.366425
35,15,184.385429
29,21,184.414436
-70,20,184.439442
-54,4,184.444443
35,15,184.461446
35,15,184.480451
-77,27,184.513458
-55,5,184.519459
-56,6,184.528461
35,15,184.543465
37,13,184.56247
-64,14,184.580473
-59,9,184.590476
-60,10,184.603478
35,15,184.623483
35,15,184.639487
-64,14,184.65749
-61,11,184.671494
-57,7,184.679496
-56,6,184.689499
40,10,184.7005
40,10,184.715504
41,9,184.727506
-56,6,184.736508
37,13,184.752512
-61,11,184.766515
29,21,184.790521
-57,7,184.800523
34,16,184.821528
32,18,184.843533
37,13,184.860536
-60,10,184.87454
-53,3,184.87854
-65,15,184.894544
-59,9,184.907547
-54,4,184.912548
-57,7,184.92055
-62,12,184.934553
-54,4,184.940554
-66,16,184.960559
-64,14,184.978564
-52,2,184.979563
25,25,185.01057
-70,20,185.035576
-74,24,185.061581
-58,8,185.071584
-55,5,185.077585
42,8,185.087587
32,18,185.109592
-59,9,185.122596
-62,12,185.137599
-53,3,185.1406
-57,7,185.150602
38,12,185.165605
24,26,185.198612
42,8,185.208615
-58,8,185.217618
-54,4,185.223618
30,20,185.247623
35,15,185.264627
26,24,185.296635
31,19,185.319639
-58,8,185.329643
-72,22,185.355648
-54,4,185.36165
-55,5,185.36665
18,32,185.404659
38,12,185.420662
36,14,185.435666
23,27,185.470674
-64,14,185.490679
39,11,185.502681
-62,12,185.517684
-52,2,185.522686
-57,7,185.532688
-59,9,185.54369
-83,33,185.582699
27,23,185.610705
-60,10,185.620707
30,20,185.646713
-54,4,185.651714
27,23,185.681721
-66,16,185.699725
31,19,185.724731
-62,12,185.740736
-52,2,185.742735
-62,12,185.756738
42,8,185.767867
-59,9,185.780869
-66,16,185.799874
-68,18,185.818878
38,12,185.833881
-58,8,185.843884
36,14,185.863888
-56,6,185.87089
33,17,185.892895
36,14,185.912899
-56,6,185.920904
-52,2,185.924904
-61,11,185.937907
28,22,185.963913
-58,8,185.974915
-56,6,185.983917
-59,9,185.99492
38,12,186.009923
29,21,186.033928
36,14,186.053933
-74,24,186.082939
40,10,186.094942
38,12,186.112946
38,12,186.12995
-68,18,186.154956
-66,16,186.17496
42,8,186.185963
40,10,186.198966
-65,15,186.21697
35,15,186.237975
-57,7,186.244976
-56,6,186.252978
-55,5,186.258979
40,10,186.273983
-55,5,186.279984
-63,13,186.293987
-53,3,186.297988
29,21,186.322993
-62,12,186.337997
-64,14,186.355001
38,12,186.372005
38,12,186.389009
-52,2,186.391009
-64,14,186.410013
38,12,186.426017
35,15,186.443021
-62,12,186.460024
34,16,186.480029
-61,11,186.494032
-55,5,186.499033
34,16,186.518038
-70,20,186.542043
25,25,186.57405
-56,6,186.580052
-54,4,186.585053
-67,17,186.604058
18,32,186.644066
37,13,186.66207
38,12,186.678074
-55,5,186.684076
39,11,186.698078
-59,9,186.70908
34,16,186.730085
33,17,186.75209
-54,4,186.757091
-63,13,186.772095
39,11,186.787098
-58,8,186.7981
-60,10,186.812104
-52,2,186.813104
37,13,186.830108
27,23,186.859115
-55,5,186.866116
-56,6,186.874118
-57,7,186.88312
-72,22,186.908125
28,22,186.937132
-53,3,186.939133
40,10,186.953135
38,12,186.968139
-54,4,186.97414
-57,7,186.983142
-53,3,186.985143
-68,18,187.008148
-60,10,187.02015
-59,9,187.032153
39,11,187.045156
-55,5,187.053158
29,21,187.079164
-56,6,187.086165
-66,16,187.10617
-57,7,187.116172
39,11,187.133176
-59,9,187.143178
32,18,187.167184
32,18,187.187188
40,10,187.201191
33,17,187.222196
-63,13,187.237199
-54,4,187.242201
40,10,187.256203
34,16,187.276208
-66,16,187.296213
-56,6,187.302214
-65,15,187.323219
-63,13,187.339223
38,12,187.354226
21,29,187.390234
37,13,187.409238
21,29,187.443246
-54,4,187.448248
40,10,187.459249
-62,12,187.473253
-54,4,187.478254
38,12,187.494257
37,13,187.514262
-82,32,187.55027
40,10,187.562273
-56,6,187.570275
-53,3,187.572275
-62,12,187.587278
32,18,187.611285
-56,6,187.616285
26,24,187.647292
27,23,187.676298
-54,4,187.681299
-54,4,187.687301
-52,2,187.691302
-54,4,187.697303
-70,20,187.722309
37,13,187.740313
-65,15,187.759317
40,10,187.77132
26,24,187.798326
42,8,187.809328
-56,6,187.81733
-53,3,187.819331
-57,7,187.829333
30,20,187.854339
-64,14,187.874343
31,19,187.896349
40,10,187.912351
-54,4,187.917353
-58,8,187.929355
19,31,187.967364
-72,22,187.99437
-61,11,188.008373
36,14,188.025377
32,18,188.049382
36,14,188.065386
31,19,188.090392
19,31,188.1284
39,11,188.142403
-56,6,188.147404
-58,8,188.157407
38,12,188.174411
37,13,188.191414
36,14,188.210419
-54,4,188.21542
39,11,188.230424
38,12,188.245429
-55,5,188.25143
37,13,188.268434
-59,9,188.279436
-62,12,188.29344
34,16,188.313444
41,9,188.328447
-54,4,188.333448
-60,10,188.345451
-82,32,188.38346
-59,9,188.394462
-61,11,188.410466
42,8,188.422469
39,11,188.438613
38,12,188.455617
38,12,188.47062
-54,4,188.475621
33,17,188.495626
40,10,188.509629
42,8,188.520631
-56,6,188.527633
-59,9,188.539636
-62,12,188.551638
-58,8,188.561641
15,35,188.60365
31,19,188.628656
-54,4,188.633657
38,12,188.64766
-59,9,188.658663
26,24,188.68967
-56,6,188.698672
39,11,188.712675
-71,21,188.741681
21,29,188.776689
42,8,188.788695
39,11,188.803698
-58,8,188.8137
-52,2,188.815701
-52,2,188.819701
-71,21,188.843709
-55,5,188.84971
-58,8,188.858712
39,11,188.874716
33,17,188.89572
34,16,188.918726
-63,13,188.933729
39,11,188.949733
33,17,188.971738
29,21,188.998744
25,25,189.02775
42,8,189.037753
-60,10,189.048755
41,9,189.062758
-53,3,189.064759
-55,5,189.071761
39,11,189.085763
38,12,189.102767
34,16,189.123772
34,16,189.143776
-53,3,189.148777
35,15,189.168782
39,11,189.182785
32,18,189.204791
-56,6,189.213792
-76,26,189.241798
-56,6,189.251801
-59,9,189.261803
-63,13,189.276806
-61,11,189.29081
-57,7,189.300812
-62,12,189.314815
8,42,189.363826
-68,18,189.386831
-64,14,189.401834
-54,4,189.406836
-54,4,189.413837
-72,22,189.439843
-68,18,189.459847
-55,5,189.465849
-56,6,189.475851
-56,6,189.482853
37,13,189.500857
36,14,189.51586
39,11,189.531864
35,15,189.551869
35,15,189.567873
36,14,189.587877
-57,7,189.597879
34,16,189.618883
-59,9,189.629886
-69,19,189.655892
-56,6,189.661893
38,12,189.679898
-57,7,189.6889
38,12,189.703902
-58,8,189.714905
-61,11,189.729908
33,17,189.750913
-67,17,189.769917
-54,4,189.775919
-63,13,189.792922
-60,10,189.808048
-61,11,189.821051
37,13,189.838055
-60,10,189.850057
39,11,189.86406
-60,10,189.877063
42,8,189.889066
-57,7,189.896067
42,8,189.90807
-58,8,189.917072
-54,4,189.922074
-64,14,189.942078
-53,3,189.947079
-54,4,189.95208
36,14,189.970084
-61,11,189.983087
39,11,189.998091
-62,12,190.011093
41,9,190.024096
40,10,190.036099
-58,8,190.045101
-57,7,190.055104
-56,6,190.064105
-60,10,190.075108
32,18,190.103114
-56,6,190.108115
27,23,190.137122
26,24,190.166128
32,18,190.187133
37,13,190.205137
26,24,190.236144
-58,8,190.244146
36,14,190.26215
39,11,190.276153
39,11,190.291157
24,26,190.323164
35,15,190.342168
32,18,190.364173
-75,25,190.39618
25,25,190.426187
-56,6,190.433188
-55,5,190.441192
-52,2,190.443192
-54,4,190.450194
-55,5,190.455195
-70,20,190.479201
28,22,190.506207
-59,9,190.518209
38,12,190.534213
-52,2,190.538214
-54,4,190.544215
-64,14,190.562219
-58,8,190.572222
-60,10,190.586225
-65,15,190.602228
-57,7,190.613231
-65,15,190.632235
32,18,190.652239
34,16,190.673244
40,10,190.687248
31,19,190.709255
-57,7,190.717257
3,47,190.77527
38,12,190.791403
32,18,190.816408
39,11,190.830411
36,14,190.850416
36,14,190.86642
40,10,190.881423
-55,5,190.888424
33,17,190.907429
25,25,190.939436
-59,9,190.950438
-56,6,190.95644
39,11,190.970443
29,21,190.994448
-55,5,191.00245
-66,16,191.024455
-79,29,191.058462
-55,5,191.064464
38,12,191.080467
-74,24,191.109474
36,14,191.128479
29,21,191.154485
32,18,191.176489
37,13,191.192493
40,10,191.207496
39,11,191.2225
21,29,191.257507
42,8,191.270511
-57,7,191.280513
31,19,191.305519
-52,2,191.306519
-58,8,191.317521
-56,6,191.326523
-59,9,191.337526
25,25,191.367532
-59,9,191.378535
40,10,191.393538
-58,8,191.40354
-56,6,191.410542
-59,9,191.422545
23,27,191.455552
38,12,191.472556
-65,15,191.492561
-62,12,191.508564
36,14,191.526568
-57,7,191.53557
-60,10,191.551574
-55,5,191.557575
-63,13,191.573579
-56,6,191.582581
29,21,191.607587
-58,8,191.617589
32,18,191.641594
-63,13,191.657598
32,18,191.679603
-64,14,191.698607
-63,13,191.71461
32,18,191.737616
34,16,191.75862
37,13,191.774624
-60,10,191.785627
-59,9,191.797629
28,22,191.823635
23,27,191.856642
30,20,191.881648
40,10,191.893651
-57,7,191.902653
-65,15,191.920657
40,10,191.932659
28,22,191.959665
-59,9,191.970668
27,23,192.001675
-56,6,192.007677
-60,10,192.02268
35,15,192.041684
-58,8,192.051686
27,23,192.077693
38,12,192.092695
34,16,192.1127
-78,28,192.145708
-60,10,192.159711
-62,12,192.176714
-57,7,192.186717
-63,13,192.201721
-67,17,192.221725
39,11,192.234728
37,13,192.252732
-62,12,192.268735
35,15,192.28974
27,23,192.317746
-58,8,192.326748
35,15,192.343752
42,8,192.354755
36,14,192.374759
24,26,192.405766
-54,4,192.410767
-60,10,192.42477
-56,6,192.431772
-60,10,192.446775
37,13,192.462779
40,10,192.475782
22,28,192.51079
-56,6,192.517792
-56,6,192.526984
40,10,192.539987
42,8,192.55099
-55,5,192.556991
-63,13,192.574995
37,13,192.592999
34,16,192.614004
-58,8,192.625006
35,15,192.645011
-70,20,192.667016
-68,18,192.68802
34,16,192.707025
37,13,192.722028
-56,6,192.73303
33,17,192.755035
35,15,192.77504
30,20,192.802046
38,12,192.81705
33,17,192.839055
27,23,192.866061
-73,23,192.895067
-63,13,192.913071
-57,7,192.923073
35,15,192.941077
-52,2,192.945078
-64,14,192.961084
16,34,193.003094
-56,6,193.008096
-62,12,193.0221
38,12,193.038103
33,17,193.060108
-61,11,193.073111
38,12,193.088115
-67,17,193.108119
-54,4,193.11412
-60,10,193.124123
-65,15,193.143127
32,18,193.165132
23,27,193.19914
-66,16,193.220144
-57,7,193.231147
-58,8,193.242149
40,10,193.255153
38,12,193.272156
-59,9,193.283158
-52,2,193.285159
37,13,193.301162
42,8,193.312165
39,11,193.326168
-60,10,193.340172
-59,9,193.351174
42,8,193.362176
-55,5,193.369178
31,19,193.393183
39,11,193.408187
-62,12,193.42419
-58,8,193.433192
-61,11,193.444195
31,19,193.470201
-56,6,193.480202
40,10,193.491205
-56,6,193.500207
-64,14,193.516211
41,9,193.527213
-74,24,193.55522
35,15,193.575224
33,17,193.595229
-56,6,193.605231
-64,14,193.622238
34,16,193.641242
37,13,193.659246
39,11,193.67225
-58,8,193.683252
-66,16,193.703256
-59,9,193.717259
37,13,193.735263
30,20,193.757268
-58,8,193.76827
-58,8,193.778273
31,19,193.802278
33,17,193.823283
-52,2,193.824283
22,28,193.85629
42,8,193.869293
-52,2,193.872294
-55,5,193.879296
34,16,193.9003
-54,4,193.904302
-57,7,193.915304
35,15,193.936308
23,27,193.968315
-60,10,193.982319
-56,6,193.98932
40,10,194.004324
-56,6,194.012325
33,17,194.036331
-58,8,194.046333
34,16,194.068338
38,12,194.084342
31,19,194.106346
-66,16,194.126351
-54,4,194.131352
-60,10,194.145355
34,16,194.166361
40,10,194.178363
30,20,194.201368
36,14,194.220372
-62,12,194.235376
-58,8,194.245378
34,16,194.264382
-61,11,194.278385
-55,5,194.285387
40,10,194.29739
33,17,194.318394
-63,13,194.333398
35,15,194.354403
-57,7,194.361404
33,17,194.385409
-59,9,194.395412
36,14,194.413416
37,13,194.43242
36,14,194.450424
37,13,194.468428
-54,4,194.473429
38,12,194.488433
-58,8,194.499435
-57,7,194.509437
33,17,194.531442
-70,20,194.556448
-64,14,194.574452
-70,20,194.597457
36,14,194.613461
-56,6,194.622463
36,14,194.637467
-55,5,194.647469
42,8,194.65747
-62,12,194.672475
34,16,194.691478
-63,13,194.708482
-56,6,194.714484
-56,6,194.722485
-59,9,194.732488
-57,7,194.74249
36,14,194.759493
-55,5,194.767495
-62,12,194.782499
39,11,194.795502
-56,6,194.804504
40,10,194.816507
42,8,194.828509
19,31,194.864518
33,17,194.885522
28,22,194.913529
-56,6,194.92053
-57,7,194.931533
-59,9,194.941535
-61,11,194.956538
26,24,194.986545
18,32,195.024554
-54,4,195.030555
-52,2,195.034556
-65,15,195.050559
-56,6,195.059561
38,12,195.075565
29,21,195.102571
-66,16,195.122576
34,16,195.14258
-65,15,195.162584
38,12,195.17759
-65,15,195.197595
35,15,195.212598
37,13,195.231603
-56,6,195.237604
-54,4,195.243605
-58,8,195.254607
30,20,195.277612
32,18,195.300618
34,16,195.319622
-54,4,195.325623
-62,12,195.338627
36,14,195.355631
35,15,195.375636
-53,3,195.379636
42,8,195.389638
41,9,195.40164
-57,7,195.410642
-58,8,195.421645
-52,2,195.423646
-62,12,195.438649
-70,20,195.463654
-54,4,195.468656
-52,2,195.473657
38,12,195.488661
-54,4,195.493661
24,26,195.524668
-76,26,195.555679
38,12,195.571682
24,26,195.603689
38,12,195.621693
-69,19,195.644698
39,11,195.661702
-68,18,195.682707
32,18,195.707712
24,26,195.73772
-64,14,195.754724
-62,12,195.770727
39,11,195.78473
38,12,195.800875
38,12,195.816878
-64,14,195.834882
40,10,195.846885
-52,2,195.850886
-69,19,195.875891
42,8,195.888895
28,22,195.915901
42,8,195.926903
27,23,195.95691
38,12,195.972914
-67,17,195.991918
34,16,196.011922
-58,8,196.021924
38,12,196.038929
-54,4,196.043929
36,14,196.063934
-72,22,196.08994
42,8,196.101943
34,16,196.121947
42,8,196.13295
33,17,196.151954
31,19,196.174959
31,19,196.198964
32,18,196.22197
40,10,196.236973
-55,5,196.242975
-61,11,196.257978
-55,5,196.26498
42,8,196.275982
-57,7,196.286984
34,16,196.304988
-72,22,196.328994
40,10,196.341996
-62,12,196.355999
-62,12,196.371004
-57,7,196.381005
40,10,196.393008
-56,6,196.40201
-58,8,196.412013
-54,4,196.418014
-54,4,196.423015
28,22,196.449021
37,13,196.466024
37,13,196.484028
-54,4,196.49003
40,10,196.502033
38,12,196.519036
30,20,196.543042
32,18,196.568189
34,16,196.589194
-58,8,196.600197
40,10,196.612199
-54,4,196.6172
30,20,196.642206
-52,2,196.647207
34,16,196.667212
42,8,196.678214
34,16,196.699219
-60,10,196.711221
30,20,196.736227
30,20,196.761233
-58,8,196.770235
-55,5,196.777236
26,24,196.807243
28,22,196.83725
-56,6,196.843251
-65,15,196.864256
27,23,196.894263
-54,4,196.899264
42,8,196.911267
-68,18,196.931271
-63,13,196.948275
-58,8,196.959277
33,17,196.981283
-52,2,196.983283
29,21,197.013289
-59,9,197.024292
-59,9,197.035295
-55,5,197.043296
-62,12,197.057299
36,14,197.078304
29,21,197.10331
33,17,197.125315
32,18,197.14832
-59,9,197.158322
-54,4,197.163323
36,14,197.183327
-56,6,197.190329
39,11,197.205336
-54,4,197.210336
25,25,197.241343
42,8,197.252346
33,17,197.27235
42,8,197.283353
-64,14,197.302357
-57,7,197.311359
-55,5,197.317475
-54,4,197.323477
40,10,197.33748
27,23,197.367487
-60,10,197.380489
32,18,197.402494
36,14,197.420499
-66,16,197.439502
38,12,197.455506
34,16,197.474511
-56,6,197.481512
40,10,197.497516
-60,10,197.509518
-56,6,197.519521
-62,12,197.535525
-52,2,197.536525
40,10,197.552528
39,11,197.565531
19,31,197.60454
-52,2,197.608541
-59,9,197.620543
-58,8,197.631546
-52,2,197.633546
-58,8,197.643548
-59,9,197.657552
-63,13,197.673556
-56,6,197.680557
-56,6,197.689559
41,9,197.701562
36,14,197.720566
38,12,197.73757
39,11,197.751573
-60,10,197.765576
-60,10,197.777579
39,11,197.792582
38,12,197.808585
36,14,197.82959
40,10,197.842594
34,16,197.862598
28,22,197.891605
-63,13,197.907608
33,17,197.927612
34,16,197.948617
35,15,197.967622
35,15,197.988767
-54,4,197.992768
33,17,198.014773
34,16,198.036778
-52,2,198.037778
36,14,198.056782
-54,4,198.060783
40,10,198.074786
36,14,198.092791
-70,20,198.117796
-54,4,198.122797
-55,5,198.129799
38,12,198.143802
-60,10,198.156805
32,18,198.17981
31,19,198.202815
-56,6,198.208817
37,13,198.226821
-57,7,198.233822
33,17,198.257828
39,11,198.26883
-54,4,198.274832
-55,5,198.283834
-56,6,198.290835
-62,12,198.306839
38,12,198.322842
-57,7,198.332844
37,13,198.349848
-58,8,198.36085
-52,2,198.364852
38,12,198.379855
35,15,198.396859
-62,12,198.411862
42,8,198.422865
-52,2,198.426866
-52,2,198.427866
32,18,198.452871
-68,18,198.473876
-59,9,198.486879
36,14,198.504884
-60,10,198.519886
-58,8,198.530889
-61,11,198.542892
-58,8,198.553895
-60,10,198.567898
40,10,198.5809
-57,7,198.589903
-59,9,198.600905
-57,7,198.609907
37,13,198.627911
-70,20,198.652916
34,16,198.672921
-58,8,198.682923
28,22,198.71093
38,12,198.726933
-63,13,198.742937
37,13,198.758942
41,9,198.773946
-68,18,198.795951
35,15,198.816956
40,10,198.828959
38,12,198.843961
38,12,198.859965
-56,6,198.869968
-70,20,198.894973
-55,5,198.899974
33,17,198.92098
-54,4,198.92698
-63,13,198.943984
33,17,198.963989
33,17,198.983993
29,21,199.009999
-54,4,199.016001
32,18,199.042006
-57,7,199.052009
-61,11,199.063011
-56,6,199.073013
40,10,199.084016
35,15,199.106021
-65,15,199.126025
37,13,199.143029
-59,9,199.155032
-65,15,199.175036
-61,11,199.18904
31,19,199.211045
-57,7,199.218046
-64,14,199.23805
34,16,199.259055
-61,11,199.274059
36,14,199.292063
-58,8,199.304066
32,18,199.329071
-70,20,199.353076
36,14,199.371081
-61,11,199.386084
40,10,199.399086
-57,7,199.409089
-56,6,199.418091
-77,27,199.449098
-64,14,199.467102
36,14,199.484106
33,17,199.508112
36,14,199.526115
32,18,199.550122
40,10,199.564124
-63,13,199.580127
-62,12,199.597131
38,12,199.612135
38,12,199.627138
36,14,199.645142
-62,12,199.660145
-62,12,199.676149
38,12,199.691152
29,21,199.717158
-58,8,199.728161
-68,18,199.752166
34,16,199.772171
-59,9,199.783173
-55,5,199.790175
-61,11,199.804178
26,24,199.832184
35,15,199.851188
36,14,199.867192
-66,16,199.885196
-52,2,199.889197
-58,8,199.899199
-57,7,199.906201
-58,8,199.917204
-54,4,199.922205
-54,4,199.928206
28,22,199.957212
36,14,199.973216
34,16,199.99222
40,10,200.006224
24,26,200.038231
-61,11,200.053234
-55,5,200.059236
23,27,200.094244
-63,13,200.109247
-65,15,200.129251
34,16,200.150256
38,12,200.16726
-68,18,200.190266
36,14,200.208269
38,12,200.223274
-55,5,200.230274
36,14,200.251279
-60,10,200.264281
-52,2,200.268282
38,12,200.284286
-66,16,200.305291
32,18,200.325296
-71,21,200.352301
-55,5,200.358303
35,15,200.377307
-56,6,200.384309
25,25,200.412315
-56,6,200.421317
29,21,200.445322
-68,18,200.468328
25,25,200.498334
-55,5,200.504336
-54,4,200.510337
41,9,200.52234
-64,14,200.543344
38,12,200.559348
-56,6,200.56635
-59,9,200.580353
-68,18,200.600357
41,9,200.610359
-59,9,200.624362
-54,4,200.630364
-69,19,200.651369
36,14,200.670373
-54,4,200.675374
-57,7,200.687377
-60,10,200.698379
33,17,200.719384
-66,16,200.738388
-68,18,200.761393
-55,5,200.768395
-60,10,200.782398
42,8,200.793401
-55,5,200.800402
-68,18,200.821407
39,11,200.837533
-52,2,200.841534
32,18,200.864539
42,8,200.874541
35,15,200.894545
39,11,200.909549
-70,20,200.934554
31,19,200.95756
19,31,200.994568
-76,26,201.026575
-61,11,201.039578
27,23,201.068585
36,14,201.087589
-52,2,201.08859
-69,19,201.110594
40,10,201.123597
40,10,201.137601
-58,8,201.148603
39,11,201.162606
32,18,201.185611
34,16,201.204616
42,8,201.217618
-54,4,201.222619
-56,6,201.232622
-54,4,201.238624
-64,14,201.255627
-62,12,201.272631
-64,14,201.293635
-60,10,201.305638
-60,10,201.320642
-64,14,201.334645
39,11,201.350648
-58,8,201.361651
38,12,201.377655
38,12,201.393658
41,9,201.406661
-56,6,201.415663
-57,7,201.422664
-55,5,201.430666
32,18,201.454672
18,32,201.494681
-54,4,201.500682
-67,17,201.519686
36,14,201.538691
-60,10,201.550693
31,19,201.575699
-68,18,201.598704
34,16,201.618708
-61,11,201.629711
-60,10,201.642715
35,15,201.662719
34,16,201.680723
-63,13,201.697726
-57,7,201.708729
-60,10,201.720732
32,18,201.745737
-53,3,201.747738
-60,10,201.762741
26,24,201.792751
35,15,201.813755
-53,3,201.814756
34,16,201.83476
-58,8,201.845762
-52,2,201.850764
-55,5,201.856765
35,15,201.87677
-56,6,201.884772
-59,9,201.897775
34,16,201.918779
-60,10,201.930782
13,37,201.974792
-54,4,201.980793
34,16,202.001797
30,20,202.026803
-64,14,202.044807
38,12,202.060811
-59,9,202.071814
-56,6,202.080945
-62,12,202.095948
33,17,202.116953
42,8,202.127956
24,26,202.155962
39,11,202.171966
-56,6,202.180968
-57,7,202.18897
-59,9,202.203973
-52,2,202.204973
-60,10,202.219976
-64,14,202.236981
-52,2,202.240982
-65,15,202.258985
38,12,202.274989
-56,6,202.284991
42,8,202.295994
-57,7,202.305996
-63,13,202.321
-54,4,202.327001
-58,8,202.337003
-59,9,202.347005
36,14,202.365009
-57,7,202.373011
-60,10,202.387015
36,14,202.404018
37,13,202.422022
-58,8,202.431024
-72,22,202.45703
-61,11,202.469033
33,17,202.491038
-52,2,202.496039
-60,10,202.507041
-55,5,202.513043
33,17,202.539052
35,15,202.557055
36,14,202.57706
-61,11,202.592063
-53,3,202.594064
32,18,202.618069
-57,7,202.628071
-56,6,202.636073
-68,18,202.660078
-53,3,202.663079
-71,21,202.689085
-56,6,202.697087
38,12,202.71209
-57,7,202.722093
31,19,202.747098
32,18,202.768103
36,14,202.787107
42,8,202.79911
34,16,202.819114
-65,15,202.835118
-60,10,202.849121
-56,6,202.856122
-60,10,202.871632
42,8,202.883635
12,38,202.926644
-52,2,202.930645
-53,3,202.934645
-58,8,202.945648
42,8,202.958651
39,11,202.971654
28,22,203.002661
-60,10,203.015664
-56,6,203.023665
-52,2,203.025666
38,12,203.04267
37,13,203.061674
-53,3,203.063674
-65,15,203.082679
-53,3,203.087681
-56,6,203.094682
34,16,203.113686
40,10,203.127689
-59,9,203.136691
-57,7,203.147694
-58,8,203.157696
-54,4,203.163697
-72,22,203.190703
-55,5,203.200706
39,11,203.213708
26,24,203.243715
35,15,203.26472
42,8,203.276723
6,44,203.328734
-60,10,203.343738
39,11,203.35574
-60,10,203.368743
32,18,203.390749
40,10,203.405751
42,8,203.417755
37,13,203.434872
-57,7,203.445875
-57,7,203.454877
38,12,203.471881
-57,7,203.479882
32,18,203.502888
-68,18,203.525893
29,21,203.552899
-55,5,203.559901
-56,6,203.565902
40,10,203.580905
40,10,203.593908
-69,19,203.616913
-53,3,203.621915
34,16,203.642919
36,14,203.658923
-61,11,203.674927
-56,6,203.683928
42,8,203.694931
-57,7,203.701932
42,8,203.712935
-65,15,203.731939
40,10,203.746943
-68,18,203.767947
36,14,203.785951
-61,11,203.797954
-61,11,203.812957
-56,6,203.82196
38,12,203.836963
42,8,203.848966
26,24,203.879973
-59,9,203.890975
-53,3,203.894976
-64,14,203.91298
31,19,203.937987
-56,6,203.943987
38,12,203.959991
-54,4,203.964992
36,14,203.984996
25,25,204.016004
31,19,204.042009
-57,7,204.052011
-60,10,204.063014
31,19,204.086019
-61,11,204.101022
-52,2,204.103023
-65,15,204.122027
40,10,204.13503
-60,10,204.147032
38,12,204.163036
40,10,204.177039
36,14,204.197044
-54,4,204.202045
38,12,204.220049
38,12,204.236053
41,9,204.247055
-52,2,204.252056
-52,2,204.253057
-52,2,204.258057
39,11,204.27106
-52,2,204.274061
-52,2,204.276062
37,13,204.294066
36,14,204.31207
42,8,204.323072
32,18,204.346077
42,8,204.35808
42,8,204.372083
20,30,204.407091
36,14,204.426095
-54,4,204.433097
-54,4,204.438098
33,17,204.459103
38,12,204.475106
-58,8,204.48711
-60,10,204.499112
42,8,204.511115
37,13,204.529119
39,11,204.542122
36,14,204.563127
34,16,204.583131
40,10,204.596134
32,18,204.627143
-58,8,204.638146
-54,4,204.645147
-61,11,204.662151
-56,6,204.669152
-52,2,204.673153
30,20,204.70416
-57,7,204.713162
40,10,204.731166
-66,16,204.755172
-57,7,204.767174
-75,25,204.802182
-56,6,204.808184
36,14,204.831189
42,8,204.844192
29,21,204.875199
41,9,204.890202
38,12,204.912207
38,12,204.932212
26,24,204.965221
36,14,204.989226
-53,3,204.994227
-53,3,204.997228
40,10,205.014231
32,18,205.039237
36,14,205.064243
39,11,205.080246
35,15,205.104252
42,8,205.120255
38,12,205.14026
29,21,205.17327
-52,2,205.175271
-55,5,205.183278
-60,10,205.20128
-54,4,205.207282
-52,2,205.209283
-58,8,205.221288
-55,5,205.23029
-65,15,205.252299
36,14,205.274303
-54,4,205.281305
-56,6,205.287307
42,8,205.30231
33,17,205.329316
-60,10,205.34432
-54,4,205.352321
31,19,205.382328
20,30,205.426338
-62,12,205.443342
-52,2,205.448343
39,11,205.465347
34,16,205.488352
38,12,205.508358
-54,4,205.515359
-56,6,205.522361
34,16,205.547368
24,26,205.588376
-56,6,205.596378
-52,2,205.602379
-58,8,205.614382
19,31,205.656391
-54,4,205.664393
42,8,205.679397
-62,12,205.6974
-54,4,205.702402
-54,4,205.708403
-55,5,205.717405
39,11,205.733409
-58,8,205.746412
25,25,205.78442
-60,10,205.799423
36,14,205.823429
-64,14,205.840435
-52,2,205.845436
35,15,205.867568
42,8,205.879571
-61,11,205.896577
-54,4,205.902578
-71,21,205.934595
-52,2,205.939591
-56,6,205.946593
-58,8,205.958595
28,22,205.991603
38,12,206.011607
34,16,206.036613
-52,2,206.038614
34,16,206.064619
42,8,206.079623
40,10,206.094626
-64,14,206.11463
-57,7,206.125633
-56,6,206.135635
39,11,206.150639
38,12,206.170783
38,12,206.189787
-71,21,206.222796
-59,9,206.235798
26,24,206.268806
29,21,206.299813
-76,26,206.338822
40,10,206.353826
-54,4,206.360827
-57,7,206.371829
34,16,206.397835
-60,10,206.410838
37,13,206.432843
38,12,206.451847
-61,11,206.46685
39,11,206.484855
-53,3,206.490856
34,16,206.515862
30,20,206.54587
39,11,206.563874
-61,11,206.578877
-60,10,206.595884
-61,11,206.615888
35,15,206.638893
37,13,206.661898
-55,5,206.6679
38,12,206.688905
36,14,206.707909
36,14,206.731915
31,19,206.760921
-55,5,206.768923
-64,14,206.787927
41,9,206.80193
33,17,206.825936
32,18,206.851941
30,20,206.880948
40,10,206.899952
34,16,206.923958
-57,7,206.93496
-59,9,206.948963
-63,13,206.966967
-54,4,206.971972
-54,4,206.977973
-60,10,206.993977
-65,15,207.012981
-58,8,207.025984
39,11,207.042988
28,22,207.075995
38,12,207.095999
23,27,207.133008
-54,4,207.139009
-64,14,207.159013
40,10,207.173017
34,16,207.201023
31,19,207.228029
-63,13,207.245033
-56,6,207.257036
25,25,207.292044
31,19,207.32205
40,10,207.336054
19,31,207.381065
34,16,207.408072
-56,6,207.419074
-55,5,207.425076
36,14,207.448081
32,18,207.475087
-63,13,207.493091
-60,10,207.509094
-52,2,207.512095
-52,2,207.518096
30,20,207.546103
-54,4,207.552104
-54,4,207.558106
40,10,207.57411
32,18,207.604116
-66,16,207.626121
-58,8,207.639123
-56,6,207.647125
40,10,207.665129
37,13,207.684133
-63,13,207.704139
-59,9,207.716141
36,14,207.741147
30,20,207.771154
-58,8,207.785156
-58,8,207.796159
-60,10,207.809012
30,20,207.839022
38,12,207.858027
37,13,207.879031
39,11,207.893034
-54,4,207.900036
38,12,207.91904
42,8,207.931043
-64,14,207.954049
-66,16,207.980054
40,10,207.994057
-52,2,207.998058
-57,7,208.012061
27,23,208.042068
-56,6,208.053073
-55,5,208.059074
40,10,208.077078
-61,11,208.093082
35,15,208.115087
31,19,208.146095
-52,2,208.148094
40,10,208.164098
-66,16,208.187103
-61,11,208.204107
-67,17,208.229113
-66,16,208.253118
40,10,208.268121
-56,6,208.279124
35,15,208.303129
-59,9,208.314132
-56,6,208.323134
33,17,208.35114
36,14,208.371145
-63,13,208.389151
34,16,208.416157
-62,12,208.434161
40,10,208.452165
-52,2,208.453165
-52,2,208.457166
-56,6,208.465168
-57,7,208.47617
-68,18,208.504177
-52,2,208.506177
-54,4,208.513179
-59,9,208.525182
35,15,208.550189
40,10,208.568193
-57,7,208.576195
41,9,208.594199
-55,5,208.6012
-52,2,208.603201
-61,11,208.620205
41,9,208.635208
-57,7,208.64621
40,10,208.662214
-58,8,208.675217
34,16,208.700223
-57,7,208.708225
38,12,208.729229
-58,8,208.740232
28,22,208.77624
-53,3,208.782242
-58,8,208.792243
-54,4,208.798245
-63,13,208.816249
-52,2,208.818249
42,8,208.831252
40,10,208.845258
40,10,208.858262
32,18,208.881267
-52,2,208.883267
-59,9,208.89627
-54,4,208.902272
-61,11,208.914274
-61,11,208.928277
-60,10,208.943281
-57,7,208.950282
-53,3,208.954284
-54,4,208.960284
-52,2,208.964286
-57,7,208.971288
25,25,209.004295
39,11,209.017298
-55,5,209.026299
-57,7,209.032301
-64,14,209.050305
23,27,209.084313
40,10,209.097316
38,12,209.114319
-60,10,209.127322
-52,2,209.129323
42,8,209.142325
-61,11,209.156329
42,8,209.169332
34,16,209.190336
-55,5,209.196338
-54,4,209.202339
40,10,209.217342
25,25,209.248349
-54,4,209.254351
-56,6,209.260352
-62,12,209.275356
-57,7,209.285357
-57,7,209.29636
22,28,209.331368
-56,6,209.33837
32,18,209.364375
-55,5,209.369376
-56,6,209.378379
-52,2,209.380379
-68,18,209.404385
25,25,209.434391
-58,8,209.444393
-65,15,209.463398
-52,2,209.465398
32,18,209.488403
-55,5,209.495405
-66,16,209.515409
-57,7,209.525412
35,15,209.544416
37,13,209.56342
-60,10,209.576423
-53,3,209.581424
-58,8,209.591427
-56,6,209.597428
33,17,209.620434
-74,24,209.64944
-58,8,209.659442
-56,6,209.666444
-57,7,209.675446
-61,11,209.690449
-59,9,209.702452
41,9,209.713454
-56,6,209.723456
-55,5,209.729459
-59,9,209.741461
-59,9,209.751463
36,14,209.772467
-67,17,209.793472
-60,10,209.809476
38,12,209.825484
-59,9,209.836482
-62,12,209.851485
-58,8,209.861487
-61,11,209.877491
39,11,209.890494
41,9,209.905498
-66,16,209.924501
-56,6,209.931503
-64,14,209.951508
36,14,209.968512
-52,2,209.973513
25,25,210.00352
-56,6,210.011521
-52,2,210.016522
34,16,210.037527
37,13,210.054531
-60,10,210.069534
-57,7,210.076536
38,12,210.09354
42,8,210.104543
-65,15,210.124547
-54,4,210.130548
42,8,210.141551
-57,7,210.150553
-60,10,210.161555
-62,12,210.175558
38,12,210.189562
32,18,210.212567
-55,5,210.218568
38,12,210.235572
40,10,210.252575
-58,8,210.262578
-57,7,210.269579
34,16,210.291584
-56,6,210.300586
-58,8,210.312589
-53,3,210.31659
-59,9,210.327592
36,14,210.344596
-56,6,210.352598
-56,6,210.3596
42,8,210.371603
40,10,210.386608
-60,10,210.39761
34,16,210.417615
41,9,210.431618
36,14,210.448622
38,12,210.465626
35,15,210.486631
-63,13,210.503635
-58,8,210.513637
-55,5,210.519638
31,19,210.543643
-52,2,210.547644
41,9,210.560647
-55,5,210.566648
-65,15,210.585652
-56,6,210.592654
36,14,210.613659
36,14,210.629663
-54,4,210.634664
-63,13,210.651668
-61,11,210.663671
42,8,210.675673
31,19,210.699679
-64,14,210.717683
28,22,210.743688
41,9,210.755691
-57,7,210.765693
-59,9,210.777696
-62,12,210.7927
-61,11,210.806703
38,12,210.823707
41,9,210.836709
-58,8,210.847713
-55,5,210.855714
32,18,210.876718
-54,4,210.88272
-58,8,210.89384
-54,4,210.898863
-66,16,210.917868
19,31,210.957877
36,14,210.973881
-57,7,210.982882
40,10,210.997885
-64,14,211.012889
36,14,211.030893
-60,10,211.042896
-55,5,211.049897
35,15,211.069903
-66,16,211.089906
40,10,211.10391
39,11,211.115912
39,11,211.131916
39,11,211.147919
20,30,211.184928
-59,9,211.197931
37,13,211.214935
-66,16,211.234939
-65,15,211.253944
-54,4,211.259944
11,39,211.304955
-62,12,211.318958
-54,4,211.323959
30,20,211.349965
32,18,211.373971
30,20,211.397975
-68,18,211.420982
42,8,211.432984
-61,11,211.446987
-56,6,211.455989
-69,19,211.475993
-65,15,211.493997
32,18,211.520004
-57,7,211.526005
-59,9,211.538007
32,18,211.561015
38,12,211.576018
-62,12,211.593022
-63,13,211.609026
-59,9,211.623029
-60,10,211.636032
19,31,211.67304
-57,7,211.683042
-56,6,211.690044
-52,2,211.695045
-52,2,211.696045
-64,14,211.71505
33,17,211.737055
34,16,211.75806
-52,2,211.76006
35,15,211.781065
-53,3,211.785065
-55,5,211.793067
32,18,211.817073
37,13,211.833076
-61,11,211.84908
-53,3,211.85108
35,15,211.872086
37,13,211.88809
-62,12,211.904093
-66,16,211.923097
38,12,211.9371
-60,10,211.950103
40,10,211.963105
31,19,211.988111
40,10,212.002115
33,17,212.02512
40,10,212.037123
-56,6,212.048125
-56,6,212.054127
-66,16,212.07113
-53,3,212.075131
23,27,212.109138
30,20,212.133144
36,14,212.151148
33,17,212.174153
36,14,212.191157
32,18,212.214162
-57,7,212.222164
-68,18,212.246169
-56,6,212.253171
28,22,212.282181
40,10,212.295183
38,12,212.311187
33,17,212.335192
-59,9,212.347195
31,19,212.371201
24,26,212.400207
-54,4,212.406209
42,8,212.418211
-54,4,212.423212
-57,7,212.433214
-52,2,212.435215
34,16,212.454219
42,8,212.466222
42,8,212.477224
32,18,212.50123
31,19,212.525235
-56,6,212.533237
-57,7,212.54324
-58,8,212.553241
25,25,212.582248
-55,5,212.589249
40,10,212.604253
-52,2,212.606253
40,10,212.621257
-53,3,212.625257
-61,11,212.63626
-56,6,212.644262
-52,2,212.646262
40,10,212.661265
34,16,212.68327
-54,4,212.688272
37,13,212.706275
-57,7,212.717278
34,16,212.736283
-67,17,212.756287
-58,8,212.766289
-58,8,212.776292
40,10,212.790294
-55,5,212.795295
40,10,212.807298
-62,12,212.822301
-53,3,212.828303
-60,10,212.843307
-64,14,212.85931
-67,17,212.878314
-57,7,212.887317
38,12,212.90232
-55,5,212.908321
34,16,212.927325
-56,6,212.938328
41,9,212.94933
-53,3,212.955332
42,8,212.967434
-54,4,212.972453
-60,10,212.984457
-56,6,212.992457
23,27,213.028469
-52,2,213.030468
-57,7,213.040471
41,9,213.052473
-60,10,213.066476
38,12,213.08248
29,21,213.108486
23,27,213.142494
-75,25,213.1715
38,12,213.184503
26,24,213.214509
-61,11,213.228513
41,9,213.240516
-60,10,213.251518
40,10,213.266522
-58,8,213.277524
37,13,213.294528
-70,20,213.320534
38,12,213.337539
32,18,213.360544
-52,2,213.362545
-57,7,213.371547
-55,5,213.377548
-56,6,213.386551
31,19,213.408555
-52,2,213.412556
-52,2,213.414558
-57,7,213.423559
-60,10,213.437562
32,18,213.459567
-52,2,213.465568
-70,20,213.489574
-52,2,213.491574
31,19,213.51658
25,25,213.545586
-55,5,213.552588
-56,6,213.56259
42,8,213.573593
33,17,213.593597
-56,6,213.602599
38,12,213.618603
36,14,213.636607
33,17,213.658612
-52,2,213.662612
40,10,213.674615
34,16,213.69662
-68,18,213.721626
-55,5,213.727627
-52,2,213.731628
-52,2,213.733629
35,15,213.754636
36,14,213.77264
36,14,213.790644
-57,7,213.801646
-63,13,213.81765
20,30,213.853658
-61,11,213.866661
-54,4,213.871662
-52,2,213.876663
41,9,213.888666
-69,19,213.913671
42,8,213.924674
-55,5,213.930675
36,14,213.946679
-74,24,213.974685
26,24,214.005693
-63,13,214.023696
-59,9,214.033698
20,30,214.070707
37,13,214.089711
35,15,214.106715
-63,13,214.124719
-60,10,214.136722
-54,4,214.141723
26,24,214.17073
-66,16,214.190734
36,14,214.209738
29,21,214.233744
38,12,214.250747
-55,5,214.256748
-58,8,214.266751
38,12,214.280754
-52,2,214.284755
-52,2,214.286756
-54,4,214.291757
-60,10,214.30476
20,30,214.338767
31,19,214.36091
-62,12,214.375914
38,12,214.391917
-55,5,214.397919
-58,8,214.407921
-62,12,214.422924
-60,10,214.437928
-54,4,214.443929
36,14,214.461933
-57,7,214.471935
-60,10,214.483939
38,12,214.499942
17,33,214.544952
-56,6,214.551953
35,15,214.570958
26,24,214.599964
-57,7,214.607966
-57,7,214.615968
34,16,214.635972
-66,16,214.655977
39,11,214.67198
-57,7,214.682983
16,34,214.723992
-54,4,214.729993
-54,4,214.735995
42,8,214.746997
-56,6,214.757
42,8,214.768002
38,12,214.784008
-57,7,214.79401
-56,6,214.801012
41,9,214.812014
-65,15,214.830018
-58,8,214.83902
36,14,214.858024
38,12,214.874028
33,17,214.895033
-58,8,214.906035
-68,18,214.92704
32,18,214.952046
-56,6,214.958047
42,8,214.969049
-58,8,214.979052
-62,12,214.993055
-64,14,215.01206
40,10,215.025062
38,12,215.040065
41,9,215.055069
36,14,215.073073
38,12,215.090077
-67,17,215.109081
34,16,215.130086
-58,8,215.140088
40,10,215.154092
37,13,215.170096
33,17,215.191099
-54,4,215.1961
-54,4,215.200101
-55,5,215.209103
-57,7,215.216105
-70,20,215.242111
-55,5,215.250113
-55,5,215.256114
37,13,215.273118
-58,8,215.28212
41,9,215.293122
41,9,215.308126
-62,12,215.32513
-57,7,215.333131
39,11,215.347134
-52,2,215.351135
30,20,215.375141
-56,6,215.381142
-55,5,215.387144
36,14,215.407148
30,20,215.435154
-54,4,215.440155
39,11,215.454159
-53,3,215.45716
-59,9,215.470162
32,18,215.494168
-56,6,215.50417
-59,9,215.515172
-77,27,215.54918
37,13,215.565183
-55,5,215.571185
-56,6,215.580187
32,18,215.601192
42,8,215.612194
41,9,215.623197
-65,15,215.642201
35,15,215.663205
35,15,215.685211
30,20,215.709216
-58,8,215.720219
-61,11,215.732221
42,8,215.743223
41,9,215.758227
38,12,215.775231
-56,6,215.782233
36,14,215.801237
34,16,215.822241
38,12,215.836245
-60,10,215.848248
31,19,215.872252
36,14,215.890258
-57,7,215.900259
-72,22,215.928373
-57,7,215.935375
32,18,215.961381
39,11,215.975384
-67,17,215.996389
-56,6,216.004391
34,16,216.026395
33,17,216.052401
-66,16,216.071406
-59,9,216.082409
-55,5,216.087409
31,19,216.111414
42,8,216.122417
-81,31,216.158425
-56,6,216.164427
36,14,216.184431
-52,2,216.185431
38,12,216.201435
38,12,216.217439
33,17,216.237443
40,10,216.251446
-58,8,216.262449
-52,2,216.264449
-57,7,216.273452
40,10,216.287454
26,24,216.318461
-57,7,216.327464
41,9,216.341467
-65,15,216.35747
-54,4,216.363471
-57,7,216.373474
-59,9,216.384476
36,14,216.405481
40,10,216.417484
39,11,216.433487
-62,12,216.448491
35,15,216.466495
37,13,216.482498
41,9,216.4935
-55,5,216.503504
35,15,216.520507
37,13,216.540511
-52,2,216.541511
37,13,216.558516
33,17,216.582521
-54,4,216.588522
35,15,216.606663
-56,6,216.616665
38,12,216.632669
40,10,216.645672
-52,2,216.649673
-59,9,216.659675
42,8,216.672678
41,9,216.684681
38,12,216.700685
-60,10,216.714687
38,12,216.732692
-71,21,216.758697
26,24,216.789704
40,10,216.804708
40,10,216.81671
35,15,216.834715
31,19,216.860721
-57,7,216.867722
35,15,216.885726
-53,3,216.890727
-57,7,216.899729
30,20,216.926735
-57,7,216.933737
29,21,216.963743
32,18,216.986749
-62,12,217.001752
38,12,217.020757
-54,4,217.025758
-59,9,217.036761
36,14,217.054764
-62,12,217.070768
-54,4,217.074768
-56,6,217.08277
-54,4,217.088772
-60,10,217.103776
32,18,217.12378
42,8,217.135782
37,13,217.154787
42,8,217.166789
-56,6,217.172791
36,14,217.192795
37,13,217.208799
-60,10,217.220801
-60,10,217.234804
40,10,217.247808
36,14,217.267812
36,14,217.285816
-71,21,217.313954
-58,8,217.323956
37,13,217.339959
34,16,217.358963
-56,6,217.364965
39,11,217.379968
34,16,217.398973
42,8,217.409975
-63,13,217.425979
36,14,217.448984
-58,8,217.458986
34,16,217.479991
35,15,217.499995
42,8,217.510998
-78,28,217.543005
39,11,217.557008
32,18,217.581014
38,12,217.597017
-60,10,217.608019
38,12,217.625024
40,10,217.639027
40,10,217.65203
42,8,217.663032
-52,2,217.668033
-65,15,217.687038
40,10,217.69904
37,13,217.716044
34,16,217.735048
-57,7,217.746051
-55,5,217.752052
37,13,217.774058
-60,10,217.785061
38,12,217.802064
-61,11,217.818068
-56,6,217.825068
-56,6,217.83438
37,13,217.852074
34,16,217.872079
40,10,217.889083
-54,4,217.894084
-54,4,217.900085
36,14,217.917089
-59,9,217.927091
27,23,217.958099
-60,10,217.971102
-64,14,217.989105
25,25,218.021114
-55,5,218.030115
34,16,218.050119
-55,5,218.055121
-52,2,218.057121
24,26,218.091129
41,9,218.102131
-62,12,218.117134
-56,6,218.127137
38,12,218.14414
35,15,218.159144
36,14,218.179148
-60,10,218.191151
-65,15,218.210155
32,18,218.237164
35,15,218.255167
29,21,218.282174
27,23,218.309179
-63,13,218.327184
-64,14,218.342187
41,9,218.35519
38,12,218.372194
-65,15,218.390198
-61,11,218.405201
-67,17,218.425339
42,8,218.436361
40,10,218.450364
40,10,218.462367
-54,4,218.467368
-58,8,218.478371
-54,4,218.484372
38,12,218.499376
-62,12,218.515379
-60,10,218.528382
-58,8,218.538384
-58,8,218.549387
39,11,218.56239
-55,5,218.571392
-54,4,218.577394
-54,4,218.582394
35,15,218.600398
-61,11,218.614402
33,17,218.635406
32,18,218.660412
-59,9,218.671414
22,28,218.705422
-54,4,218.710423
-74,24,218.73843
-64,14,218.756433
42,8,218.768436
-58,8,218.778438
-56,6,218.78644
-59,9,218.797443
-55,5,218.807445
-63,13,218.823449
37,13,218.839453
37,13,218.855457
40,10,218.87146
41,9,218.882462
-61,11,218.897465
38,12,218.912468
36,14,218.929472
40,10,218.944475
34,16,218.96448
16,34,219.005489
38,12,219.023494
-54,4,219.028495
-56,6,219.038497
-54,4,219.043498
-59,9,219.055501
-59,9,219.067503
36,14,219.087508
-60,10,219.09951
36,14,219.118515
36,14,219.13652
-56,6,219.146521
-59,9,219.156524
-61,11,219.171527
-57,7,219.181529
-54,4,219.187531
40,10,219.200533
36,14,219.220538
37,13,219.236542
-54,4,219.243543
-56,6,219.250545
25,25,219.284552
-57,7,219.291554
36,14,219.311558
35,15,219.332563
40,10,219.344566
31,19,219.368571
-59,9,219.378573
36,14,219.39758
32,18,219.420585
-57,7,219.429587
-63,13,219.446591
-58,8,219.456593
41,9,219.469596
-64,14,219.4896
25,25,219.519608
39,11,219.536611
30,20,219.560616
39,11,219.57762
-56,6,219.583622
34,16,219.605627
-62,12,219.620631
35,15,219.639634
-58,8,219.649637
-57,7,219.659639
40,10,219.672642
-56,6,219.682644
-52,2,219.683644
-58,8,219.693648
-54,4,219.699648
-66,16,219.720653
38,12,219.735656
34,16,219.757661
28,22,219.786813
-60,10,219.797816
35,15,219.81782
-52,2,219.819821
42,8,219.830823
37,13,219.850827
-60,10,219.86383
-59,9,219.873832
-54,4,219.879834
-62,12,219.894837
38,12,219.910841
31,19,219.934846
40,10,219.94985
-58,8,219.960852
-58,8,219.971855
27,23,219.999861
34,16,220.021866
-55,5,220.029868
-59,9,220.04087
36,14,220.057874
39,11,220.073878
-55,5,220.079879
31,19,220.103884
31,19,220.127889
40,10,220.140893
33,17,220.164898
39,11,220.177901
-58,8,220.187903
31,19,220.210909
32,18,220.234914
-65,15,220.251918
33,17,220.275923
-56,6,220.282925
42,8,220.294928
-58,8,220.30593
-61,11,220.318933
-57,7,220.328935
29,21,220.354941
-69,19,220.379946
38,12,220.39595
36,14,220.413954
-57,7,220.423956
-60,10,220.435959
40,10,220.451963
36,14,220.467966
34,16,220.487971
-56,6,220.497973
-56,6,220.504975
40,10,220.519978
40,10,220.532981
37,13,220.551986
-74,24,220.580992
39,11,220.594995
-55,5,220.602997
-56,6,220.609998
-68,18,220.633003
36,14,220.650007
-53,3,220.654009
-56,6,220.66001
42,8,220.672012
34,16,220.692017
-71,21,220.719023
-56,6,220.726024
-66,16,220.746029
-54,4,220.753031
-55,5,220.759032
33,17,220.782037
-52,2,220.784038
-56,6,220.79304
35,15,220.811044
28,22,220.842051
-70,20,220.867056
-75,25,220.896063
33,17,220.917068
-60,10,220.930195
-64,14,220.946199
39,11,220.962203
-57,7,220.972205
-66,16,220.99321
36,14,221.012213
-62,12,221.029218
40,10,221.043221
39,11,221.058224
-60,10,221.070227
36,14,221.090231
40,10,221.104235
-56,6,221.113237
37,13,221.129241
28,22,221.15537
-57,7,221.164372
-62,12,221.180376
-56,6,221.188377
38,12,221.205381
40,10,221.218384
-61,11,221.234388
-60,10,221.24539
-55,5,221.254392
37,13,221.272396
-63,13,221.2884
-72,22,221.316406
36,14,221.33341
-55,5,221.341412
-59,9,221.354415
38,12,221.370418
40,10,221.382421
25,25,221.410427
-52,2,221.414428
38,12,221.432432
42,8,221.444435
39,11,221.460439
-58,8,221.472441
33,17,221.494446
-67,17,221.514451
-55,5,221.520452
38,12,221.535455
32,18,221.557461
33,17,221.580466
-56,6,221.589468
-56,6,221.595469
39,11,221.611472
-57,7,221.621475
40,10,221.634478
-65,15,221.653482
-53,3,221.658483
34,16,221.681488
36,14,221.699492
-63,13,221.715496
-60,10,221.729499
32,18,221.750504
28,22,221.77851
-64,14,221.794514
-52,2,221.798514
-63,13,221.814518
39,11,221.829522
39,11,221.843525
38,12,221.858528
28,22,221.886535
-63,13,221.902539
37,13,221.922543
36,14,221.937546
-54,4,221.942547
40,10,221.95855
-59,9,221.970554
30,20,221.995559
41,9,222.006562
34,16,222.025566
-58,8,222.035568
38,12,222.050571
37,13,222.066575
35,15,222.08658
42,8,222.097582
35,15,222.116586
-56,6,222.123588
-64,14,222.142592
32,18,222.165597
37,13,222.184602
-61,11,222.198605
-56,6,222.208607
-52,2,222.210608
-57,7,222.219609
-56,6,222.229612
-59,9,222.241614
-59,9,222.251616
30,20,222.275623
42,8,222.287625
38,12,222.303629
37,13,222.320632
40,10,222.334635
-57,7,222.343637
-58,8,222.35364
37,13,222.369644
34,16,222.388647
37,13,222.404651
-56,6,222.413653
-58,8,222.423656
-52,2,222.424656
-57,7,222.433658
36,14,222.453663
30,20,222.477668
37,13,222.494671
-55,5,222.501673
-52,2,222.503673
40,10,222.518827
-62,12,222.533831
-56,6,222.539832
39,11,222.554836
33,17,222.57484
39,11,222.589843
40,10,222.603846
-56,6,222.610848
38,12,222.625851
36,14,222.647856
42,8,222.659859
35,15,222.677863
31,19,222.70487
40,10,222.719872
-59,9,222.731875
27,23,222.760882
40,10,222.771884
37,13,222.788888
32,18,222.813894
40,10,222.826897
29,21,222.855903
-65,15,222.871907
33,17,222.893912
-52,2,222.894912
37,13,222.912917
-54,4,222.918917
38,12,222.934921
-76,26,222.967928
-63,13,222.981931
-55,5,222.986933
-54,4,222.992935
-71,21,223.020941
38,12,223.037944
-57,7,223.044946
30,20,223.071952
31,19,223.097958
34,16,223.118963
40,10,223.133965
-60,10,223.145969
31,19,223.170977
-56,6,223.177978
-52,2,223.181979
32,18,223.203984
-56,6,223.212986
38,12,223.22999
-52,2,223.232991
-54,4,223.237992
36,14,223.256996
38,12,223.274
40,10,223.286002
35,15,223.306007
-57,7,223.316009
-58,8,223.325011
-63,13,223.342015
-60,10,223.356018
-57,7,223.36402
-52,2,223.368021
-59,9,223.379023
38,12,223.395027
-55,5,223.402029
36,14,223.421033
-55,5,223.428035
29,21,223.45504
34,16,223.474045
-57,7,223.483047
-52,2,223.487048
34,16,223.507052
25,25,223.53806
-56,6,223.545061
36,14,223.563065
35,15,223.585071
32,18,223.607075
42,8,223.620078
-57,7,223.62908
36,14,223.647084
40,10,223.663087
-59,9,223.674092
42,8,223.686095
-54,4,223.691096
34,16,223.7121
-65,15,223.733105
37,13,223.750109
42,8,223.761111
-59,9,223.771114
-55,5,223.779115
36,14,223.796119
34,16,223.817124
-62,12,223.833128
36,14,223.851132
36,14,223.868138
34,16,223.889272
-61,11,223.903276
38,12,223.92128
37,13,223.937284
-57,7,223.947285
30,20,223.970291
38,12,223.987295
-68,18,224.008299
-57,7,224.018301
-52,2,224.022302
-62,12,224.037306
-54,4,224.042307
-53,3,224.044308
-64,14,224.062311
-60,10,224.072314
-67,17,224.09632
37,13,224.113323
31,19,224.139329
-59,9,224.150331
-52,2,224.151332
-52,2,224.155332
40,10,224.168335
-59,9,224.183339
-72,22,224.208344
29,21,224.23435
35,15,224.254355
30,20,224.27836
37,13,224.295364
-57,7,224.306369
-57,7,224.316371
40,10,224.329374
-57,7,224.339376
35,15,224.35938
39,11,224.375384
-57,7,224.381386
-58,8,224.391388
-64,14,224.409392
24,26,224.440399
35,15,224.460404
-64,14,224.477407
-59,9,224.48741
-66,16,224.505413
-59,9,224.517416
34,16,224.537421
-55,5,224.543422
31,19,224.569428
40,10,224.584431
-54,4,224.590432
38,12,224.606436
36,14,224.623442
29,21,224.650448
31,19,224.676454
-55,5,224.682456
27,23,224.714463
40,10,224.729466
31,19,224.752471
35,15,224.771476
35,15,224.79048
-60,10,224.801483
40,10,224.817486
-65,15,224.83649
-54,4,224.841491
36,14,224.859495
41,9,224.871498
-60,10,224.886502
-55,5,224.893503
-53,3,224.898504
-69,19,224.919509
-56,6,224.92751
33,17,224.948515
-56,6,224.957518
35,15,224.976522
-61,11,224.987525
39,11,225.001527
29,21,225.029534
28,22,225.05754
39,11,225.073543
28,22,225.099549
31,19,225.124555
-58,8,225.136558
35,15,225.156562
-52,2,225.158563
34,16,225.180568
-62,12,225.194571
-52,2,225.199572
-54,4,225.205573
-62,12,225.219577
-66,16,225.239582
-66,16,225.258708
-53,3,225.260709
-52,2,225.26571
-62,12,225.279713
32,18,225.302718
-61,11,225.318723
42,8,225.330724
30,20,225.35673
31,19,225.382736
36,14,225.39974
24,26,225.432748
-56,6,225.439749
-62,12,225.455753
-55,5,225.463754
40,10,225.475757
-57,7,225.485759
30,20,225.508765
-67,17,225.529769
40,10,225.543772
-52,2,225.545773
37,13,225.562777
39,11,225.578781
40,10,225.593785
-61,11,225.605787
-60,10,225.61979
24,26,225.648796
-55,5,225.656798
32,18,225.677803
-64,14,225.694806
36,14,225.71081
26,24,225.739817
40,10,225.75382
-56,6,225.760821
38,12,225.774825
-58,8,225.78583
-70,20,225.808835
40,10,225.824838
-55,5,225.83084
37,13,225.846843
38,12,225.863847
-69,19,225.887853
42,8,225.899855
38,12,225.915859
-63,13,225.932863
32,18,225.955982
32,18,225.975986
39,11,225.989989
-54,4,225.995991
40,10,226.006993
-61,11,226.022997
24,26,226.058004
31,19,226.08101
38,12,226.097013
40,10,226.111017
-60,10,226.123019
-52,2,226.12602
42,8,226.139024
-65,15,226.159027
-58,8,226.170037
40,10,226.182035
-63,13,226.199039
-63,13,226.217042
38,12,226.232047
39,11,226.243048
-56,6,226.255051
32,18,226.278057
36,14,226.29706
40,10,226.310064
-57,7,226.321066
37,13,226.33807
36,14,226.358074
42,8,226.369077
-56,6,226.376079
36,14,226.397084
32,18,226.419088
40,10,226.432091
-69,19,226.455097
32,18,226.477101
40,10,226.491104
36,14,226.510108
36,14,226.531113
-56,6,226.539115
37,13,226.555119
-54,4,226.56112
31,19,226.587126
-57,7,226.596128
36,14,226.613262
40,10,226.628265
-54,4,226.634266
24,26,226.664273
31,19,226.688278
37,13,226.704282
-63,13,226.721286
38,12,226.73829
-57,7,226.744291
-54,4,226.749292
31,19,226.774297
41,9,226.786301
-56,6,226.794302
-62,12,226.808305
-59,9,226.820309
-62,12,226.834311
-57,7,226.844313
-55,5,226.852315
-66,16,226.87232
-60,10,226.885324
40,10,226.897328
28,22,226.925334
-52,2,226.927334
-52,2,226.932336
41,9,226.943338
-60,10,226.955341
-53,3,226.959342
-71,21,226.984347
-58,8,226.99435
-55,5,227.003352
30,20,227.027358
-52,2,227.029358
-59,9,227.03936
42,8,227.050362
38,12,227.068366
-60,10,227.08437
-60,10,227.096372
37,13,227.115377
-67,17,227.135381
-52,2,227.137383
36,14,227.157387
-59,9,227.167389
-63,13,227.182392
-58,8,227.193394
-62,12,227.209398
-65,15,227.228402
-71,21,227.254409
40,10,227.269412
-56,6,227.275413
-57,7,227.284415
38,12,227.301419
30,20,227.328425
32,18,227.353431
-56,6,227.360432
42,8,227.371435
39,11,227.387438
-60,10,227.39844
-55,5,227.405442
9,41,227.452453
40,10,227.464455
-55,5,227.471457
-62,12,227.486461
-55,5,227.492462
-52,2,227.493462
39,11,227.509466
-62,12,227.52647
36,14,227.547474
-59,9,227.558476
40,10,227.57048
-52,2,227.57448
27,23,227.605487
-67,17,227.626492
-55,5,227.631493
36,14,227.650498
-55,5,227.656499
42,8,227.669502
39,11,227.683505
40,10,227.696508
-64,14,227.716512
35,15,227.734516
-62,12,227.74952
40,10,227.765523
34,16,227.787529
-54,4,227.79353
-58,8,227.804532
-59,9,227.817535
38,12,227.834539
-61,11,227.849542
-61,11,227.865546
-55,5,227.870547
-67,17,227.891552
-57,7,227.899554
34,16,227.919559
-58,8,227.931561
38,12,227.948565
-61,11,227.963568
-54,4,227.968569
40,10,227.981572
41,9,227.993575
37,13,228.013579
33,17,228.035585
-63,13,228.051588
40,10,228.067592
35,15,228.087597
39,11,228.1026
-55,5,228.108601
34,16,228.130606
-52,2,228.134607
-66,16,228.154611
42,8,228.166614
-57,7,228.175617
38,12,228.191619
-58,8,228.202622
-56,6,228.209623
-56,6,228.218626
-66,16,228.23763
-62,12,228.253633
-55,5,228.260635
39,11,228.276639
40,10,228.288641
-55,5,228.296643
42,8,228.307645
-55,5,228.316648
38,12,228.331651
33,17,228.351655
-54,4,228.356657
-54,4,228.362658
33,17,228.383662
32,18,228.410669
-58,8,228.420671
34,16,228.442676
-57,7,228.449677
-61,11,228.462681
-54,4,228.46869
-53,3,228.473685
-55,5,228.478686
-56,6,228.487689
37,13,228.504692
-63,13,228.519696
-52,2,228.523696
42,8,228.534699
-57,7,228.5417
-52,2,228.545701
42,8,228.557704
-61,11,228.572708
37,13,228.589711
-59,9,228.600713
-67,17,228.620718
-52,2,228.624719
34,16,228.646724
29,21,228.67273
40,10,228.687733
-59,9,228.698736
-72,22,228.725742
-60,10,228.740745
-76,26,228.771752
-60,10,228.785756
-64,14,228.80176
-53,3,228.80676
39,11,228.823764
-66,16,228.842768
35,15,228.862773
-56,6,228.868774
36,14,228.889779
-64,14,228.906783
-55,5,228.912784
-53,3,228.916785
-60,10,228.928787
37,13,228.944791
-62,12,228.958794
38,12,228.974798
-55,5,228.981799
-54,4,228.985801
-64,14,229.003805
41,9,229.016807
-60,10,229.02981
-57,7,229.038813
32,18,229.065818
-59,9,229.076821
34,16,229.098826
39,11,229.11483
33,17,229.137835
35,15,229.157839
-63,13,229.172845
35,15,229.191849
-58,8,229.202852
36,14,229.220857
34,16,229.240861
38,12,229.256864
-57,7,229.267867
-58,8,229.277869
-59,9,229.289872
38,12,229.304875
42,8,229.317878
39,11,229.334004
-63,13,229.351008
31,19,229.376013
27,23,229.40402
-58,8,229.415022
35,15,229.432026
-55,5,229.441028
-52,2,229.443028
-58,8,229.454031
-52,2,229.458032
38,12,229.474035
-58,8,229.483038
40,10,229.49504
-55,5,229.501041
-61,11,229.516045
-52,2,229.519046
-63,13,229.535049
42,8,229.546052
42,8,229.557054
-58,8,229.568056
39,11,229.58506
-61,11,229.598063
-65,15,229.618068
39,11,229.635072
-54,4,229.640074
-56,6,229.647074
-53,3,229.652076
38,12,229.668079
-54,4,229.67408
-68,18,229.698086
-54,4,229.703087
39,11,229.71509
38,12,229.730093
-56,6,229.740095
-67,17,229.759099
34,16,229.780104
-60,10,229.793107
-57,7,229.801109
38,12,229.816112
-56,6,229.826115
36,14,229.844247
38,12,229.86025
-70,20,229.885256
-52,2,229.889257
-66,16,229.907261
26,24,229.937268
-56,6,229.943269
-67,17,229.965274
22,28,230.000282
-56,6,230.007284
35,15,230.027288
-56,6,230.03429
36,14,230.055295
27,23,230.085301
32,18,230.108306
-79,29,230.145317
35,15,230.165321
34,16,230.188326
33,17,230.207331
-54,4,230.212332
42,8,230.224337
-61,11,230.23934
-56,6,230.250343
39,11,230.263346
40,10,230.278349
-59,9,230.289352
-65,15,230.308356
-55,5,230.315357
34,16,230.336363
37,13,230.353366
38,12,230.37037
39,11,230.386373
-56,6,230.396376
32,18,230.41738
-62,12,230.432384
32,18,230.45939
28,22,230.485396
-54,4,230.490397
-52,2,230.494398
36,14,230.512402
37,13,230.529406
40,10,230.544409
40,10,230.557412
-52,2,230.561413
31,19,230.587419
42,8,230.598421
-68,18,230.620426
-56,6,230.629428
38,12,230.646432
-66,16,230.668437
-65,15,230.685441
-53,3,230.690442
38,12,230.706568
-69,19,230.730573
-56,6,230.737576
-59,9,230.749578
34,16,230.769582
34,16,230.792587
39,11,230.80559
36,14,230.824595
-58,8,230.833597
31,19,230.858602
-56,6,230.866604
35,15,230.888609
-57,7,230.898611
37,13,230.915615
39,11,230.931619
33,17,230.952624
36,14,230.970269
-59,9,230.984272
-88,38,231.027282
39,11,231.043285
-63,13,231.060289
-54,4,231.06629
-68,18,231.091296
34,16,231.111301
38,12,231.127304
42,8,231.138307
40,10,231.151309
42,8,231.162312
36,14,231.182316
40,10,231.194319
30,20,231.219326
36,14,231.23833
30,20,231.262334
27,23,231.290341
37,13,231.309348
-54,4,231.314348
-59,9,231.325351
-60,10,231.337354
-54,4,231.343355
37,13,231.363359
40,10,231.376363
-57,7,231.386365
-64,14,231.401368
-52,2,231.405369
-58,8,231.416371
-59,9,231.426374
-55,5,231.432375
-56,6,231.441377
-55,5,231.448379
-66,16,231.469384
40,10,231.483387
-56,6,231.489388
-67,17,231.510393
-60,10,231.523395
40,10,231.535398
-61,11,231.549402
-55,5,231.556403
35,15,231.577408
-52,2,231.581409
-65,15,231.598413
40,10,231.615416
-59,9,231.625418
36,14,231.645423
26,24,231.67643
40,10,231.689433
35,15,231.709437
-67,17,231.729443
35,15,231.747446
38,12,231.76345
-54,4,231.76845
37,13,231.785455
25,25,231.818462
-56,6,231.828465
39,11,231.844468
-59,9,231.855471
-58,8,231.867473
34,16,231.887478
31,19,231.913484
-70,20,231.939489
-58,8,231.949492
-58,8,231.959494
40,10,231.972497
-61,11,231.987501
-52,2,231.9885
36,14,232.008505
-57,7,232.018507
37,13,232.036512
38,12,232.051639
-58,8,232.062641
40,10,232.075644
-54,4,232.081645
-54,4,232.087647
-54,4,232.092648
-54,4,232.098649
34,16,232.120654
-52,2,232.124655
42,8,232.136658
-53,3,232.141659
-61,11,232.153663
-55,5,232.163664
-56,6,232.169666
-54,4,232.175667
-54,4,232.180668
41,9,232.193671
-58,8,232.203673
-58,8,232.214675
-77,27,232.244682
34,16,232.266687
-68,18,232.289692
-52,2,232.290693
-72,22,232.3197
30,20,232.343704
-65,15,232.360708
-60,10,232.375712
-70,20,232.399718
-56,6,232.405719
41,9,232.421722
-65,15,232.437726
38,12,232.45373
36,14,232.473734
40,10,232.485738
-52,2,232.489738
39,11,232.505741
36,14,232.521745
-64,14,232.541749
-55,5,232.548751
34,16,232.569755
-65,15,232.587759
-56,6,232.595761
35,15,232.616766
36,14,232.63277
-58,8,232.643772
39,11,232.659776
34,16,232.67978
34,16,232.697784
-67,17,232.718789
35,15,232.737793
35,15,232.757798
16,34,232.797807
38,12,232.81381
-60,10,232.829814
36,14,232.847819
-65,15,232.866822
31,19,232.893828
37,13,232.910832
42,8,232.921835
34,16,232.942839
-57,7,232.952842
-56,6,232.960844
-54,4,232.964844
39,11,232.980848
33,17,233.001853
41,9,233.016856
40,10,233.029859
42,8,233.041862
-62,12,233.057865
41,9,233.069868
-69,19,233.093874
28,22,233.12188
-61,11,233.135885
38,12,233.15189
-53,3,233.156891
36,14,233.175895
34,16,233.194899
-54,4,233.200901
-59,9,233.212904
-57,7,233.223906
41,9,233.235909
-60,10,233.247911
35,15,233.269917
36,14,233.289921
-57,7,233.298923
37,13,233.317927
35,15,233.334931
42,8,233.346934
36,14,233.365938
34,16,233.385943
39,11,233.401946
-75,25,233.432953
23,27,233.468961
36,14,233.485965
-57,7,233.495967
-60,10,233.507973
41,9,233.521976
39,11,233.533979
-52,2,233.53898
41,9,233.550982
38,12,233.567986
33,17,233.589991
-56,6,233.599994
-55,5,233.605995
-58,8,233.615997
-58,8,233.628
-55,5,233.634001
-52,2,233.638002
38,12,233.654006
39,11,233.669009
40,10,233.681012
-55,5,233.688014
-57,7,233.699016
-58,8,233.710018
-55,5,233.71602
20,30,233.754029
-60,10,233.766031
-62,12,233.782035
38,12,233.797038
-57,7,233.80804
-52,2,233.812041
-52,2,233.814042
-52,2,233.819043
28,22,233.845049
40,10,233.860052
38,12,233.877056
42,8,233.888058
36,14,233.905062
-53,3,233.910063
-55,5,233.917065
-60,10,233.932068
-61,11,233.944072
-60,10,233.957074
40,10,233.970077
40,10,233.986081
30,20,234.009086
34,16,234.032091
36,14,234.050095
-64,14,234.070099
42,8,234.081102
-66,16,234.101106
-57,7,234.110108
-55,5,234.11611
-58,8,234.128112
-58,8,234.138114
31,19,234.16212
-58,8,234.172125
-52,2,234.174125
38,12,234.191129
-60,10,234.206132
42,8,234.217135
-59,9,234.227137
-59,9,234.23814
32,18,234.262145
-57,7,234.270147
-56,6,234.281149
-55,5,234.286151
38,12,234.304155
38,12,234.319158
36,14,234.340162
40,10,234.352165
40,10,234.367168
-58,8,234.378171
-60,10,234.389174
40,10,234.403177
30,20,234.429183
-55,5,234.435184
42,8,234.447187
28,22,234.475193
-63,13,234.494197
35,15,234.510201
34,16,234.530205
-52,2,234.534207
35,15,234.55321
-54,4,234.558212
36,14,234.577216
21,29,234.612224
40,10,234.627227
-56,6,234.635229
-60,10,234.649232
31,19,234.674238
40,10,234.686241
32,18,234.711246
40,10,234.723249
29,21,234.750255
-60,10,234.765259
-59,9,234.776261
33,17,234.798403
-68,18,234.823409
-57,7,234.833411
-54,4,234.839412
-58,8,234.849415
31,19,234.87242
-59,9,234.885423
34,16,234.905427
38,12,234.921433
-58,8,234.932436
42,8,234.943438
32,18,234.963443
-57,7,234.973445
37,13,234.990449
38,12,235.006453
42,8,235.018456
-60,10,235.032459
-54,4,235.03846
-58,8,235.049463
-60,10,235.060465
-62,12,235.073468
36,14,235.091472
-56,6,235.096473
-63,13,235.111476
-55,5,235.118478
34,16,235.138482
32,18,235.160487
36,14,235.180492
41,9,235.192495
37,13,235.209499
40,10,235.226502
-57,7,235.234504
-57,7,235.243506
-55,5,235.250508
30,20,235.278514
-55,5,235.287516
32,18,235.309521
34,16,235.330525
-59,9,235.341528
32,18,235.366533
-59,9,235.377536
-58,8,235.387538
36,14,235.404542
-63,13,235.420546
34,16,235.442551
40,10,235.454553
42,8,235.466556
42,8,235.477559
35,15,235.497563
36,14,235.516567
30,20,235.542573
40,10,235.555576
36,14,235.57558
-58,8,235.584583
-59,9,235.595585
35,15,235.614589
27,23,235.639595
39,11,235.654599
-62,12,235.670603
36,14,235.691607
33,17,235.713612
32,18,235.736619
-56,6,235.745621
-54,4,235.752623
41,9,235.763625
-63,13,235.779629
30,20,235.803635
-56,6,235.812637
33,17,235.835642
-54,4,235.840642
-56,6,235.850645
-54,4,235.855646
-56,6,235.862648
-60,10,235.877651
29,21,235.901656
32,18,235.923662
36,14,235.943666
-52,2,235.945666
-56,6,235.954668
38,12,235.970672
27,23,236.000678
38,12,236.016682
-75,25,236.047689
33,17,236.068695
-54,4,236.074695
26,24,236.104702
30,20,236.127707
39,11,236.14171
38,12,236.159834
-65,15,236.179838
-53,3,236.182839
42,8,236.194842
-65,15,236.213845
38,12,236.22985
-61,11,236.243852
34,16,236.266858
-59,9,236.277861
40,10,236.293864
37,13,236.311868
39,11,236.327872
-61,11,236.340874
40,10,236.355878
29,21,236.379883
34,16,236.401888
38,12,236.417892
38,12,236.434896
39,11,236.450899
39,11,236.466903
-59,9,236.475905
-56,6,236.482906
-65,15,236.502911
38,12,236.517914
-60,10,236.531917
-57,7,236.538919
-53,3,236.543921
36,14,236.563925
-58,8,236.574928
-52,2,236.576927
40,10,236.591931
-57,7,236.598933
-57,7,236.608935
-55,5,236.614936
28,22,236.644943
-63,13,236.660946
40,10,236.67695
31,19,236.699955
26,24,236.731963
-64,14,236.751741
-55,5,236.75697
32,18,236.779976
-55,5,236.786978
40,10,236.800981
-74,24,236.829988
42,8,236.84199
40,10,236.856993
-52,2,236.858993
-65,15,236.876998
32,18,236.900003
-66,16,236.920007
-52,2,236.922008
40,10,236.938011
28,22,236.966017
-62,12,236.981021
-62,12,236.996024
34,16,237.016029
-56,6,237.027031
33,17,237.049036
-62,12,237.064171
21,29,237.099179
36,14,237.119184
32,18,237.141191
13,37,237.185201
42,8,237.197205
-59,9,237.211207
36,14,237.228212
-78,28,237.263219
-57,7,237.272221
38,12,237.287225
-70,20,237.31123
-52,2,237.313232
37,13,237.332234
-55,5,237.337236
38,12,237.35524
37,13,237.371243
33,17,237.391248
-66,16,237.410252
-52,2,237.414253
-61,11,237.429256
-60,10,237.440259
-54,4,237.44626
30,20,237.471266
-60,10,237.48627
38,12,237.502273
-53,3,237.505274
42,8,237.517276
42,8,237.528278
26,24,237.561286
-52,2,237.565287
-55,5,237.571288
-69,19,237.595294
-54,4,237.602296
37,13,237.618299
-60,10,237.633302
-61,11,237.646305
42,8,237.658309
39,11,237.673311
39,11,237.687315
36,14,237.704318
-65,15,237.724323
38,12,237.741327
30,20,237.768332
35,15,237.787339
-65,15,237.809344
-54,4,237.814345
-62,12,237.830348
-54,4,237.83635
36,14,237.854354
38,12,237.870358
26,24,237.900368
-52,2,237.904369
38,12,237.922373
-56,6,237.929374
-58,8,237.939376
-54,4,237.944378
-52,2,237.949379
-61,11,237.961382
18,32,237.99839
42,8,238.010393
-52,2,238.014394
-68,18,238.036399
38,12,238.052402
-67,17,238.076407
28,22,238.105414
-55,5,238.111416
35,15,238.13042
-64,14,238.150424
24,26,238.183431
38,12,238.200435
39,11,238.217439
-58,8,238.227441
-62,12,238.243445
40,10,238.256448
42,8,238.268451
38,12,238.284454
-56,6,238.293456
42,8,238.305459
40,10,238.319462
-58,8,238.329464
-56,6,238.337467
-66,16,238.357471
40,10,238.370474
38,12,238.387478
-54,4,238.393479
-59,9,238.406482
39,11,238.419485
-52,2,238.424486
39,11,238.440624
-52,2,238.442624
36,14,238.462629
38,12,238.477632
38,12,238.493635
40,10,238.505639
-54,4,238.51264
-59,9,238.522642
41,9,238.537646
37,13,238.55365
37,13,238.571653
-57,7,238.581656
-60,10,238.59366
38,12,238.608664
34,16,238.626668
37,13,238.644672
38,12,238.662676
-54,4,238.668677
-58,8,238.67868
40,10,238.691683
-58,8,238.703685
35,15,238.72469
37,13,238.742694
-77,27,238.777702
-62,12,238.793705
-64,14,238.809709
35,15,238.829714
40,10,238.844717
39,11,238.85772
-56,6,238.867722
-54,4,238.873723
-52,2,238.875724
27,23,238.905852
-54,4,238.911854
-52,2,238.915855
28,22,238.943861
33,17,238.965866
-54,4,238.972867
41,9,238.986871
37,13,239.003875
-54,4,239.009876
30,20,239.034881
-58,8,239.045884
-58,8,239.056886
40,10,239.069889
31,19,239.092894
-58,8,239.103897
-57,7,239.114899
-57,7,239.123901
-58,8,239.136904
40,10,239.149907
35,15,239.169912
38,12,239.185916
39,11,239.201919
-61,11,239.215922
-73,23,239.243928
-56,6,239.25193
-55,5,239.257931
40,10,239.271935
40,10,239.287938
41,9,239.298941
-67,17,239.320946
-55,5,239.329948
32,18,239.352081
-57,7,239.363083
-61,11,239.377086
-54,4,239.384088
-54,4,239.390089
40,10,239.401092
-53,3,239.406093
-57,7,239.416095
42,8,239.427097
29,21,239.451103
36,14,239.467106
36,14,239.48411
-56,6,239.491112
37,13,239.511116
38,12,239.52612
35,15,239.543124
-69,19,239.567129
27,23,239.596135
30,20,239.624142
37,13,239.641146
40,10,239.656149
32,18,239.677154
-63,13,239.692157
-58,8,239.70316
-60,10,239.715162
-57,7,239.726165
42,8,239.738168
-55,5,239.744169
40,10,239.757172
-53,3,239.761173
35,15,239.781178
40,10,239.79418
39,11,239.810184
-58,8,239.821186
-62,12,239.838323
-55,5,239.844325
-52,2,239.848325
42,8,239.859328
-57,7,239.86933
-58,8,239.881332
-52,2,239.882333
-54,4,239.888334
27,23,239.917341
30,20,239.943346
32,18,239.966352
-60,10,239.981355
37,13,239.997359
35,15,240.017363
-57,7,240.027365
37,13,240.043369
40,10,240.056372
-61,11,240.070375
38,12,240.086378
35,15,240.108383
38,12,240.124387
41,9,240.13839
34,16,240.159395
37,13,240.176399
-58,8,240.187402
-56,6,240.197404
40,10,240.209407
40,10,240.22341
-60,10,240.234412
-60,10,240.247415
36,14,240.264419
-64,14,240.282423
34,16,240.304428
38,12,240.321432
-63,13,240.33757
35,15,240.356574
40,10,240.369577
36,14,240.390583
41,9,240.402586
-61,11,240.419589
-56,6,240.426591
-52,2,240.430592
-58,8,240.439594
41,9,240.451596
38,12,240.4686
38,12,240.484604
28,22,240.514611
39,11,240.526613
-55,5,240.534615
32,18,240.555619
-54,4,240.561621
38,12,240.577625
38,12,240.592628
-55,5,240.59963
36,14,240.621634
-52,2,240.622635
35,15,240.64364
40,10,240.658643
-56,6,240.666645
-64,14,240.685649
-58,8,240.696054
29,21,240.722659
-53,3,240.72666
-66,16,240.745664
-59,9,240.756669
34,16,240.777674
-55,5,240.784675
37,13,240.800679
-54,4,240.805683
40,10,240.821687
40,10,240.83469
-56,6,240.844692
-58,8,240.854695
-62,12,240.871698
40,10,240.884701
42,8,240.896704
34,16,240.917709
-59,9,240.931712
-63,13,240.946715
29,21,240.971721
-52,2,240.975721
-64,14,240.991725
-59,9,241.000727
39,11,241.016731
28,22,241.046738
-58,8,241.05774
39,11,241.07187
42,8,241.083873
34,16,241.105878
-57,7,241.11588
-59,9,241.127883
35,15,241.148888
35,15,241.168892
-54,4,241.173893
-65,15,241.194898
40,10,241.2069
-70,20,241.232906
34,16,241.253911
-60,10,241.268915
-52,2,241.270915
27,23,241.300922
42,8,241.311924
-57,7,241.321926
-59,9,241.332929
-54,4,241.33793
-58,8,241.348933
30,20,241.374938
39,11,241.387941
36,14,241.404945
38,12,241.421949
41,9,241.434952
35,15,241.454957
-52,2,241.458957
36,14,241.476961
42,8,241.487964
-57,7,241.496966
40,10,241.510969
36,14,241.530974
36,14,241.548978
37,13,241.569109
-61,11,241.581111
37,13,241.601117
-52,2,241.603117
37,13,241.620121
35,15,241.642125
39,11,241.656128
40,10,241.669132
-60,10,241.684135
-59,9,241.696137
38,12,241.712141
-56,6,241.722144
38,12,241.738147
-58,8,241.748149
42,8,241.760152
-55,5,241.767154
40,10,241.779156
42,8,241.791159
-54,4,241.79616
-55,5,241.805162
41,9,241.817165
30,20,241.844172
-56,6,241.851173
38,12,241.866176
-60,10,241.880179
-58,8,241.889181
40,10,241.903184
-58,8,241.913187
-58,8,241.92319
29,21,241.951195
-56,6,241.959197
-63,13,241.9742
-54,4,241.980201
37,13,241.998206
-56,6,242.006208
-55,5,242.012209
-54,4,242.01821
-57,7,242.027212
-54,4,242.034214
38,12,242.050217
-53,3,242.054218
-59,9,242.064221
35,15,242.084225
-54,4,242.090226
-52,2,242.092227
38,12,242.10823
-56,6,242.117232
39,11,242.134236
-55,5,242.140238
-60,10,242.152241
37,13,242.173245
-55,5,242.179247
40,10,242.192249
42,8,242.202252
-56,6,242.212254
-62,12,242.228257
38,12,242.244261
37,13,242.259264
40,10,242.276268
36,14,242.293272
35,15,242.315277
-66,16,242.336282
38,12,242.353286
39,11,242.37029
-61,11,242.382292
41,9,242.397296
41,9,242.410298
-57,7,242.420301
38,12,242.435304
-55,5,242.441306
38,12,242.457309
39,11,242.472312
37,13,242.490316
34,16,242.511321
-54,4,242.517323
38,12,242.534326
37,13,242.55033
37,13,242.565333
-56,6,242.574335
33,17,242.59534
-57,7,242.606343
-57,7,242.616344
40,10,242.629348
-56,6,242.63935
-54,4,242.644351
34,16,242.666356
39,11,242.679359
25,25,242.714367
39,11,242.72737
35,15,242.749375
-60,10,242.764378
34,16,242.784383
42,8,242.796385
32,18,242.821391
35,15,242.841396
33,17,242.862401
23,27,242.896408
-61,11,242.910411
-55,5,242.916412
36,14,242.932416
-59,9,242.946419
37,13,242.963423
-60,10,242.974556
35,15,242.99456
-70,20,243.018565
-55,5,243.025567
38,12,243.042571
31,19,243.067577
-57,7,243.078579
40,10,243.092582
-56,6,243.102585
-59,9,243.114587
37,13,243.131591
-55,5,243.140593
33,17,243.162599
30,20,243.187751
34,16,243.207756
33,17,243.22776
36,14,243.248765
28,22,243.274771
38,12,243.291775
39,11,243.307779
-55,5,243.314781
35,15,243.334785
-56,6,243.340786
32,18,243.365792
28,22,243.394799
37,13,243.414803
-62,12,243.428806
37,13,243.443809
41,9,243.455812
37,13,243.473816
26,24,243.505823
-56,6,243.513825
-61,11,243.530829
-57,7,243.53783
32,18,243.559835
40,10,243.572838
-54,4,243.57884
36,14,243.598844
-62,12,243.614848
34,16,243.635854
42,8,243.646858
28,22,243.673864
-52,2,243.676864
40,10,243.689867
-52,2,243.693869
-60,10,243.706871
-55,5,243.715873
36,14,243.732877
-58,8,243.74388
30,20,243.769886
34,16,243.79189
39,11,243.808894
38,12,243.824898
42,8,243.836901
-66,16,243.856906
33,17,243.87891
-55,5,243.884912
38,12,243.901916
41,9,243.915918
-54,4,243.92192
-61,11,243.934922
-56,6,243.942924
42,8,243.954927
37,13,243.971931
-57,7,243.980933
-59,9,243.991935
42,8,244.003939
38,12,244.019944
39,11,244.035948
40,10,244.049952
42,8,244.060954
35,15,244.082959
-64,14,244.102963
-54,4,244.108964
-57,7,244.115965
-56,6,244.124968
-55,5,244.13197
32,18,244.154975
-62,12,244.170978
-63,13,244.187982
26,24,244.21999
28,22,244.245995
-59,9,244.258998
-53,3,244.260998
-58,8,244.273001
33,17,244.296006
28,22,244.323172
-54,4,244.328173
29,21,244.354179
-56,6,244.365181
31,19,244.390187
32,18,244.415193
-56,6,244.424195
38,12,244.441199
30,20,244.467204
-52,2,244.469205
37,13,244.486209
-58,8,244.495211
-54,4,244.501212
42,8,244.512214
-61,11,244.525217
32,18,244.548223
-62,12,244.563226
39,11,244.577229
-59,9,244.591232
-57,7,244.599234
42,8,244.612237
-61,11,244.62724
-56,6,244.637243
-58,8,244.647245
35,15,244.664249
-66,16,244.685254
-59,9,244.696256
36,14,244.71526
36,14,244.735265
-54,4,244.740266
32,18,244.761271
-67,17,244.780275
-56,6,244.789277
40,10,244.80328
41,9,244.818283
-52,2,244.820284
39,11,244.836287
-61,11,244.851291
-56,6,244.858293
-60,10,244.872295
37,13,244.8893
40,10,244.902303
-62,12,244.918306
30,20,244.942312
38,12,244.959315
30,20,244.98232
-61,11,244.997324
-62,12,245.011327
41,9,245.023329
-58,8,245.034333
-59,9,245.047335
35,15,245.06534
29,21,245.092345
40,10,245.106348
38,12,245.123352
40,10,245.138356
-60,10,245.149358
35,15,245.169363
36,14,245.186367
-58,8,245.198369
24,26,245.231377
41,9,245.24338
-62,12,245.260383
36,14,245.280388
26,24,245.311394
40,10,245.325398
-71,21,245.351403
-57,7,245.361406
33,17,245.382411
-58,8,245.394413
37,13,245.414418
-61,11,245.427421
23,27,245.461428
-61,11,245.474431
-54,4,245.479432
39,11,245.495436
38,12,245.51144
-55,5,245.518441
-53,3,245.522442
34,16,245.542447
38,12,245.55845
-62,12,245.574454
-56,6,245.581455
38,12,245.597459
41,9,245.608461
40,10,245.625465
-55,5,245.632467
-59,9,245.643469
40,10,245.658473
36,14,245.676476
38,12,245.693635
16,34,245.736646
-55,5,245.742647
-56,6,245.75265
42,8,245.764652
38,12,245.780655
-52,2,245.781656
-66,16,245.80166
-52,2,245.805661
-57,7,245.813663
30,20,245.839668
-57,7,245.849671
-57,7,245.859673
38,12,245.877677
38,12,245.894681
36,14,245.912685
-54,4,245.917686
42,8,245.928689
41,9,245.942692
28,22,245.969698
36,14,245.991703
35,15,246.009707
42,8,246.020839
38,12,246.035843
-53,3,246.039843
41,9,246.051847
30,20,246.077852
36,14,246.098857
-53,3,246.102857
37,13,246.120862
-56,6,246.127863
35,15,246.149868
-52,2,246.153869
38,12,246.169873
36,14,246.188877
-56,6,246.197879
37,13,246.213883
42,8,246.224885
-54,4,246.229886
-73,23,246.258893
-58,8,246.268895
-58,8,246.280898
-54,4,246.285899
-54,4,246.2919
33,17,246.312905
34,16,246.332909
40,10,246.346912
-58,8,246.358915
40,10,246.374921
40,10,246.386925
-63,13,246.403928
32,18,246.426935
-58,8,246.436938
38,12,246.453941
41,9,246.464943
34,16,246.484948
36,14,246.506953
30,20,246.533959
32,18,246.555964
31,19,246.579969
35,15,246.601975
40,10,246.614977
34,16,246.634982
42,8,246.646984
38,12,246.662988
38,12,246.680992
38,12,246.696995
-56,6,246.706998
-58,8,246.718
-55,5,246.725002
41,9,246.736005
29,21,246.764011
38,12,246.781014
30,20,246.808023
-63,13,246.825027
41,9,246.83703
-60,10,246.851033
-56,6,246.857034
-55,5,246.864037
35,15,246.88404
-53,3,246.889041
-54,4,246.894043
32,18,246.916048
-62,12,246.934052
34,16,246.955056
-55,5,246.964058
-54,4,246.970059
40,10,246.983063
32,18,247.007069
38,12,247.025072
-52,2,247.026072
41,9,247.038075
40,10,247.054079
-57,7,247.064081
40,10,247.077208
35,15,247.096217
40,10,247.11022
36,14,247.129225
34,16,247.152232
-57,7,247.161234
36,14,247.179238
41,9,247.190241
38,12,247.205244
35,15,247.226249
-58,8,247.237252
-52,2,247.241252
40,10,247.253255
37,13,247.271259
-61,11,247.284262
28,22,247.312268
-54,4,247.31727
31,19,247.337274
33,17,247.361279
33,17,247.382284
40,10,247.394287
-65,15,247.413291
32,18,247.439297
-58,8,247.449299
40,10,247.460302
41,9,247.473305
-58,8,247.483307
-55,5,247.492309
42,8,247.504312
42,8,247.515315
40,10,247.527317
41,9,247.538319
-56,6,247.548321
34,16,247.568326
36,14,247.587331
31,19,247.612336
-57,7,247.621338
36,14,247.637341
-56,6,247.648344
-52,2,247.649344
38,12,247.665348
37,13,247.684352
-56,6,247.692354
-69,19,247.71736
34,16,247.737364
-57,7,247.748367
42,8,247.759369
37,13,247.776372
-58,8,247.787376
-53,3,247.791376
38,12,247.80838
33,17,247.829384
37,13,247.844388
-57,7,247.85439
36,14,247.872395
-58,8,247.880396
39,11,247.896399
38,12,247.913404
38,12,247.931409
32,18,247.955413
37,13,247.971416
30,20,247.998423
-59,9,248.009425
38,12,248.024429
-55,5,248.03043
-54,4,248.035432
37,13,248.053435
36,14,248.070439
-67,17,248.089443
-57,7,248.100452
28,22,248.130455
-56,6,248.137456
39,11,248.151459
-52,2,248.15346
42,8,248.164462
35,15,248.185467
35,15,248.204474
38,12,248.220478
-52,2,248.222479
35,15,248.242483
38,12,248.259487
22,28,248.295495
-55,5,248.301496
42,8,248.312499
38,12,248.329502
-58,8,248.339505
-63,13,248.358509
-54,4,248.365511
23,27,248.397518
42,8,248.40852
37,13,248.428673
-52,2,248.430674
32,18,248.454679
-60,10,248.466681
-59,9,248.476684
42,8,248.487686
-62,12,248.503691
34,16,248.525695
-61,11,248.540698
-60,10,248.552702
33,17,248.573705
-60,10,248.583708
-56,6,248.59371
39,11,248.607713
-52,2,248.609714
38,12,248.626718
36,14,248.647725
26,24,248.676731
42,8,248.689735
36,14,248.706738
36,14,248.724742
42,8,248.736745
-56,6,248.742747
29,21,248.770753
-69,19,248.794758
-60,10,248.807761
40,10,248.820764
-56,6,248.830766
-56,6,248.837768
39,11,248.852771
42,8,248.865775
-61,11,248.880777
40,10,248.89378
35,15,248.912785
35,15,248.93479
42,8,248.945792
-57,7,248.953794
-57,7,248.962796
32,18,248.988802
36,14,249.005806
37,13,249.026811
-61,11,249.042814
30,20,249.073821
41,9,249.089825
35,15,249.116831
32,18,249.150839
-55,5,249.15684
38,12,249.178845
39,11,249.197849
31,19,249.223855
42,8,249.235858
40,10,249.255862
-61,11,249.273866
-54,4,249.280868
35,15,249.300872
-55,5,249.310875
35,15,249.33288
-58,8,249.346883
39,11,249.366887
-52,2,249.371888
38,12,249.392895
31,19,249.420903
39,11,249.439908
41,9,249.453911
42,8,249.468915
-58,8,249.481917
42,8,249.493919
34,16,249.518926
35,15,249.54193
-58,8,249.554934
-52,2,249.559934
37,13,249.58094
31,19,249.612947
-56,6,249.621949
34,16,249.646955
35,15,249.66996
40,10,249.684965
37,13,249.70597
25,25,249.738977
28,22,249.772985
34,16,249.796124
-56,6,249.808126
41,9,249.82413
40,10,249.843135
-56,6,249.853136
38,12,249.872141
-54,4,249.881143
42,8,249.896146
32,18,249.926153
-60,10,249.942156
-54,4,249.949158
-58,8,249.963161
30,20,249.991168
-54,4,249.997169
40,10,250.015172
35,15,250.036178
-60,10,250.05018
-59,9,250.063184
-64,14,250.087189
40,10,250.103193
33,17,250.128198
32,18,250.157205
-56,6,250.167207
-53,3,250.172208
-60,10,250.190212
42,8,250.204218
-58,8,250.21522
42,8,250.229223
-56,6,250.237225
42,8,250.249228
39,11,250.268232
-55,5,250.276234
-54,4,250.283236
36,14,250.307241
38,12,250.326245
40,10,250.342249
42,8,250.357252
37,13,250.376257
40,10,250.396261
-56,6,250.405263
29,21,250.43727
41,9,250.450273
28,22,250.48228
29,21,250.516288
40,10,250.530292
39,11,250.547295
42,8,250.562298
37,13,250.583303
36,14,250.608309
34,16,250.633314
38,12,250.653319
32,18,250.680325
-59,9,250.691328
39,11,250.710332
30,20,250.740338
38,12,250.759345
40,10,250.775348
39,11,250.791352
39,11,250.810356
38,12,250.828361
40,10,250.846365
28,22,250.877371
-54,4,250.884373
36,14,250.909379
30,20,250.938385
38,12,250.95839
-52,2,250.96039
31,19,250.989398
34,16,251.012402
38,12,251.032407
37,13,251.050411
-52,2,251.055412
-58,8,251.067415
-70,20,251.097424
31,19,251.12443
-58,8,251.139554
38,12,251.158558
40,10,251.177562
40,10,251.193566
36,14,251.218572
-54,4,251.224573
38,12,251.241579
31,19,251.269586
42,8,251.282588
-59,9,251.296591
42,8,251.311594
-55,5,251.319597
-52,2,251.323597
-54,4,251.331599
-55,5,251.3386
38,12,251.359605
-66,16,251.383611
-52,2,251.385611
-52,2,251.390612
-53,3,251.394613
-57,7,251.403616
30,20,251.434622
40,10,251.450626
-52,2,251.451627
38,12,251.47063
-56,6,251.481633
35,15,251.506638
-60,10,251.519641
31,19,251.546647
28,22,251.579655
37,13,251.60266
39,11,251.618664
38,12,251.637668
-59,9,251.651672
38,12,251.670675
38,12,251.69068
-52,2,251.69268
-54,4,251.700682
-55,5,251.707685
38,12,251.727812
28,22,251.760819
34,16,251.784824
-61,11,251.800828
-60,10,251.814831
39,11,251.834835
37,13,251.855841
-59,9,251.868844
38,12,251.88785
-56,6,251.896852
40,10,251.909855
41,9,251.927859
39,11,251.941862
-55,5,251.951865
34,16,251.97487
-61,11,251.989873
-55,5,251.999875
41,9,252.013879
40,10,252.027882
41,9,252.045886
38,12,252.06589
-52,2,252.067891
37,13,252.086896
38,12,252.1079
33,17,252.134906
20,30,252.177915
-61,11,252.193919
38,12,252.211923
-54,4,252.216924
-60,10,252.228927
38,12,252.247931
41,9,252.266938
32,18,252.292945
33,17,252.32095
-54,4,252.325951
32,18,252.357962
-55,5,252.364963
-65,15,252.388969
38,12,252.407973
37,13,252.427978
-52,2,252.431978
-52,2,252.433979
39,11,252.452984
-65,15,252.476988
42,8,252.488991
39,11,252.501995
-54,4,252.508996
36,14,252.533001
38,12,252.553007
40,10,252.567009
-54,4,252.575011
-53,3,252.581012
38,12,252.601017
37,13,252.621022
-57,7,252.634024
-53,3,252.638026
-62,12,252.655029
10,40,252.712042
-60,10,252.725044
26,24,252.759052
42,8,252.774055
32,18,252.804062
38,12,252.824067
39,11,252.84007
-74,24,252.878079
40,10,252.893212
39,11,252.913217
34,16,252.936223
-64,14,252.957227
35,15,252.980232
42,8,252.993235
35,15,253.01624
21,29,253.06125
33,17,253.087256
38,12,253.10626
36,14,253.130265
42,8,253.144269
-62,12,253.161273
38,12,253.180277
36,14,253.200281
42,8,253.215285
33,17,253.242291
40,10,253.255294
24,26,253.293303
-56,6,253.301304
38,12,253.324311
-58,8,253.336315
33,17,253.364321
35,15,253.389326
42,8,253.40533
35,15,253.427335
38,12,253.445339
35,15,253.470344
-55,5,253.476346
40,10,253.492349
-67,17,253.519356
35,15,253.54136
40,10,253.558364
38,12,253.578369
-72,22,253.610376
38,12,253.632381
-56,6,253.643383
38,12,253.664388
13,37,253.718401
32,18,253.747406
-62,12,253.76441
36,14,253.784415
-62,12,253.803419
40,10,253.822423
35,15,253.842428
36,14,253.866433
39,11,253.887439
-55,5,253.89344
-59,9,253.906443
37,13,253.925447
37,13,253.948452
34,16,253.972457
30,20,254.003465
36,14,254.024469
38,12,254.044474
32,18,254.07048
-77,27,254.107488
-55,5,254.11749
38,12,254.138495
38,12,254.158499
38,12,254.177504
-53,3,254.180504
38,12,254.199508
36,14,254.221514
-56,6,254.230516
-65,15,254.254521
24,26,254.29553
42,8,254.308645
-54,4,254.315664
-61,11,254.331667
-60,10,254.346671
-54,4,254.352673
-56,6,254.363675
-56,6,254.375677
-52,2,254.377678
-55,5,254.38768
42,8,254.400683
37,13,254.423688
40,10,254.436692
40,10,254.454695
-58,8,254.466698
-61,11,254.483702
28,22,254.515711
-55,5,254.522712
36,14,254.544718
-57,7,254.55672
42,8,254.569723
32,18,254.59573
35,15,254.621735
30,20,254.652742
-54,4,254.657743
41,9,254.672746
-58,8,254.685749
38,12,254.705754
-53,3,254.712755
38,12,254.729759
31,19,254.758766
-57,7,254.767768
-52,2,254.773769
-56,6,254.781771
34,16,254.804776
-58,8,254.816779
-55,5,254.826781
-52,2,254.828782
-57,7,254.839784
40,10,254.856788
36,14,254.879793
-60,10,254.897797
35,15,254.923803
-64,14,254.947809
-58,8,254.959811
-55,5,254.968814
41,9,254.982816
-54,4,254.989818
42,8,255.002821
-59,9,255.016824
-52,2,255.020825
40,10,255.036829
40,10,255.053832
38,12,255.072836
37,13,255.095842
-56,6,255.105844
-58,8,255.118847
35,15,255.140852
41,9,255.157856
37,13,255.175859
-54,4,255.181861
-55,5,255.189863
34,16,255.214869
-56,6,255.226871
-52,2,255.229872
-56,6,255.238874
38,12,255.259881
38,12,255.276884
37,13,255.296889
32,18,255.323895
-58,8,255.335898
-63,13,255.355902
42,8,255.370906
-56,6,255.379908
24,26,255.421917
40,10,255.436921
40,10,255.456926
-63,13,255.476929
31,19,255.507079
-55,5,255.51408
-65,15,255.535085
-55,5,255.541087
-53,3,255.547088
35,15,255.569093
21,29,255.617107
-54,4,255.624109
-58,8,255.637112
41,9,255.651115
42,8,255.667119
40,10,255.684122
39,11,255.701126
27,23,255.734133
33,17,255.75914
-62,12,255.777143
-55,5,255.785145
-62,12,255.800148
-57,7,255.812151
-54,4,255.818153
42,8,255.831155
31,19,255.859162
31,19,255.89017
-52,2,255.892169
39,11,255.910173
38,12,255.929178
36,14,255.950183
40,10,255.966187
-62,12,255.98319
-59,9,255.996192
34,16,256.021198
33,17,256.044204
-56,6,256.055206
-58,8,256.068209
38,12,256.087213
27,23,256.120221
42,8,256.135224
-55,5,256.142348
-55,5,256.150351
-52,2,256.154352
39,11,256.170356
40,10,256.19136
-55,5,256.198362
42,8,256.212365
25,25,256.247373
40,10,256.266377
32,18,256.292383
36,14,256.317389
38,12,256.335393
40,10,256.349396
-53,3,256.354397
39,11,256.374401
41,9,256.388404
42,8,256.402408
42,8,256.416411
-53,3,256.422412
-54,4,256.429414
-57,7,256.440416
40,10,256.45742
30,20,256.486427
-54,4,256.492428
33,17,256.517434
40,10,256.534438
32,18,256.559443
-52,2,256.564444
32,18,256.592451
39,11,256.609455
42,8,256.62446
18,32,256.672473
36,14,256.695604
36,14,256.718609
38,12,256.738614
-53,3,256.743615
38,12,256.761619
34,16,256.782623
42,8,256.794626
-60,10,256.805629
38,12,256.822632
31,19,256.847638
-58,8,256.85864
35,15,256.878645
-54,4,256.884646
-52,2,256.885647
40,10,256.90165
-52,2,256.903651
25,25,256.937658
42,8,256.948661
40,10,256.960663
40,10,256.976667
-52,2,256.978667
33,17,257.000673
27,23,257.028679
26,24,257.058685
-54,4,257.064687
42,8,257.075689
-55,5,257.081691
-53,3,257.086692
34,16,257.105696
38,12,257.1217
42,8,257.132833
-54,4,257.137834
40,10,257.154838
-54,4,257.159839
-55,5,257.16584
40,10,257.178843
-54,4,257.183844
-63,13,257.200848
39,11,257.213851
-58,8,257.223853
-57,7,257.234856
31,19,257.261862
-52,2,257.263863
36,14,257.283867
38,12,257.30087
33,17,257.322876
-54,4,257.328877
-58,8,257.33988
36,14,257.358884
-52,2,257.359884
25,25,257.390891
39,11,257.405894
40,10,257.421898
-53,3,257.423898
39,11,257.438902
-66,16,257.457906
-55,5,257.464908
34,16,257.486912
-53,3,257.490914
32,18,257.515919
42,8,257.526922
40,10,257.539924
-55,5,257.544925
36,14,257.56493
-60,10,257.576933
-54,4,257.582934
-54,4,257.588936
-52,2,257.592937
32,18,257.613941
35,15,257.634946
38,12,257.65295
42,8,257.663952
33,17,257.68596
27,23,257.715967
-54,4,257.721968
33,17,257.743973
34,16,257.765978
-59,9,257.77898
36,14,257.795985
39,11,257.811989
36,14,257.828992
-56,6,257.838995
42,8,257.849997
40,10,257.863
34,16,257.885005
36,14,257.90601
-61,11,257.921013
33,17,257.943142
31,19,257.969149
-53,3,257.971148
38,12,257.988152
31,19,258.010157
-52,2,258.014158
38,12,258.029161
38,12,258.046165
-65,15,258.063169
-61,11,258.079172
42,8,258.091175
36,14,258.11018
-56,6,258.117181
-53,3,258.122182
41,9,258.134185
39,11,258.150188
38,12,258.166192
33,17,258.189198
39,11,258.205201
-57,7,258.216203
-62,12,258.232207
29,21,258.260213
-55,5,258.266215
-52,2,258.269216
37,13,258.28622
-57,7,258.296221
36,14,258.314226
40,10,258.327229
40,10,258.340231
28,22,258.371238
35,15,258.389243
-54,4,258.394243
38,12,258.412248
35,15,258.433253
-56,6,258.442255
-54,4,258.448256
38,12,258.46526
-56,6,258.472261
38,12,258.489265
-58,8,258.500268
28,22,258.531275
-52,2,258.532275
-56,6,258.541277
-56,6,258.548278
-56,6,258.55728
39,11,258.571283
-53,3,258.575284
-54,4,258.581286
38,12,258.59729
-59,9,258.608292
-52,2,258.613293
30,20,258.637298
40,10,258.649308
33,17,258.673308
-56,6,258.68031
29,21,258.707316
36,14,258.727321
-54,4,258.733322
-52,2,258.735322
-57,7,258.745325
-54,4,258.751326
39,11,258.767329
39,11,258.783333
27,23,258.809339
-55,5,258.817341
-62,12,258.831344
33,17,258.85435
-59,9,258.865352
32,18,258.889357
42,8,258.90236
27,23,258.930366
36,14,258.951371
37,13,258.968375
-58,8,258.978377
-56,6,258.987379
-61,11,258.999382
-52,2,259.003383
42,8,259.015385
-58,8,259.024387
40,10,259.036391
-54,4,259.040391
-65,15,259.059395
-59,9,259.071398
-54,4,259.077399
-56,6,259.087407
40,10,259.100408
42,8,259.111409
-63,13,259.131414
38,12,259.148418
-60,10,259.16042
40,10,259.175423
41,9,259.188426
-56,6,259.195428
36,14,259.216433
37,13,259.234437
-59,9,259.24544
37,13,259.263443
28,22,259.289449
34,16,259.310454
-58,8,259.320456
38,12,259.336575
-55,5,259.343576
41,9,259.35858
-55,5,259.364581
40,10,259.376583
-54,4,259.382585
32,18,259.40759
-52,2,259.409591
-57,7,259.420593
-54,4,259.426595
37,13,259.443599
34,16,259.465604
38,12,259.483608
34,16,259.504612
37,13,259.522616
41,9,259.535619
38,12,259.551623
-61,11,259.566626
36,14,259.58363
42,8,259.594632
-60,10,259.608635
41,9,259.621639
-54,4,259.62764
36,14,259.644644
40,10,259.659647
-56,6,259.667649
-56,6,259.676651
42,8,259.688653
-52,2,259.690655
25,25,259.723662
40,10,259.736665
35,15,259.756669
32,18,259.778674
-52,2,259.782675
-55,5,259.789677
38,12,259.80568
34,16,259.825685
32,18,259.851691
-54,4,259.858692
30,20,259.884698
-75,25,259.915707
42,8,259.92771
-57,7,259.938713
40,10,259.950716
32,18,259.974721
-59,9,259.986723
40,10,259.999726
40,10,260.01573
-56,6,260.021732
41,9,260.035734
42,8,260.047737
-54,4,260.053739
42,8,260.064741
42,8,260.077745
38,12,260.093748
-58,8,260.10575
29,21,260.131756
38,12,260.14676
-67,17,260.165764
-58,8,260.176766
36,14,260.195771
33,17,260.216775
42,8,260.227778
-53,3,260.232779
29,21,260.258785
-55,5,260.264786
40,10,260.279789
-70,20,260.304795
42,8,260.316798
-58,8,260.3268
40,10,260.338803
40,10,260.354806
32,18,260.375811
-56,6,260.385813
-58,8,260.396816
-56,6,260.402817
42,8,260.41382
26,24,260.441827
35,15,260.462831
-54,4,260.468832
38,12,260.483959
-58,8,260.492961
40,10,260.505965
41,9,260.519968
35,15,260.536972
-52,2,260.540972
-52,2,260.542973
-55,5,260.552976
-56,6,260.558976
-54,4,260.564978
37,13,260.580981
-57,7,260.590986
38,12,260.606989
40,10,260.623993
24,26,260.654
-57,7,260.663002
35,15,260.682606
39,11,260.694012
41,9,260.708014
40,10,260.721018
-60,10,260.735021
-55,5,260.741022
33,17,260.763027
42,8,260.77503
40,10,260.790033
36,14,260.809038
40,10,260.825042
38,12,260.841045
23,27,260.874052
42,8,260.885055
-60,10,260.900058
39,11,260.916062
37,13,260.933065
-56,6,260.940067
30,20,260.965072
36,14,260.985077
38,12,261.002081
33,17,261.025086
39,11,261.04109
-55,5,261.047091
40,10,261.062094
36,14,261.080099
-59,9,261.090101
-54,4,261.096103
42,8,261.107105
-53,3,261.112107
-60,10,261.126109
28,22,261.154115
37,13,261.170119
-56,6,261.180121
38,12,261.197125
41,9,261.208127
36,14,261.227131
-52,2,261.229132
-56,6,261.239135
35,15,261.259139
37,13,261.278143
39,11,261.292146
-54,4,261.297148
40,10,261.313151
35,15,261.334157
34,16,261.35516
39,11,261.367163
42,8,261.378165
35,15,261.398171
42,8,261.410173
41,9,261.422175
-59,9,261.436179
41,9,261.447181
36,14,261.467186
42,8,261.479188
42,8,261.491191
31,19,261.517197
37,13,261.534201
-55,5,261.543203
42,8,261.554206
38,12,261.572209
35,15,261.591213
-56,6,261.601216
40,10,261.614219
-54,4,261.62022
-57,7,261.630222
35,15,261.651228
-54,4,261.657228
-64,14,261.673232
38,12,261.691236
-57,7,261.700238
37,13,261.716242
36,14,261.737371
-58,8,261.748373
-60,10,261.760376
-56,6,261.769378
40,10,261.783381
42,8,261.794384
-55,5,261.804386
-57,7,261.810387
-52,2,261.815388
-52,2,261.817389
-52,2,261.82139
-60,10,261.832392
-76,26,261.8664
38,12,261.883404
-59,9,261.894406
-53,3,261.899407
-56,6,261.906409
40,10,261.923413
41,9,261.935416
42,8,261.947418
-56,6,261.95542
38,12,261.973425
40,10,261.985427
-59,9,261.99843
-66,16,262.018434
36,14,262.039439
40,10,262.052443
42,8,262.063444
-54,4,262.068446
-59,9,262.082448
41,9,262.094454
40,10,262.106456
-56,6,262.115458
-54,4,262.12246
40,10,262.135464
37,13,262.15547
42,8,262.167473
36,14,262.184477
40,10,262.19948
-56,6,262.206481
-59,9,262.218484
-58,8,262.229486
42,8,262.240489
-61,11,262.254492
-55,5,262.261494
40,10,262.277497
38,12,262.293501
-56,6,262.301503
36,14,262.320507
-61,11,262.334511
-59,9,262.345512
40,10,262.358516
34,16,262.37952
36,14,262.400525
-54,4,262.406527
38,12,262.42353
41,9,262.435533
36,14,262.456537
39,11,262.469541
27,23,262.498693
-56,6,262.508696
40,10,262.521698
37,13,262.538702
42,8,262.550705
40,10,262.564708
41,9,262.576711
37,13,262.594715
-57,7,262.604717
36,14,262.624722
35,15,262.641726
-58,8,262.651728
-58,8,262.66273
42,8,262.673733
38,12,262.690737
36,14,262.710741
21,29,262.746749
-54,4,262.751751
-55,5,262.758752
39,11,262.773755
42,8,262.785759
34,16,262.806762
-62,12,262.822766
38,12,262.83977
26,24,262.869777
42,8,262.881781
-56,6,262.891782
40,10,262.904785
42,8,262.916788
-57,7,262.92679
37,13,262.943793
-68,18,262.966799
40,10,262.979802
36,14,263.000806
-54,4,263.005808
38,12,263.022811
-56,6,263.030813
38,12,263.046817
36,14,263.066821
42,8,263.077824
40,10,263.090827
-57,7,263.099829
40,10,263.113832
34,16,263.132836
-54,4,263.138838
-52,2,263.142838
38,12,263.158842
41,9,263.171845
40,10,263.186848
41,9,263.198851
32,18,263.221856
14,36,263.266866
38,12,263.280869
42,8,263.290872
-57,7,263.300874
41,9,263.311876
36,14,263.331881
-52,2,263.332881
41,9,263.346884
-56,6,263.354886
40,10,263.37089
-57,7,263.377892
33,17,263.402897
25,25,263.434905
38,12,263.451908
36,14,263.468912
30,20,263.494918
37,13,263.514922
-52,2,263.516923
-60,10,263.531926
34,16,263.551931
23,27,263.583937
39,11,263.600942
41,9,263.612944
32,18,263.63695
-64,14,263.654954
-53,3,263.659955
36,14,263.679959
38,12,263.696963
36,14,263.714967
35,15,263.734972
39,11,263.750975
40,10,263.763978
33,17,263.785983
35,15,263.805988
-52,2,263.809989
38,12,263.826992
-55,5,263.833994
37,13,263.850998
30,20,263.879004
40,10,263.893007
-62,12,263.909011
33,17,263.930016
40,10,263.943019
36,14,263.963023
39,11,263.978026
40,10,263.99103
41,9,264.003032
36,14,264.023037
42,8,264.03404
42,8,264.045041
-56,6,264.052044
16,34,264.093052
-56,6,264.100054
35,15,264.121059
32,18,264.145065
36,14,264.164069
-62,12,264.179071
40,10,264.194075
-54,4,264.201077
38,12,264.218081
38,12,264.233084
38,12,264.249088
39,11,264.26209
42,8,264.274093
-55,5,264.282095
-52,2,264.284096
38,12,264.298098
42,8,264.309101
-55,5,264.316103
-58,8,264.326105
42,8,264.338107
36,14,264.357112
40,10,264.370115
-54,4,264.377116
39,11,264.393123
-61,11,264.408127
-68,18,264.430132
38,12,264.448136
38,12,264.463139
-58,8,264.475142
38,12,264.491145
42,8,264.502148
-58,8,264.512151
-55,5,264.521152
-54,4,264.527153
40,10,264.539156
-57,7,264.549158
-59,9,264.560161
-55,5,264.567163
38,12,264.582166
42,8,264.593168
-55,5,264.60217
-54,4,264.607172
-60,10,264.618174
34,16,264.638178
-54,4,264.64418
40,10,264.658183
36,14,264.676187
30,20,264.703194
-54,4,264.708194
31,19,264.7342
42,8,264.746203
36,14,264.763206
34,16,264.785212
34,16,264.805216
40,10,264.818219
-54,4,264.82422
37,13,264.839224
25,25,264.869231
-58,8,264.879233
42,8,264.889235
38,12,264.906239
27,23,264.936246
37,13,264.95325
36,14,264.971253
35,15,264.993258
-52,2,264.994259
-53,3,264.998259
34,16,265.019265
42,8,265.031267
-52,2,265.033268
-56,6,265.041269
27,23,265.072276
29,21,265.098282
28,22,265.128289
40,10,265.144293
40,10,265.155295
40,10,265.171299
-52,2,265.173299
41,9,265.186302
37,13,265.203306
-57,7,265.213308
-57,7,265.22131
42,8,265.232312
-54,4,265.239314
-55,5,265.248316
34,16,265.269321
38,12,265.285324
41,9,265.297327
32,18,265.319333
36,14,265.338336
-56,6,265.345338
40,10,265.358341
-52,2,265.360341
-64,14,265.380346
-54,4,265.386347
-55,5,265.393349
42,8,265.404351
40,10,265.419355
-54,4,265.424356
-56,6,265.432358
-61,11,265.447361
36,14,265.463364
35,15,265.484369
-55,5,265.491371
-56,6,265.500373
33,17,265.521512
-57,7,265.530514
-57,7,265.539516
38,12,265.555521
-57,7,265.562523
42,8,265.574526
-58,8,265.584529
-58,8,265.59453
-52,2,265.599531
39,11,265.615535
38,12,265.632539
32,18,265.654544
42,8,265.665546
39,11,265.68155
39,11,265.698554
37,13,265.715558
37,13,265.732561
-54,4,265.738563
41,9,265.750565
42,8,265.762568
-56,6,265.77157
-58,8,265.782573
-53,3,265.787574
42,8,265.798576
-63,13,265.81358
-55,5,265.820582
38,12,265.836585
-52,2,265.840586
-56,6,265.848588
-61,11,265.864591
31,19,265.890597
-57,7,265.897599
39,11,265.913603
41,9,265.925605
-57,7,265.936607
39,11,265.952611
40,10,265.966614
38,12,265.982618
-52,2,265.986618
40,10,265.998621
-59,9,266.012625
-54,4,266.017625
-58,8,266.027628
-55,5,266.03463
42,8,266.046632
-54,4,266.052633
-55,5,266.057635
-54,4,266.064636
-54,4,266.069638
-56,6,266.078639
-52,2,266.080639
-52,2,266.084641
-55,5,266.090642
-52,2,266.092643
-55,5,266.100644
-56,6,266.107646
41,9,266.118649
35,15,266.139765
-59,9,266.149787
37,13,266.168792
42,8,266.180794
40,10,266.193797
34,16,266.214804
-53,3,266.220806
-59,9,266.231807
33,17,266.252813
42,8,266.264815
34,16,266.28382
42,8,266.293821
-68,18,266.317827
-63,13,266.33283
38,12,266.349834
36,14,266.367838
37,13,266.383842
-52,2,266.385842
-52,2,266.389843
37,13,266.406847
-58,8,266.415849
-54,4,266.421851
39,11,266.436854
-56,6,266.443856
-52,2,266.448857
34,16,266.469862
40,10,266.482864
41,9,266.497867
42,8,266.50987
36,14,266.526874
36,14,266.547879
-58,8,266.558881
40,10,266.570884
-58,8,266.581886
-64,14,266.59989
-67,17,266.621895
35,15,266.641903
38,12,266.657906
32,18,266.679911
-60,10,266.694915
40,10,266.708918
38,12,266.72507
35,15,266.746075
-52,2,266.748075
35,15,266.76808
38,12,266.785084
-58,8,266.796086
-55,5,266.802088
40,10,266.817091
27,23,266.847098
-61,11,266.859101
36,14,266.879105
-58,8,266.889107
33,17,266.909112
24,26,266.94512
-58,8,266.956122
39,11,266.969126
21,29,267.008136
-63,13,267.023139
33,17,267.043144
36,14,267.065149
35,15,267.083153
40,10,267.098156
-57,7,267.106158
39,11,267.120161
-53,3,267.124162
-55,5,267.131164
42,8,267.144166
38,12,267.16017
40,10,267.175174
-54,4,267.181175
38,12,267.197179
33,17,267.219184
40,10,267.234188
37,13,267.251191
40,10,267.263193
39,11,267.280197
38,12,267.296201
-57,7,267.306203
41,9,267.317205
42,8,267.329208
-52,2,267.333209
42,8,267.345212
-61,11,267.357215
27,23,267.388222
32,18,267.415228
-56,6,267.42323
34,16,267.444234
31,19,267.47024
36,14,267.487244
39,11,267.503247
-60,10,267.51625
42,8,267.529253
39,11,267.542257
42,8,267.553259
-54,4,267.55926
38,12,267.575264
36,14,267.593268
42,8,267.60527
40,10,267.617273
-52,2,267.621274
28,22,267.64828
-59,9,267.663283
30,20,267.689289
20,30,267.723297
38,12,267.7393
36,14,267.761306
40,10,267.773309
40,10,267.788311
31,19,267.808316
38,12,267.82432
-61,11,267.839323
42,8,267.850326
-61,11,267.865329
39,11,267.881332
36,14,267.899337
38,12,267.91634
-52,2,267.920341
35,15,267.938345
-52,2,267.943347
-52,2,267.945347
-55,5,267.954349
41,9,267.965351
-55,5,267.971353
-54,4,267.978355
-73,23,268.007361
40,10,268.020364
36,14,268.040368
-58,8,268.05037
42,8,268.061373
-61,11,268.077377
35,15,268.096381
-85,35,268.141391
39,11,268.156394
40,10,268.169398
36,14,268.190402
-57,7,268.200404
-62,12,268.216408
36,14,268.234413
29,21,268.260418
-59,9,268.274421
40,10,268.287424
30,20,268.31343
40,10,268.329434
-56,6,268.335435
38,12,268.352554
38,12,268.369557
36,14,268.388561
41,9,268.401564
-55,5,268.408566
-62,12,268.424569
-55,5,268.430571
38,12,268.447575
-55,5,268.456577
-56,6,268.463578
36,14,268.483582
42,8,268.494585
41,9,268.506588
-56,6,268.513589
39,11,268.529593
42,8,268.540596
31,19,268.5636
40,10,268.576603
-56,6,268.585606
-58,8,268.595608
38,12,268.611611
-64,14,268.628615
-54,4,268.635617
40,10,268.65062
42,8,268.662623
42,8,268.674626
39,11,268.690629
-54,4,268.697631
36,14,268.715635
-59,9,268.726638
-64,14,268.745641
-52,2,268.747642
38,12,268.763646
41,9,268.779649
35,15,268.796653
-55,5,268.804655
32,18,268.82766
36,14,268.846664
-60,10,268.857788
39,11,268.872791
38,12,268.890796
42,8,268.902798
42,8,268.9128
36,14,268.931807
-52,2,268.936807
-55,5,268.942809
38,12,268.959813
42,8,268.971815
-52,2,268.975816
42,8,268.988819
41,9,269.000822
-52,2,269.001822
40,10,269.016825
-52,2,269.018826
25,25,269.053834
38,12,269.069837
37,13,269.084841
31,19,269.107846
37,13,269.124851
40,10,269.137853
36,14,269.158857
-54,4,269.164859
-66,16,269.184864
-58,8,269.194865
-53,3,269.198866
38,12,269.21487
-54,4,269.221872
41,9,269.233874
-60,10,269.245877
-58,8,269.25688
-54,4,269.262881
-54,4,269.268883
-52,2,269.272883
37,13,269.288887
39,11,269.303893
36,14,269.321897
39,11,269.3379
-60,10,269.350904
-57,7,269.358905
42,8,269.369907
40,10,269.384911
39,11,269.400915
39,11,269.413918
42,8,269.42592
33,17,269.447925
41,9,269.460928
36,14,269.478932
40,10,269.492935
41,9,269.504938
31,19,269.530944
36,14,269.548948
42,8,269.55995
26,24,269.590957
-56,6,269.60096
40,10,269.613962
38,12,269.630966
40,10,269.64597
40,10,269.657973
38,12,269.674976
32,18,269.697982
36,14,269.714985
40,10,269.729989
42,8,269.740992
36,14,269.756995
41,9,269.770998
40,10,269.783
-54,4,269.789002
-55,5,269.795003
30,20,269.820009
-54,4,269.82501
35,15,269.845015
-58,8,269.854017
-58,8,269.867019
-54,4,269.872021
-52,2,269.877022
-57,7,269.883023
38,12,269.899027
38,12,269.916031
-56,6,269.925033
34,16,269.947037
37,13,269.965041
42,8,269.976044
-54,4,269.982045
-58,8,269.993048
42,8,270.005051
34,16,270.025055
31,19,270.053062
-56,6,270.059065
40,10,270.074068
35,15,270.094073
39,11,270.108076
-55,5,270.117078
-57,7,270.124079
40,10,270.139083
34,16,270.160088
-52,2,270.161088
42,8,270.17309
36,14,270.193096
-64,14,270.211099
-54,4,270.2171
30,20,270.243106
-52,2,270.247107
31,19,270.272742
-56,6,270.279248
40,10,270.294251
-59,9,270.304254
42,8,270.315256
40,10,270.327259
-58,8,270.339261
33,17,270.365267
-54,4,270.370268
-62,12,270.386272
42,8,270.398275
36,14,270.416279
-58,8,270.427281
-55,5,270.433282
-54,4,270.438283
37,13,270.457288
32,18,270.477292
38,12,270.493296
42,8,270.504298
-54,4,270.5093
40,10,270.524302
-54,4,270.531304
37,13,270.547308
-56,6,270.55531
40,10,270.569314
-61,11,270.583316
-56,6,270.590317
38,12,270.608322
38,12,270.625325
42,8,270.636328
-56,6,270.64533
-58,8,270.657333
41,9,270.668335
-63,13,270.685339
42,8,270.697342
39,11,270.713345
-55,5,270.718346
42,8,270.730349
36,14,270.749353
-52,2,270.751355
35,15,270.771358
-52,2,270.772359
-52,2,270.776359
-57,7,270.787362
31,19,270.81037
-63,13,270.830375
34,16,270.85338
38,12,270.869384
32,18,270.891388
-58,8,270.901391
39,11,270.917394
42,8,270.928398
23,27,270.961404
40,10,270.973407
40,10,270.98841
34,16,271.010415
22,28,271.046423
-54,4,271.051425
38,12,271.066428
40,10,271.07843
-54,4,271.083431
35,15,271.104437
40,10,271.11744
38,12,271.135443
-55,5,271.144446
-52,2,271.146446
41,9,271.157449
-56,6,271.168348
41,9,271.179453
40,10,271.194457
42,8,271.205459
36,14,271.223466
38,12,271.23947
30,20,271.265476
36,14,271.28548
39,11,271.298483
37,13,271.317487
-55,5,271.323488
-52,2,271.325489
-52,2,271.33049
40,10,271.342493
40,10,271.358497
-56,6,271.365498
-56,6,271.3745
-54,4,271.380501
-57,7,271.391504
-59,9,271.403507
36,14,271.420511
-52,2,271.425512
-56,6,271.432513
28,22,271.46152
-60,10,271.474523
40,10,271.490526
28,22,271.517532
34,16,271.539537
42,8,271.55054
42,8,271.561542
-52,2,271.566543
40,10,271.578546
-56,6,271.588548
-52,2,271.589548
37,13,271.608553
-60,10,271.620556
-63,13,271.637562
42,8,271.649565
-65,15,271.668569
34,16,271.690573
-73,23,271.71958
30,20,271.745706
38,12,271.759708
37,13,271.775712
41,9,271.787715
42,8,271.799718
42,8,271.81072
-52,2,271.815721
-58,8,271.824724
-53,3,271.828724
42,8,271.839727
34,16,271.862732
36,14,271.881736
-66,16,271.902741
35,15,271.923746
31,19,271.947751
38,12,271.964755
40,10,271.977758
40,10,271.991761
42,8,272.004764
-55,5,272.010765
40,10,272.022768
40,10,272.037771
-60,10,272.049774
38,12,272.065777
36,14,272.085782
40,10,272.098785
30,20,272.123791
40,10,272.137794
-59,9,272.148796
28,22,272.176803
-52,2,272.178803
26,24,272.21081
-52,2,272.214811
-55,5,272.221813
-57,7,272.231815
-57,7,272.238817
34,16,272.259821
40,10,272.275825
-59,9,272.286827
-55,5,272.292829
33,17,272.315834
-59,9,272.327837
40,10,272.34084
36,14,272.361845
40,10,272.374847
-55,5,272.384071
42,8,272.393854
34,16,272.416859
40,10,272.429862
-58,8,272.440865
42,8,272.452867
-56,6,272.461869
41,9,272.473872
-55,5,272.479874
39,11,272.495878
36,14,272.513881
-56,6,272.523883
38,12,272.539886
-57,7,272.55089
37,13,272.566893
38,12,272.581896
39,11,272.5979
-60,10,272.610903
-53,3,272.615904
-60,10,272.627907
32,18,272.652912
-54,4,272.657913
-58,8,272.668916
-59,9,272.679918
36,14,272.698922
-52,2,272.699923
-54,4,272.705924
-60,10,272.720927
40,10,272.73293
30,20,272.758936
40,10,272.773939
-58,8,272.783941
40,10,272.795944
39,11,272.811948
40,10,272.824951
37,13,272.843956
42,8,272.854958
-63,13,272.869961
-56,6,272.875962
40,10,272.889965
38,12,272.905969
-58,8,272.917973
39,11,272.934976
34,16,272.956095
42,8,272.967122
36,14,272.984127
42,8,272.996129
42,8,273.007131
-55,5,273.013132
39,11,273.029136
-60,10,273.043139
32,18,273.065144
42,8,273.077147
33,17,273.100152
37,13,273.121157
33,17,273.141161
30,20,273.167167
34,16,273.188172
-55,5,273.196174
40,10,273.210177
29,21,273.236183
35,15,273.255187
38,12,273.27119
38,12,273.287194
-54,4,273.293195
-57,7,273.301198
40,10,273.316201
24,26,273.347207
42,8,273.35921
41,9,273.373214
39,11,273.386216
40,10,273.40122
33,17,273.423224
-53,3,273.427226
37,13,273.444229
38,12,273.460233
39,11,273.476237
36,14,273.494241
36,14,273.513245
40,10,273.526248
40,10,273.540251
-55,5,273.546252
39,11,273.562256
32,18,273.583261
-52,2,273.587261
-52,2,273.589262
40,10,273.603265
-56,6,273.609267
38,12,273.62627
36,14,273.647275
-53,3,273.652277
31,19,273.675282
-53,3,273.679282
33,17,273.702288
36,14,273.721292
39,11,273.736295
33,17,273.7573
34,16,273.776304
33,17,273.797309
42,8,273.808311
32,18,273.835317
-58,8,273.845322
-60,10,273.858325
32,18,273.883823
42,8,273.894333
40,10,273.907336
-57,7,273.917339
-52,2,273.918338
39,11,273.934342
40,10,273.949345
-60,10,273.961348
39,11,273.976351
40,10,273.989354
-61,11,274.004358
42,8,274.017361
38,12,274.033364
-56,6,274.041366
42,8,274.052369
-57,7,274.061371
-56,6,274.070373
37,13,274.086376
33,17,274.106381
-64,14,274.126385
-54,4,274.131386
39,11,274.14839
21,29,274.183398
-58,8,274.194401
-54,4,274.200402
38,12,274.216405
-58,8,274.227408
38,12,274.243412
-66,16,274.264416
39,11,274.27942
40,10,274.291422
36,14,274.310427
38,12,274.327561
-56,6,274.333563
38,12,274.350567
42,8,274.360569
35,15,274.381573
36,14,274.399577
37,13,274.418582
38,12,274.435585
41,9,274.447588
42,8,274.458591
32,18,274.479595
-63,13,274.4986
-63,13,274.513603
-58,8,274.524606
-58,8,274.534608
36,14,274.550612
38,12,274.567615
40,10,274.583619
-52,2,274.58562
-59,9,274.599622
37,13,274.614626
37,13,274.631629
40,10,274.647633
40,10,274.660636
-52,2,274.664637
40,10,274.67764
-58,8,274.689643
37,13,274.706646
42,8,274.71865
-54,4,274.72465
-56,6,274.733653
-56,6,274.740654
37,13,274.759659
39,11,274.772661
36,14,274.791666
-52,2,274.793667
39,11,274.80967
39,11,274.825674
-56,6,274.832675
-59,9,274.846678
32,18,274.868684
33,17,274.889688
-54,4,274.895689
-63,13,274.914693
40,10,274.926696
40,10,274.940699
28,22,274.966705
37,13,274.98571
-59,9,274.999712
36,14,275.018718
40,10,275.033723
38,12,275.050725
36,14,275.06873
-58,8,275.078732
40,10,275.093735
41,9,275.106738
36,14,275.122742
40,10,275.137745
-53,3,275.141746
40,10,275.154749
-58,8,275.165751
36,14,275.183755
-66,16,275.20476
34,16,275.226765
33,17,275.24677
-52,2,275.24777
-57,7,275.258772
-60,10,275.273776
36,14,275.29178
-52,2,275.295781
-54,4,275.301782
41,9,275.313785
-53,3,275.318786
-60,10,275.329788
34,16,275.349793
37,13,275.366797
-56,6,275.374799
-58,8,275.385801
-55,5,275.391802
-58,8,275.402805
40,10,275.417809
42,8,275.429811
40,10,275.442814
40,10,275.458817
-59,9,275.47082
-56,6,275.477822
-57,7,275.488827
-59,9,275.500832
-58,8,275.512834
33,17,275.53684
-54,4,275.542841
37,13,275.558845
-52,2,275.560845
-68,18,275.585851
-62,12,275.600856
39,11,275.615859
-65,15,275.632863
-57,7,275.642865
-59,9,275.653867
42,8,275.66587
37,13,275.686876
36,14,275.704879
42,8,275.715881
40,10,275.729884
40,10,275.742888
37,13,275.758891
-54,4,275.763892
39,11,275.779896
38,12,275.7949
-61,11,275.809903
-60,10,275.822906
40,10,275.838909
-52,2,275.839909
36,14,275.858914
-67,17,275.879918
37,13,275.897923
39,11,275.912926
-64,14,275.93193
39,11,275.945934
30,20,275.970939
34,16,275.993944
39,11,276.008948
-61,11,276.024951
39,11,276.040955
-58,8,276.051958
38,12,276.066961
36,14,276.086965
34,16,276.108972
42,8,276.120975
-65,15,276.140979
-54,4,276.14598
42,8,276.157983
-60,10,276.168986
36,14,276.187989
38,12,276.204993
-63,13,276.219997
-58,8,276.229999
38,12,276.247003
40,10,276.262006
38,12,276.28001
41,9,276.291013
-56,6,276.299015
40,10,276.315018
40,10,276.329021
32,18,276.353027
36,14,276.371031
-65,15,276.390035
-55,5,276.396036
38,12,276.41204
30,20,276.439048
-55,5,276.44705
33,17,276.468055
-52,2,276.470056
39,11,276.48606
-53,3,276.490061
38,12,276.507065
34,16,276.52807
35,15,276.549074
42,8,276.560077
42,8,276.571079
42,8,276.583082
39,11,276.596085
41,9,276.611088
38,12,276.627092
-58,8,276.639095
42,8,276.650097
-52,2,276.652098
36,14,276.672102
42,8,276.684105
-54,4,276.689106
-56,6,276.697108
-60,10,276.710111
40,10,276.724114
42,8,276.736117
38,12,276.75212
40,10,276.768124
-68,18,276.789129
-66,16,276.809133
-54,4,276.815135
37,13,276.833139
37,13,276.851143
-52,2,276.853143
-52,2,276.858144
-62,12,276.874148
-52,2,276.875148
-54,4,276.881149
36,14,276.901154
32,18,276.923159
-55,5,276.92816
-60,10,276.942163
38,12,276.95829
37,13,276.975294
-55,5,276.981295
40,10,276.996299
33,17,277.018303
-58,8,277.029307
42,8,277.040308
37,13,277.056312
39,11,277.071315
-54,4,277.078317
-58,8,277.088319
-55,5,277.095321
-54,4,277.101322
33,17,277.124327
37,13,277.142331
39,11,277.158335
29,21,277.18234
36,14,277.201345
38,12,277.217349
-56,6,277.22635
-60,10,277.238353
40,10,277.253356
-56,6,277.259358
-63,13,277.277362
38,12,277.293365
35,15,277.310369
38,12,277.325372
-55,5,277.335375
32,18,277.35738
34,16,277.379385
40,10,277.394388
-67,17,277.415393
-59,9,277.427395
-52,2,277.431396
-56,6,277.439399
-69,19,277.465404
36,14,277.480407
-58,8,277.49241
42,8,277.503412
28,22,277.531419
-55,5,277.538421
42,8,277.550423
40,10,277.564426
42,8,277.575429
38,12,277.591432
-54,4,277.597434
40,10,277.611437
29,21,277.638443
38,12,277.655447
42,8,277.66745
40,10,277.682453
27,23,277.711459
37,13,277.728463
41,9,277.740466
-57,7,277.750468
36,14,277.767473
38,12,277.782475
41,9,277.797479
38,12,277.814483
26,24,277.84449
35,15,277.861493
-61,11,277.876497
30,20,277.902503
30,20,277.928508
38,12,277.943512
37,13,277.959515
41,9,277.974519
41,9,277.986521
30,20,278.011527
29,21,278.038533
-56,6,278.047535
35,15,278.065539
36,14,278.085544
-54,4,278.090545
40,10,278.103548
38,12,278.120551
-55,5,278.129554
-56,6,278.137555
40,10,278.151559
38,12,278.169563
-55,5,278.175564
42,8,278.187567
37,13,278.204572
34,16,278.228578
-58,8,278.23958
34,16,278.258584
39,11,278.273588
-59,9,278.284591
33,17,278.306595
40,10,278.321599
42,8,278.332601
-55,5,278.338603
35,15,278.358607
-62,12,278.374611
39,11,278.390614
-55,5,278.396616
42,8,278.408768
42,8,278.420771
40,10,278.433774
32,18,278.456779
38,12,278.471782
42,8,278.483785
42,8,278.495788
40,10,278.50779
-56,6,278.516792
42,8,278.528795
42,8,278.539798
-54,4,278.545799
-56,6,278.5528
-54,4,278.558802
-61,11,278.573806
36,14,278.593809
-52,2,278.59481
33,17,278.615815
34,16,278.63782
37,13,278.655824
-55,5,278.662825
34,16,278.68283
29,21,278.708835
-54,4,278.713837
-56,6,278.724839
40,10,278.737842
39,11,278.751846
-57,7,278.759847
42,8,278.772851
-61,11,278.784853
38,12,278.801857
40,10,278.81786
-58,8,278.828863
40,10,278.840866
28,22,278.870872
34,16,278.891877
40,10,278.903879
-54,4,278.910881
-56,6,278.919883
42,8,278.930886
-56,6,278.938888
36,14,278.958892
-53,3,278.963893
39,11,278.976896
40,10,278.9929
-56,6,278.999901
-52,2,279.004329
38,12,279.022334
-57,7,279.032336
-58,8,279.042339
-57,7,279.049341
41,9,279.062343
39,11,279.076346
-58,8,279.087348
40,10,279.101352
40,10,279.113355
-53,3,279.118356
-54,4,279.123357
-61,11,279.13836
38,12,279.154364
-52,2,279.155364
31,19,279.18137
-54,4,279.186371
37,13,279.204375
41,9,279.219378
36,14,279.237383
-56,6,279.246384
33,17,279.265388
-54,4,279.27139
38,12,279.289395
39,11,279.305398
18,32,279.345407
40,10,279.358409
38,12,279.374413
-55,5,279.380415
-56,6,279.391417
-63,13,279.407421
34,16,279.430426
41,9,279.442429
-56,6,279.453432
-63,13,279.468435
27,23,279.497441
36,14,279.517446
41,9,279.531449
-58,8,279.541451
-52,2,279.544451
37,13,279.560455
41,9,279.576459
35,15,279.594463
36,14,279.614467
37,13,279.630471
31,19,279.653476
-54,4,279.659477
-55,5,279.665479
42,8,279.677481
-60,10,279.692485
-55,5,279.699487
-58,8,279.710489
33,17,279.732494
-62,12,279.748497
-53,3,279.754499
-58,8,279.764501
-63,13,279.780651
-54,4,279.785652
-58,8,279.795654
40,10,279.810658
-56,6,279.816659
-55,5,279.82266
35,15,279.841665
40,10,279.857668
38,12,279.873672
36,14,279.892676
-55,5,279.898678
38,12,279.914681
37,13,279.934686
39,11,279.948689
28,22,279.979696
40,10,279.992699
37,13,280.012703
-61,11,280.024706
-61,11,280.039709
40,10,280.054713
-61,11,280.066715
37,13,280.08472
-60,10,280.096723
36,14,280.117727
42,8,280.12973
35,15,280.147733
40,10,280.162737
33,17,280.184742
41,9,280.196745
-57,7,280.206747
40,10,280.22175
33,17,280.244756
40,10,280.257758
40,10,280.273762
38,12,280.290766
40,10,280.303769
36,14,280.323774
38,12,280.340777
41,9,280.35278
-52,2,280.356781
-58,8,280.367784
38,12,280.383787
36,14,280.401791
-62,12,280.416794
-59,9,280.428797
-56,6,280.439799
-60,10,280.450802
-57,7,280.460804
-62,12,280.476808
30,20,280.502814
36,14,280.523818
40,10,280.536822
32,18,280.560827
36,14,280.57883
38,12,280.593834
-54,4,280.599835
-55,5,280.606837
40,10,280.62184
41,9,280.632843
-52,2,280.636844
-56,6,280.642845
-53,3,280.646846
42,8,280.657849
18,32,280.697857
40,10,280.709861
40,10,280.724864
40,10,280.738868
-61,11,280.75387
36,14,280.772875
40,10,280.785878
-54,4,280.791879
-56,6,280.800881
39,11,280.813884
-65,15,280.833889
27,23,280.861895
-57,7,280.871897
42,8,280.8839
-54,4,280.889901
-52,2,280.891901
38,12,280.906904
37,13,280.921908
37,13,280.940912
40,10,280.954916
-55,5,280.960917
36,14,280.980921
40,10,280.992925
-56,6,281.002926
-56,6,281.010928
36,14,281.030932
-52,2,281.032933
39,11,281.047936
-55,5,281.053938
38,12,281.070942
40,10,281.085945
38,12,281.101949
38,12,281.119953
42,8,281.130955
38,12,281.146959
35,15,281.165963
38,12,281.182966
-56,6,281.189968
-56,6,281.19897
-64,14,281.215974
36,14,281.234979
42,8,281.247981
-55,5,281.254983
40,10,281.267986
-54,4,281.272987
38,12,281.289991
-56,6,281.298993
36,14,281.316997
32,18,281.340002
40,10,281.355006
30,20,281.380011
-56,6,281.389013
-54,4,281.395014
40,10,281.407018
-55,5,281.415019
-63,13,281.431023
-54,4,281.436023
40,10,281.450027
-59,9,281.46403
36,14,281.482034
-55,5,281.489036
34,16,281.51004
37,13,281.529044
29,21,281.555053
-56,6,281.562055
40,10,281.576058
42,8,281.58806
36,14,281.605065
38,12,281.621068
-61,11,281.636071
40,10,281.650075
42,8,281.661077
-58,8,281.67208
40,10,281.684083
40,10,281.701086
42,8,281.713089
39,11,281.726092
42,8,281.737094
40,10,281.752098
40,10,281.7641
42,8,281.776225
37,13,281.796229
38,12,281.812233
-59,9,281.823235
-56,6,281.830237
38,12,281.84624
-52,2,281.850241
33,17,281.871246
-57,7,281.881248
-56,6,281.88825
-56,6,281.898252
-64,14,281.914256
42,8,281.927259
36,14,281.947263
-58,8,281.958266
-62,12,281.974269
-57,7,281.984272
41,9,281.996275
38,12,282.012279
-52,2,282.014278
37,13,282.032282
38,12,282.048286
31,19,282.071291
-55,5,282.080293
38,12,282.096297
-52,2,282.098297
28,22,282.127303
34,16,282.149309
38,12,282.16444
-56,6,282.171442
-62,12,282.185445
35,15,282.20745
39,11,282.223453
38,12,282.239456
-56,6,282.247458
42,8,282.258461
33,17,282.280466
42,8,282.292469
-63,13,282.310475
42,8,282.322478
42,8,282.33348
-52,2,282.335481
-52,2,282.339481
35,15,282.356485
38,12,282.372489
36,14,282.391493
-52,2,282.393493
-58,8,282.405496
40,10,282.4205
32,18,282.442504
37,13,282.462509
38,12,282.477512
40,10,282.491517
-74,24,282.522523
39,11,282.537527
36,14,282.55453
42,8,282.566533
-67,17,282.589538
40,10,282.602541
38,12,282.618545
-58,8,282.628546
41,9,282.64155
41,9,282.656553
30,20,282.680559
39,11,282.692561
37,13,282.711568
39,11,282.725572
42,8,282.736574
-54,4,282.742575
33,17,282.767581
23,27,282.798588
-55,5,282.80659
40,10,282.819593
33,17,282.838597
-64,14,282.857601
42,8,282.868604
42,8,282.880607
-55,5,282.886608
38,12,282.902611
-52,2,282.907613
38,12,282.924616
31,19,282.947621
35,15,282.966625
38,12,282.982629
-58,8,282.992631
35,15,283.014637
27,23,283.045644
38,12,283.062648
41,9,283.07465
40,10,283.087653
-55,5,283.095655
42,8,283.106657
36,14,283.124661
-55,5,283.131663
37,13,283.149667
-60,10,283.16167
-56,6,283.171672
42,8,283.183674
38,12,283.199678
41,9,283.211681
42,8,283.222683
-58,8,283.234686
31,19,283.260692
36,14,283.277696
42,8,283.289698
-54,4,283.2957
-60,10,283.308703
40,10,283.321706
42,8,283.332708
40,10,283.346711
-63,13,283.361715
42,8,283.373718
41,9,283.385726
40,10,283.400725
41,9,283.412728
42,8,283.424731
-58,8,283.434733
36,14,283.452737
-54,4,283.458738
-52,2,283.462739
23,27,283.497747
42,8,283.50875
37,13,283.525753
40,10,283.538756
-56,6,283.548759
40,10,283.562762
37,13,283.581766
42,8,283.593768
36,14,283.611773
38,12,283.628777
-54,4,283.634778
42,8,283.645781
-52,2,283.649781
-54,4,283.654783
39,11,283.668786
-52,2,283.672787
36,14,283.68979
-59,9,283.704794
38,12,283.721797
32,18,283.743803
40,10,283.758808
-54,4,283.763809
42,8,283.775812
-56,6,283.781813
40,10,283.797817
41,9,283.809819
24,26,283.839826
-52,2,283.843827
-54,4,283.849828
36,14,283.866953
42,8,283.877956
40,10,283.892959
-54,4,283.89896
-57,7,283.907963
34,16,283.930968
40,10,283.94297
40,10,283.958975
37,13,283.976978
41,9,283.98798
40,10,284.003984
-55,5,284.010986
36,14,284.028989
39,11,284.044993
40,10,284.059997
-58,8,284.070999
41,9,284.082002
-56,6,284.090003
42,8,284.101006
42,8,284.113009
-54,4,284.118011
-55,5,284.127012
-58,8,284.137014
40,10,284.150018
37,13,284.166021
34,16,284.187025
36,14,284.20703
36,14,284.224034
37,13,284.243038
-57,7,284.25104
-52,2,284.255041
-55,5,284.261042
31,19,284.287048
-55,5,284.293049
40,10,284.308052
41,9,284.321055
-58,8,284.332058
-54,4,284.337059
41,9,284.350062
-58,8,284.361064
38,12,284.378068
-56,6,284.38707
42,8,284.399073
41,9,284.412076
-56,6,284.418077
-58,8,284.428079
-52,2,284.43208
39,11,284.447084
38,12,284.464088
-56,6,284.471089
41,9,284.484092
-52,2,284.490093
42,8,284.501096
-53,3,284.505097
-71,21,284.530103
35,15,284.550427
-55,5,284.556108
42,8,284.568111
37,13,284.585115
36,14,284.605119
36,14,284.623123
-52,2,284.627125
40,10,284.639127
42,8,284.65113
38,12,284.667134
42,8,284.678137
-58,8,284.689138
-55,5,284.69714
38,12,284.714144
-56,6,284.723146
-55,5,284.730148
-55,5,284.737149
-60,10,284.751153
37,13,284.767156
34,16,284.788161
-64,14,284.807165
-54,4,284.812166
-57,7,284.819167
-54,4,284.824169
-55,5,284.83217
40,10,284.846174
34,16,284.867178
39,11,284.882182
39,11,284.897188
37,13,284.914192
-53,3,284.919193
41,9,284.930195
-52,2,284.932197
42,8,284.943198
34,16,284.965204
38,12,284.982207
-54,4,284.987208
41,9,285.002216
-58,8,285.012219
42,8,285.023221
39,11,285.037223
-52,2,285.041224
-60,10,285.054227
33,17,285.077232
36,14,285.095237
-61,11,285.10924
39,11,285.125243
40,10,285.138246
36,14,285.158251
-52,2,285.160251
42,8,285.171254
38,12,285.188257
39,11,285.205261
42,8,285.218419
38,12,285.234424
36,14,285.253428
38,12,285.270432
38,12,285.287435
42,8,285.299438
-58,8,285.30944
-60,10,285.324443
40,10,285.337446
36,14,285.356451
-55,5,285.363452
-54,4,285.369454
-53,3,285.373455
-52,2,285.375455
39,11,285.390458
-53,3,285.39646
-57,7,285.406462
41,9,285.417465
40,10,285.430468
-54,4,285.436469
-58,8,285.447471
38,12,285.463475
-54,4,285.468476
42,8,285.480479
37,13,285.499483
36,14,285.515486
-61,11,285.52949
-54,4,285.535492
-57,7,285.544493
-56,6,285.551495
24,26,285.586502
38,12,285.603508
30,20,285.628514
40,10,285.641517
-59,9,285.652519
40,10,285.666522
32,18,285.687527
40,10,285.701531
-55,5,285.707531
-58,8,285.718534
37,13,285.735538
-58,8,285.74554
-52,2,285.749541
37,13,285.767546
-54,4,285.772546
38,12,285.78955
39,11,285.805554
38,12,285.822558
32,18,285.843563
-62,12,285.859566
-54,4,285.865567
41,9,285.880571
38,12,285.896574
42,8,285.908577
37,13,285.925581
35,15,285.946586
-59,9,285.957588
37,13,285.974592
36,14,285.993596
-55,5,286.001598
36,14,286.017601
38,12,286.033605
-55,5,286.042607
34,16,286.064613
-56,6,286.072614
39,11,286.087617
-56,6,286.093619
-53,3,286.09962
36,14,286.119624
42,8,286.131627
39,11,286.14463
36,14,286.163635
34,16,286.183639
-54,4,286.18864
-63,13,286.203643
33,17,286.224648
37,13,286.244653
38,12,286.260656
33,17,286.281661
38,12,286.298665
-55,5,286.305666
21,29,286.341675
-54,4,286.346676
34,16,286.366681
-55,5,286.374682
-54,4,286.380683
33,17,286.402689
-52,2,286.403688
40,10,286.419692
-56,6,286.425694
38,12,286.442697
38,12,286.459701
-54,4,286.465702
-58,8,286.475705
-59,9,286.488708
-52,2,286.489707
36,14,286.509712
-55,5,286.516714
-57,7,286.526716
36,14,286.54472
-56,6,286.554723
39,11,286.568727
-55,5,286.576727
38,12,286.593731
40,10,286.606737
-64,14,286.624741
42,8,286.635743
-60,10,286.646746
-58,8,286.658749
38,12,286.674752
-54,4,286.680754
40,10,286.694756
-56,6,286.701759
34,16,286.721763
36,14,286.740767
32,18,286.763772
-65,15,286.784777
39,11,286.800066
36,14,286.818071
-57,7,286.827072
42,8,286.839075
-53,3,286.844076
-60,10,286.855079
26,24,286.885086
41,9,286.899089
-56,6,286.908091
38,12,286.922094
42,8,286.935098
-52,2,286.936097
41,9,286.9511
36,14,286.968104
39,11,286.982107
-56,6,286.990109
-52,2,286.99411
-58,8,287.004112
33,17,287.026117
-57,7,287.03612
40,10,287.048122
40,10,287.063126
42,8,287.074128
42,8,287.086131
31,19,287.110138
-63,13,287.125142
36,14,287.143146
29,21,287.171152
-57,7,287.178154
40,10,287.194157
38,12,287.209161
-61,11,287.225164
35,15,287.242168
42,8,287.25317
-52,2,287.257171
34,16,287.277176
41,9,287.289179
36,14,287.310184
-54,4,287.317186
42,8,287.328188
40,10,287.342191
42,8,287.353193
37,13,287.371197
34,16,287.392202
-60,10,287.405205
42,8,287.416207
40,10,287.42921
38,12,287.446214
40,10,287.461218
-52,2,287.463218
33,17,287.486223
-56,6,287.493224
38,12,287.509228
38,12,287.525232
40,10,287.539235
-57,7,287.548361
42,8,287.559364
-60,10,287.574367
-60,10,287.58837
42,8,287.599373
31,19,287.623378
-57,7,287.63338
42,8,287.644383
41,9,287.656386
33,17,287.67739
39,11,287.691393
-54,4,287.697394
42,8,287.708397
40,10,287.7234
-54,4,287.729402
42,8,287.740404
-56,6,287.746406
-62,12,287.760409
27,23,287.790415
34,16,287.80942
-56,6,287.817422
38,12,287.834426
38,12,287.85143
42,8,287.862432
33,17,287.887437
40,10,287.900441
37,13,287.917445
34,16,287.938449
36,14,287.958453
42,8,287.969579
41,9,287.980581
41,9,287.992584
39,11,288.006587
38,12,288.022591
-56,6,288.031593
41,9,288.042595
36,14,288.059599
35,15,288.080604
-63,13,288.096607
-55,5,288.104609
39,11,288.117613
38,12,288.133616
-54,4,288.138617
-59,9,288.15262
-59,9,288.163622
-54,4,288.169624
40,10,288.182628
34,16,288.203632
32,18,288.227637
-61,11,288.24264
36,14,288.262646
28,22,288.291651
38,12,288.308657
38,12,288.326662
41,9,288.338664
35,15,288.359668
-62,12,288.374673
40,10,288.384674
39,11,288.400678
42,8,288.41168
38,12,288.428684
-54,4,288.433686
36,14,288.45069
-52,2,288.45469
40,10,288.465693
38,12,288.482696
32,18,288.506701
42,8,288.517705
34,16,288.538709
-54,4,288.54471
-53,3,288.548711
33,17,288.571716
-62,12,288.58772
-59,9,288.597722
41,9,288.609725
-58,8,288.619727
-56,6,288.628729
-57,7,288.638731
-54,4,288.643732
-52,2,288.645733
-62,12,288.660737
-57,7,288.670738
34,16,288.691743
-61,11,288.707747
40,10,288.72075
36,14,288.740754
36,14,288.758759
42,8,288.770761
31,19,288.793766
32,18,288.816772
38,12,288.833776
-52,2,288.837776
40,10,288.849779
34,16,288.871784
-56,6,288.880786
40,10,288.892788
-57,7,288.903791
40,10,288.918794
40,10,288.929799
42,8,288.941802
-52,2,288.946802
40,10,288.958805
35,15,288.97881
42,8,288.990812
-58,8,289.002815
35,15,289.02282
38,12,289.039824
38,12,289.055827
29,21,289.081833
33,17,289.103838
38,12,289.118841
-57,7,289.127843
-56,6,289.134845
38,12,289.150849
39,11,289.165852
-55,5,289.172853
28,22,289.200861
30,20,289.225865
40,10,289.238868
39,11,289.253872
34,16,289.275877
42,8,289.288879
40,10,289.303883
-55,5,289.310885
42,8,289.321887
40,10,289.334891
-58,8,289.345893
-53,3,289.350894
-52,2,289.354895
38,12,289.370898
-55,5,289.376899
40,10,289.389902
-56,6,289.399905
-56,6,289.405906
-58,8,289.416909
40,10,289.432912
42,8,289.441914
38,12,289.458918
-56,6,289.464919
-52,2,289.469921
41,9,289.481923
36,14,289.500927
36,14,289.517931
34,16,289.539936
40,10,289.55494
29,21,289.582946
38,12,289.59995
38,12,289.616954
42,8,289.627956
37,13,289.64396
38,12,289.659963
-58,8,289.670966
-56,6,289.679968
32,18,289.701973
24,26,289.73598
-60,10,289.748984
36,14,289.767988
42,8,289.77999
-53,3,289.782991
40,10,289.797995
38,12,289.814998
40,10,289.828002
-59,9,289.842005
42,8,289.855007
39,11,289.86801
40,10,289.884014
38,12,289.901018
42,8,289.91302
-56,6,289.920022
40,10,289.933025
38,12,289.951029
35,15,289.971034
41,9,289.983036
38,12,289.998039
40,10,290.011042
-56,6,290.019044
-55,5,290.026046
36,14,290.04505
40,10,290.059053
42,8,290.072056
40,10,290.08606
-60,10,290.099063
-58,8,290.109064
-58,8,290.120068
32,18,290.145072
42,8,290.156075
38,12,290.173079
40,10,290.186081
38,12,290.202085
39,11,290.21809
40,10,290.230093
37,13,290.248096
42,8,290.259098
-54,4,290.2651
40,10,290.277102
40,10,290.292105
37,13,290.309109
42,8,290.320112
36,14,290.338116
36,14,290.359121
-53,3,290.364122
-60,10,290.377125
36,14,290.397129
39,11,290.410282
42,8,290.420284
40,10,290.434288
42,8,290.44629
42,8,290.458292
-56,6,290.464294
37,13,290.483298
42,8,290.495301
35,15,290.513305
31,19,290.53731
38,12,290.554314
-53,3,290.558315
-52,2,290.560315
36,14,290.58132
37,13,290.599324
40,10,290.615328
38,12,290.632332
-55,5,290.638334
-56,6,290.645334
-54,4,290.649336
-56,6,290.658338
-56,6,290.665339
-56,6,290.674341
30,20,290.699474
-60,10,290.711477
36,14,290.732482
38,12,290.748485
-54,4,290.753487
-55,5,290.760488
42,8,290.772491
-52,2,290.776491
-61,11,290.789494
34,16,290.8115
26,24,290.843508
42,8,290.855511
-52,2,290.859512
40,10,290.872515
-58,8,290.882519
-52,2,290.887518
38,12,290.903522
42,8,290.915525
38,12,290.931528
36,14,290.947532
40,10,290.962536
41,9,290.974538
-56,6,290.983541
-56,6,290.990542
42,8,291.001545
36,14,291.021549
40,10,291.034552
36,14,291.054556
30,20,291.082562
-59,9,291.093565
35,15,291.113569
42,8,291.125572
39,11,291.138576
-55,5,291.146577
36,14,291.163581
42,8,291.175583
38,12,291.190587
32,18,291.214592
-59,9,291.226596
38,12,291.243598
-54,4,291.2496
37,13,291.265604
42,8,291.277606
36,14,291.296611
-55,5,291.303612
40,10,291.315615
34,16,291.33762
35,15,291.357625
-60,10,291.372628
38,12,291.388631
-56,6,291.395633
38,12,291.412637
-56,6,291.421639
42,8,291.433642
-53,3,291.435642
33,17,291.457647
37,13,291.475651
-58,8,291.486653
41,9,291.498656
-57,7,291.508659
-55,5,291.51566
40,10,291.530663
-56,6,291.537665
40,10,291.552668
38,12,291.568672
42,8,291.580675
37,13,291.597678
40,10,291.610682
42,8,291.622684
-62,12,291.637687
40,10,291.652691
41,9,291.663693
42,8,291.675696
-54,4,291.681698
-56,6,291.6907
36,14,291.707703
-56,6,291.716706
37,13,291.73371
38,12,291.748713
-57,7,291.758715
-55,5,291.765716
42,8,291.775719
32,18,291.796723
-55,5,291.805725
39,11,291.819729
41,9,291.833732
35,15,291.852736
32,18,291.878742
38,12,291.894745
38,12,291.911749
34,16,291.932754
39,11,291.948757
-55,5,291.954759
37,13,291.971763
40,10,291.986766
40,10,291.999769
-57,7,292.009774
38,12,292.025777
36,14,292.04493
42,8,292.055932
42,8,292.067935
-52,2,292.071935
39,11,292.088939
42,8,292.099942
36,14,292.116946
-57,7,292.127948
-62,12,292.140951
-56,6,292.147953
-55,5,292.156955
29,21,292.184961
33,17,292.205966
-61,11,292.220969
-52,2,292.221969
42,8,292.233973
37,13,292.253977
42,8,292.265979
42,8,292.275981
-57,7,292.283984
42,8,292.294986
40,10,292.310989
39,11,292.325993
42,8,292.338996
42,8,292.349998
-55,5,292.355999
26,24,292.385006
40,10,292.399011
-56,6,292.408013
-59,9,292.419016
36,14,292.43802
-56,6,292.445022
40,10,292.461025
-59,9,292.472028
27,23,292.502035
-55,5,292.508036
36,14,292.52604
-52,2,292.531041
36,14,292.547045
33,17,292.57205
-56,6,292.579051
41,9,292.591055
38,12,292.607059
-57,7,292.61606
42,8,292.627062
-64,14,292.647067
-57,7,292.654068
42,8,292.665071
-52,2,292.670073
-52,2,292.672073
42,8,292.683075
-66,16,292.70308
40,10,292.718084
42,8,292.729086
42,8,292.740088
-54,4,292.746089
-52,2,292.74809
35,15,292.769094
36,14,292.790099
-59,9,292.801102
38,12,292.818106
-64,14,292.833109
-54,4,292.83911
-54,4,292.844112
-52,2,292.848112
39,11,292.865116
33,17,292.886121
42,8,292.899124
-53,3,292.903125
38,12,292.920129
-57,7,292.92713
42,8,292.939133
38,12,292.955136
30,20,292.980142
37,13,292.998146
-58,8,293.010149
-52,2,293.012149
35,15,293.033154
34,16,293.054159
-55,5,293.06116
41,9,293.073163
42,8,293.08517
-54,4,293.090167
42,8,293.102169
-56,6,293.111171
42,8,293.123174
-57,7,293.133177
38,12,293.14718
32,18,293.169184
39,11,293.184188
40,10,293.197191
40,10,293.213194
42,8,293.225198
37,13,293.241201
41,9,293.255204
39,11,293.270207
35,15,293.291212
37,13,293.307216
-52,2,293.312217
-52,2,293.314218
37,13,293.329221
42,8,293.340224
37,13,293.358227
39,11,293.373231
34,16,293.393235
37,13,293.412392
42,8,293.424394
32,18,293.446399
-63,13,293.462403
38,12,293.478407
36,14,293.497411
35,15,293.518416
39,11,293.53142
40,10,293.547423
36,14,293.564426
-58,8,293.575428
38,12,293.591432
42,8,293.603435
-61,11,293.618438
39,11,293.632441
40,10,293.644444
38,12,293.661448
40,10,293.676451
-57,7,293.686453
-57,7,293.694455
-52,2,293.699456
37,13,293.716461
-60,10,293.730464
41,9,293.742466
38,12,293.75947
-58,8,293.770473
30,20,293.793477
42,8,293.806481
32,18,293.828485
39,11,293.843489
-54,4,293.84949
-54,4,293.855492
37,13,293.871495
-60,10,293.886498
-60,10,293.896501
41,9,293.911504
42,8,293.923507
32,18,293.945512
33,17,293.967517
42,8,293.97852
-57,7,293.988522
-58,8,293.998524
-56,6,294.007526
40,10,294.021529
-59,9,294.032531
-72,22,294.060538
-52,2,294.062538
32,18,294.087544
-52,2,294.089544
42,8,294.101547
41,9,294.11655
38,12,294.131554
32,18,294.15456
41,9,294.166562
42,8,294.178565
37,13,294.196568
37,13,294.213572
36,14,294.229576
42,8,294.241579
41,9,294.255582
34,16,294.277587
36,14,294.299591
35,15,294.326598
42,8,294.341601
40,10,294.360605
41,9,294.38161
-58,8,294.393613
42,8,294.407616
-58,8,294.421619
38,12,294.441623
40,10,294.457627
40,10,294.473631
25,25,294.509639
-54,4,294.516641
32,18,294.541646
39,11,294.55965
40,10,294.580655
36,14,294.60366
-63,13,294.623665
29,21,294.656672
40,10,294.673676
42,8,294.686679
-53,3,294.69268
26,24,294.726688
-52,2,294.728688
42,8,294.744692
42,8,294.758695
-55,5,294.770698
37,13,294.789702
-54,4,294.795703
-59,9,294.807706
36,14,294.831712
42,8,294.846715
-52,2,294.848716
42,8,294.864719
-56,6,294.873721
38,12,294.895726
-55,5,294.90373
38,12,294.927738
39,11,294.945742
36,14,294.963749
-57,7,294.974752
38,12,294.992755
38,12,295.010764
39,11,295.025768
-52,2,295.027768
42,8,295.039771
-59,9,295.051776
38,12,295.068781
36,14,295.089786
38,12,295.107318
-58,8,295.11832
35,15,295.140329
42,8,295.152332
38,12,295.170336
40,10,295.183339
33,17,295.204343
-59,9,295.217346
40,10,295.230349
-57,7,295.240351
40,10,295.253354
42,8,295.265357
40,10,295.27936
38,12,295.296364
40,10,295.309367
-56,6,295.319369
-54,4,295.32437
39,11,295.340376
-64,14,295.35838
35,15,295.378384
-56,6,295.388386
38,12,295.405391
42,8,295.417394
39,11,295.432397
40,10,295.4484
42,8,295.458402
40,10,295.471405
-56,6,295.481407
-58,8,295.49141
35,15,295.508413
-52,2,295.513415
42,8,295.524417
38,12,295.540421
38,12,295.556424
36,14,295.575428
32,18,295.599434
40,10,295.613438
32,18,295.636443
40,10,295.650446
39,11,295.665449
28,22,295.696456
36,14,295.71446
40,10,295.730464
30,20,295.755469
-52,2,295.75747
39,11,295.773474
35,15,295.793478
39,11,295.806604
-55,5,295.816607
23,27,295.849614
36,14,295.869618
34,16,295.892624
38,12,295.909627
39,11,295.924631
42,8,295.936634
40,10,295.949637
38,12,295.96564
-61,11,295.980643
42,8,295.992646
39,11,296.007652
36,14,296.026656
-62,12,296.04266
38,12,296.059664
37,13,296.077668
42,8,296.08967
42,8,296.101674
34,16,296.122678
40,10,296.138824
38,12,296.153828
41,9,296.166831
39,11,296.182834
42,8,296.193836
38,12,296.20984
28,22,296.237846
-52,2,296.241847
41,9,296.254851
37,13,296.270854
34,16,296.292859
42,8,296.304862
40,10,296.319865
40,10,296.333868
38,12,296.349872
-54,4,296.355873
31,19,296.38388
30,20,296.410886
39,11,296.42689
35,15,296.446893
30,20,296.470899
40,10,296.484902
-59,9,296.495904
42,8,296.507907
-61,11,296.522911
38,12,296.538914
30,20,296.56392
37,13,296.579924
35,15,296.599928
-57,7,296.60993
37,13,296.626934
34,16,296.64994
-56,6,296.659942
34,16,296.681947
34,16,296.703951
36,14,296.721956
-55,5,296.728958
37,13,296.747961
38,12,296.763965
-55,5,296.769966
-54,4,296.774967
-59,9,296.78697
40,10,296.801975
40,10,296.815977
37,13,296.832981
38,12,296.849985
40,10,296.866117
-55,5,296.873118
42,8,296.884122
35,15,296.905125
36,14,296.92313
38,12,296.940133
23,27,296.976141
40,10,296.991145
-57,7,297.000147
28,22,297.029153
42,8,297.041156
31,19,297.065161
40,10,297.077164
-57,7,297.088167
38,12,297.105171
-57,7,297.117173
40,10,297.129176
40,10,297.14518
-56,6,297.152181
38,12,297.169185
40,10,297.183189
39,11,297.197191
40,10,297.212194
38,12,297.229199
38,12,297.246202
-58,8,297.256205
39,11,297.273209
-56,6,297.28021
31,19,297.305215
38,12,297.321219
-54,4,297.327221
40,10,297.340224
38,12,297.356227
42,8,297.369231
-56,6,297.378232
-55,5,297.385234
-58,8,297.395236
-56,6,297.405238
41,9,297.418241
36,14,297.436245
39,11,297.452249
-54,4,297.45725
39,11,297.472253
40,10,297.485256
38,12,297.501385
40,10,297.515388
-58,8,297.52639
40,10,297.538393
35,15,297.560398
38,12,297.577402
-56,6,297.586404
-60,10,297.599406
42,8,297.610409
-58,8,297.620412
35,15,297.642416
-64,14,297.65942
-55,5,297.668931
40,10,297.681427
40,10,297.697431
39,11,297.710433
42,8,297.722436
40,10,297.73744
36,14,297.753443
42,8,297.765446
31,19,297.790452
28,22,297.819459
38,12,297.835462
38,12,297.851466
32,18,297.87347
-58,8,297.884473
40,10,297.900476
-56,6,297.906478
30,20,297.931483
-74,24,297.96049
35,15,297.979494
-56,6,297.987496
-55,5,297.996498
40,10,298.007501
40,10,298.023504
-68,18,298.044509
33,17,298.065514
40,10,298.080517
42,8,298.09252
39,11,298.108524
38,12,298.125527
40,10,298.13953
42,8,298.151534
39,11,298.166537
-55,5,298.172538
42,8,298.184541
38,12,298.200545
-56,6,298.209547
34,16,298.229551
27,23,298.255556
39,11,298.27156
40,10,298.287564
-52,2,298.288564
40,10,298.304568
42,8,298.316571
42,8,298.329573
42,8,298.340575
40,10,298.354579
40,10,298.370582
-54,4,298.375583
42,8,298.387586
33,17,298.409591
40,10,298.423594
36,14,298.442598
36,14,298.459602
41,9,298.474606
42,8,298.485608
42,8,298.497612
40,10,298.509614
40,10,298.524617
41,9,298.53862
42,8,298.550623
38,12,298.567627
30,20,298.594633
42,8,298.606636
42,8,298.618638
38,12,298.634642
34,16,298.654647
38,12,298.66965
36,14,298.687654
41,9,298.701657
42,8,298.712659
41,9,298.723662
-54,4,298.729663
-58,8,298.739666
-54,4,298.746667
37,13,298.763671
-57,7,298.774673
38,12,298.791677
42,8,298.804683
42,8,298.815686
40,10,298.828689
38,12,298.845693
33,17,298.868822
-55,5,298.875823
-55,5,298.882825
42,8,298.893828
40,10,298.907831
42,8,298.919834
37,13,298.937838
39,11,298.951841
37,13,298.967844
41,9,298.979847
39,11,298.995851
34,16,299.015856
40,10,299.027858
42,8,299.03986
41,9,299.054865
40,10,299.067867
42,8,299.07987
36,14,299.098874
-60,10,299.110876
41,9,299.122879
-59,9,299.136885
-58,8,299.146887
-57,7,299.154889
39,11,299.170892
-54,4,299.175894
34,16,299.194898
40,10,299.210902
-56,6,299.219904
38,12,299.235907
38,12,299.252911
38,12,299.270915
39,11,299.286919
-55,5,299.29292
39,11,299.308924
38,12,299.324928
38,12,299.340931
36,14,299.357936
39,11,299.372938
40,10,299.386941
35,15,299.403946
-54,4,299.409947
40,10,299.42595
-58,8,299.435952
34,16,299.456957
42,8,299.46696
36,14,299.484964
-60,10,299.498966
-65,15,299.518971
42,8,299.530974
-57,7,299.539976
39,11,299.554979
-59,9,299.566982
37,13,299.584986
33,17,299.605991
38,12,299.621994
28,22,299.649
-58,8,299.658002
42,8,299.669005
40,10,299.685009
35,15,299.704013
42,8,299.715015
39,11,299.729018
-57,7,299.740021
36,14,299.759025
-58,8,299.769027
42,8,299.78103
40,10,299.794033
-56,6,299.804035
34,16,299.82604
-59,9,299.837043
36,14,299.855047
-56,6,299.864049
36,14,299.881052
38,12,299.897056
37,13,299.91606
40,10,299.928063
40,10,299.943067
36,14,299.961071
-62,12,299.977074
40,10,299.993078
32,18,300.015083
30,20,300.040089
34,16,300.061093
39,11,300.077097
40,10,300.090101
42,8,300.102102
32,18,300.126108
36,14,300.143112
38,12,300.160115
42,8,300.172118
40,10,300.187122
41,9,300.199125
-55,5,300.207126
37,13,300.225266
38,12,300.24327
-55,5,300.249272
42,8,300.261274
42,8,300.273276
42,8,300.285279
42,8,300.296282
39,11,300.311285
-56,6,300.319287
-56,6,300.327289
42,8,300.339291
-60,10,300.351294
-55,5,300.357295
41,9,300.371298
27,23,300.397304
40,10,300.412308
-54,4,300.417309
-60,10,300.429312
38,12,300.445315
39,11,300.461318
40,10,300.477323
38,12,300.494326
-58,8,300.506329
29,21,300.533335
34,16,300.55534
38,12,300.572344
-54,4,300.578345
39,11,300.593348
-54,4,300.599349
-60,10,300.610352
40,10,300.624355
37,13,300.640359
34,16,300.659363
40,10,300.672366
41,9,300.686369
40,10,300.699372
34,16,300.721377
40,10,300.737381
38,12,300.753385
40,10,300.766388
39,11,300.783392
39,11,300.799395
-55,5,300.805396
-54,4,300.811397
-52,2,300.812397
-55,5,300.8214
-54,4,300.827401
42,8,300.838403
42,8,300.850406
-56,6,300.858409
42,8,300.869411
40,10,300.884414
38,12,300.900418
40,10,300.914421
38,12,300.930424
40,10,300.946428
-57,7,300.953429
33,17,300.976435
35,15,300.994438
39,11,301.010442
31,19,301.035448
35,15,301.056453
41,9,301.067456
-58,8,301.078458
32,18,301.101463
30,20,301.126469
34,16,301.147473
32,18,301.171479
32,18,301.193484
-59,9,301.206486
41,9,301.21949
40,10,301.232492
-55,5,301.240495
36,14,301.259499
40,10,301.274502
42,8,301.286505
38,12,301.302508
38,12,301.318511
38,12,301.333516
41,9,301.345518
42,8,301.357521
-62,12,301.373524
40,10,301.386529
38,12,301.403533
40,10,301.420537
40,10,301.43354
-55,5,301.441541
-58,8,301.452544
32,18,301.474549
38,12,301.491553
36,14,301.511557
37,13,301.528562
42,8,301.539563
42,8,301.551566
36,14,301.56957
36,14,301.589575
40,10,301.602577
-54,4,301.60858
34,16,301.630584
40,10,301.645587
38,12,301.662591
39,11,301.677595
-54,4,301.683596
42,8,301.695598
-55,5,301.700599
35,15,301.723605
-54,4,301.728606
36,14,301.74561
-57,7,301.755612
36,14,301.772616
42,8,301.785619
33,17,301.808627
34,16,301.829632
-58,8,301.840635
34,16,301.861639
32,18,301.882759
-52,2,301.88676
-58,8,301.895762
41,9,301.907765
34,16,301.92877
32,18,301.950774
37,13,301.969779
40,10,301.981781
-55,5,301.987783
36,14,302.005787
37,13,302.022791
35,15,302.044796
-56,6,302.049797
-56,6,302.059799
39,11,302.073803
36,14,302.091806
40,10,302.10681
38,12,302.123813
-60,10,302.134816
-56,6,302.143818
38,12,302.159822
-56,6,302.168482
-58,8,302.178826
40,10,302.194829
42,8,302.206832
-54,4,302.211833
34,16,302.232838
42,8,302.24384
38,12,302.260844
36,14,302.278848
38,12,302.293852
39,11,302.308855
-67,17,302.329859
-55,5,302.336861
38,12,302.353865
41,9,302.368869
33,17,302.388873
-56,6,302.395875
36,14,302.41688
-55,5,302.422882
38,12,302.439884
42,8,302.451887
-54,4,302.457889
36,14,302.476893
37,13,302.494897
40,10,302.509045
-55,5,302.519047
37,13,302.535051
40,10,302.548054
35,15,302.568059
30,20,302.592064
39,11,302.606067
-57,7,302.616069
38,12,302.632073
-56,6,302.639074
34,16,302.660079
-55,5,302.66608
-57,7,302.675083
36,14,302.696087
40,10,302.71009
-54,4,302.716092
40,10,302.731095
34,16,302.7511
41,9,302.763102
40,10,302.776105
40,10,302.791108
42,8,302.803111
-58,8,302.814114
36,14,302.831118
38,12,302.847124
-54,4,302.854125
36,14,302.87313
-54,4,302.878131
36,14,302.896135
-54,4,302.903136
38,12,302.91914
38,12,302.937144
40,10,302.952272
38,12,302.968275
-58,8,302.980278
38,12,302.996281
36,14,303.014286
-58,8,303.024288
34,16,303.046293
-58,8,303.057296
-54,4,303.064297
34,16,303.085301
38,12,303.100305
36,14,303.12131
-62,12,303.137313
41,9,303.149316
39,11,303.164319
-57,7,303.175322
38,12,303.192326
40,10,303.205329
40,10,303.220332
38,12,303.235335
-54,4,303.241337
41,9,303.253339
-54,4,303.259341
-55,5,303.266343
35,15,303.287347
40,10,303.30135
36,14,303.321355
42,8,303.332357
42,8,303.344361
-58,8,303.355362
36,14,303.374367
34,16,303.396371
-57,7,303.406374
40,10,303.421377
40,10,303.43538
39,11,303.450384
36,14,303.467388
40,10,303.482391
-56,6,303.490392
37,13,303.509397
-56,6,303.516399
36,14,303.539404
38,12,303.555407
42,8,303.56841
38,12,303.583415
36,14,303.600418
39,11,303.617422
-57,7,303.627424
34,16,303.648428
40,10,303.660431
-56,6,303.671433
40,10,303.683437
38,12,303.69944
40,10,303.715443
40,10,303.728447
31,19,303.754452
42,8,303.767456
41,9,303.779458
34,16,303.801463
42,8,303.812465
-59,9,303.824468
-55,5,303.83347
41,9,303.845473
42,8,303.857475
38,12,303.873479
-54,4,303.87948
42,8,303.891483
40,10,303.903486
33,17,303.926491
31,19,303.948496
-61,11,303.9645
-61,11,303.978503
40,10,303.992506
38,12,304.00951
33,17,304.033515
39,11,304.046519
-58,8,304.058521
40,10,304.072524
40,10,304.086527
36,14,304.105531
-56,6,304.112533
38,12,304.128536
37,13,304.14654
38,12,304.161544
40,10,304.174548
39,11,304.190551
37,13,304.206555
38,12,304.223558
-58,8,304.23356
38,12,304.249564
36,14,304.271568
42,8,304.282571
-55,5,304.289572
35,15,304.309577
40,10,304.323717
-59,9,304.33372
-55,5,304.342721
40,10,304.353723
-57,7,304.362726
41,9,304.374728
38,12,304.391732
42,8,304.402735
36,14,304.421739
36,14,304.439743
42,8,304.450746
39,11,304.466749
-60,10,304.478752
39,11,304.494755
-58,8,304.505758
39,11,304.520761
39,11,304.537765
37,13,304.554769
38,12,304.570772
-55,5,304.577774
41,9,304.590777
38,12,304.607781
35,15,304.627785
-54,4,304.632787
40,10,304.64779
-55,5,304.655792
40,10,304.666795
34,16,304.6908
-54,4,304.695801
-56,6,304.705803
34,16,304.727808
25,25,304.759815
38,12,304.775819
38,12,304.791822
42,8,304.804825
41,9,304.815828
38,12,304.831831
40,10,304.845835
29,21,304.87184
41,9,304.882843
33,17,304.906848
41,9,304.918851
38,12,304.933854
-54,4,304.939856
40,10,304.952859
-58,8,304.963861
40,10,304.978864
38,12,304.996868
40,10,305.009871
38,12,305.026875
36,14,305.04688
36,14,305.063884
42,8,305.075886
42,8,305.087889
38,12,305.103892
40,10,305.119896
38,12,305.1369
38,12,305.153904
38,12,305.169907
-54,4,305.174908
42,8,305.185911
41,9,305.198914
41,9,305.210917
42,8,305.222919
33,17,305.248925
-54,4,305.254927
42,8,305.26693
34,16,305.286934
42,8,305.299937
37,13,305.316941
42,8,305.326943
33,17,305.348948
36,14,305.366952
36,14,305.384956
37,13,305.40196
42,8,305.412962
38,12,305.429966
38,12,305.44697
39,11,305.462973
40,10,305.477977
40,10,305.49098
42,8,305.502982
19,31,305.541991
38,12,305.558995
40,10,305.571998
38,12,305.588002
38,12,305.605005
38,12,305.622009
42,8,305.634012
41,9,305.648015
41,9,305.659018
41,9,305.67102
40,10,305.687024
34,16,305.708028
35,15,305.728033
42,8,305.740036
38,12,305.756039
40,10,305.771043
38,12,305.788046
42,8,305.80005
36,14,305.817054
36,14,305.837058
-54,4,305.842059
33,17,305.865064
-53,3,305.869065
34,16,305.89107
36,14,305.907073
-55,5,305.915075
34,16,305.93708
28,22,305.963086
40,10,305.97809
-55,5,305.986091
42,8,305.996093
42,8,306.009097
31,19,306.035102
40,10,306.048105
40,10,306.064109
38,12,306.079243
37,13,306.096247
36,14,306.113251
40,10,306.128254
42,8,306.139257
40,10,306.15226
42,8,306.163262
36,14,306.182267
35,15,306.202271
37,13,306.218275
42,8,306.230278
37,13,306.247281
42,8,306.260287
-55,5,306.266288
-56,6,306.27629
-60,10,306.289293
29,21,306.3183
-55,5,306.324301
35,15,306.344306
32,18,306.36331
42,8,306.375312
34,16,306.398318
38,12,306.414321
40,10,306.429325
-56,6,306.436327
40,10,306.45133
-55,5,306.457332
37,13,306.474335
40,10,306.489339
37,13,306.505342
-56,6,306.512343
36,14,306.531348
40,10,306.544351
32,18,306.570356
-56,6,306.577358
41,9,306.591361
-56,6,306.598363
-55,5,306.604364
40,10,306.620368
-55,5,306.626369
-57,7,306.636371
38,12,306.653375
36,14,306.670379
37,13,306.690383
39,11,306.704386
37,13,306.725391
33,17,306.748397
42,8,306.759399
40,10,306.773403
40,10,306.788405
38,12,306.80641
36,14,306.824414
38,12,306.841418
41,9,306.85542
38,12,306.871424
38,12,306.887428
34,16,306.908433
39,11,306.922436
-57,7,306.933439
39,11,306.948442
33,17,306.970447
41,9,306.981449
34,16,307.003454
39,11,307.021458
40,10,307.036586
40,10,307.048589
33,17,307.070594
-58,8,307.081596
-59,9,307.094599
38,12,307.110602
-58,8,307.120605
37,13,307.136608
39,11,307.152612
38,12,307.168615
42,8,307.180618
40,10,307.192621
36,14,307.213626
42,8,307.225628
40,10,307.239632
38,12,307.255635
-54,4,307.261636
41,9,307.273639
42,8,307.284642
40,10,307.300645
34,16,307.32065
39,11,307.336653
40,10,307.349656
-57,7,307.358658
-62,12,307.373662
-56,6,307.381664
40,10,307.396667
40,10,307.40967
40,10,307.423673
42,8,307.434675
-58,8,307.445678
39,11,307.460681
-57,7,307.468683
40,10,307.484687
40,10,307.497689
40,10,307.512693
38,12,307.528697
-54,4,307.534698
38,12,307.551702
32,18,307.573706
40,10,307.58971
41,9,307.601713
-56,6,307.611715
36,14,307.629719
38,12,307.646723
-56,6,307.654725
-56,6,307.661726
35,15,307.681731
32,18,307.704736
35,15,307.725741
40,10,307.740744
38,12,307.758749
40,10,307.770751
-61,11,307.785754
42,8,307.797757
38,12,307.814761
42,8,307.825763
35,15,307.845768
40,10,307.858771
40,10,307.874774
39,11,307.886778
36,14,307.906782
30,20,307.932788
-54,4,307.938789
38,12,307.954792
-55,5,307.960794
42,8,307.972927
-54,4,307.978928
30,20,308.004934
-57,7,308.013937
38,12,308.03194
41,9,308.043943
38,12,308.060947
33,17,308.082952
34,16,308.103956
37,13,308.12196
40,10,308.135963
42,8,308.146966
32,18,308.169971
32,18,308.193977
38,12,308.210981
-52,2,308.214981
26,24,308.244988
38,12,308.261992
-55,5,308.268994
-60,10,308.279996
35,15,308.300001
40,10,308.315004
41,9,308.327007
-58,8,308.338009
38,12,308.354013
-58,8,308.364015
36,14,308.38202
41,9,308.396022
39,11,308.409183
39,11,308.426186
35,15,308.448191
39,11,308.464195
42,8,308.475197
38,12,308.492201
40,10,308.505204
36,14,308.525209
42,8,308.538211
27,23,308.566218
39,11,308.582221
34,16,308.602226
40,10,308.618229
38,12,308.635233
39,11,308.649237
-66,16,308.671242
42,8,308.683247
-57,7,308.692248
-55,5,308.69925
30,20,308.725257
-62,12,308.742262
42,8,308.754264
-56,6,308.764267
-65,15,308.785272
-53,3,308.787272
40,10,308.802275
38,12,308.819279
39,11,308.835282
39,11,308.848285
-53,3,308.852286
42,8,308.864289
-54,4,308.870291
39,11,308.885293
-58,8,308.895296
-54,4,308.901297
-59,9,308.9123
-56,6,308.922302
40,10,308.935305
38,12,308.951308
42,8,308.963311
-59,9,308.975314
-52,2,308.979315
40,10,308.992317
-52,2,308.997319
36,14,309.015323
40,10,309.030326
42,8,309.041329
36,14,309.058336
35,15,309.07734
42,8,309.089343
42,8,309.100346
41,9,309.112348
35,15,309.131353
42,8,309.143355
-57,7,309.153357
42,8,309.16536
-56,6,309.172361
42,8,309.184364
40,10,309.199368
41,9,309.21037
42,8,309.222373
40,10,309.237376
40,10,309.251379
42,8,309.263382
36,14,309.283387
-52,2,309.285387
16,34,309.328396
-54,4,309.333397
-60,10,309.3464
36,14,309.366406
36,14,309.384409
40,10,309.400413
39,11,309.413415
36,14,309.433421
24,26,309.464427
-58,8,309.476432
40,10,309.492435
42,8,309.504438
37,13,309.521442
-58,8,309.533445
-60,10,309.547448
42,8,309.559451
-60,10,309.572453
40,10,309.587457
33,17,309.608462
37,13,309.625466
42,8,309.636468
-54,4,309.641469
35,15,309.661474
42,8,309.672476
-59,9,309.682478
-58,8,309.692481
41,9,309.705483
-57,7,309.715486
-56,6,309.725488
-56,6,309.732489
40,10,309.747493
40,10,309.760617
-57,7,309.77062
41,9,309.782622
34,16,309.804626
40,10,309.81963
30,20,309.845636
40,10,309.857638
40,10,309.872642
39,11,309.886646
40,10,309.90165
40,10,309.912653
40,10,309.928657
40,10,309.94266
40,10,309.957663
37,13,309.975667
-55,5,309.982669
40,10,309.998673
37,13,310.015676
-54,4,310.021678
38,12,310.038682
42,8,310.050685
-56,6,310.060687
36,14,310.078813
38,12,310.094816
38,12,310.11182
-58,8,310.123823
41,9,310.134825
36,14,310.15783
42,8,310.168833
-58,8,310.179835
-55,5,310.184836
40,10,310.20084
-58,8,310.211843
-54,4,310.217844
42,8,310.228849
30,20,310.256855
-58,8,310.267858
-55,5,310.273859
-61,11,310.289862
35,15,310.307867
37,13,310.326872
-56,6,310.334872
38,12,310.351876
-56,6,310.360878
40,10,310.372881
38,12,310.389885
41,9,310.401887
36,14,310.420892
39,11,310.436895
38,12,310.4549
41,9,310.467903
-60,10,310.478905
-54,4,310.484906
38,12,310.50191
32,18,310.525916
41,9,310.537919
38,12,310.553922
-56,6,310.563924
42,8,310.575927
-55,5,310.581928
36,14,310.598932
40,10,310.614936
37,13,310.632941
42,8,310.643942
42,8,310.653944
40,10,310.668948
29,21,310.696955
-57,7,310.706957
42,8,310.719959
38,12,310.734963
36,14,310.753967
-55,5,310.759968
34,16,310.781973
34,16,310.802978
41,9,310.816981
-69,19,310.838986
33,17,310.864992
42,8,310.875994
40,10,310.889998
40,10,310.905002
42,8,310.917004
34,16,310.939008
40,10,310.952012
38,12,310.969016
42,8,310.979017
-61,11,310.994021
38,12,311.012025
40,10,311.025028
42,8,311.037031
40,10,311.052034
42,8,311.063037
-55,5,311.069038
38,12,311.086042
35,15,311.106046
40,10,311.119182
38,12,311.135186
39,11,311.15119
-62,12,311.167193
34,16,311.188198
38,12,311.205201
36,14,311.225206
40,10,311.237209
-55,5,311.24421
40,10,311.259214
36,14,311.277218
-56,6,311.28722
41,9,311.299223
34,16,311.322228
42,8,311.33223
36,14,311.353236
35,15,311.372239
35,15,311.394245
37,13,311.412249
-55,5,311.423251
-53,3,311.425251
42,8,311.437255
41,9,311.454257
-54,4,311.460259
42,8,311.474262
38,12,311.491266
39,11,311.504269
35,15,311.525274
40,10,311.539277
40,10,311.553281
32,18,311.579286
-55,5,311.585287
40,10,311.59829
-60,10,311.613294
-56,6,311.620296
-54,4,311.625296
-59,9,311.6403
34,16,311.662469
42,8,311.674472
39,11,311.688475
-56,6,311.697477
40,10,311.71148
-58,8,311.722483
42,8,311.735486
38,12,311.75249
38,12,311.769494
36,14,311.789498
42,8,311.8005
-57,7,311.810503
38,12,311.827507
-54,4,311.833508
42,8,311.844511
-54,4,311.850512
40,10,311.863515
38,12,311.880518
42,8,311.892521
-58,8,311.903524
42,8,311.91553
38,12,311.931533
-58,8,311.943536
42,8,311.954539
24,26,311.989546
-61,11,312.000549
34,16,312.023554
38,12,312.040558
41,9,312.054561
40,10,312.067564
39,11,312.082568
-59,9,312.09357
40,10,312.107573
42,8,312.119576
42,8,312.131578
38,12,312.148582
42,8,312.160585
34,16,312.18259
39,11,312.196593
25,25,312.2306
40,10,312.242604
-59,9,312.253606
42,8,312.264608
39,11,312.281612
-64,14,312.300616
-56,6,312.307618
-64,14,312.326622
42,8,312.338625
-59,9,312.350628
-57,7,312.36163
-56,6,312.367632
32,18,312.395638
32,18,312.416643
40,10,312.431646
38,12,312.448649
38,12,312.466655
-60,10,312.478657
40,10,312.494789
36,14,312.512793
-60,10,312.526796
40,10,312.538798
40,10,312.554802
39,11,312.567805
-58,8,312.577808
-54,4,312.583808
40,10,312.599812
-60,10,312.611815
42,8,312.623817
36,14,312.645823
38,12,312.662827
42,8,312.672828
40,10,312.685832
40,10,312.701835
40,10,312.714838
41,9,312.729842
42,8,312.740844
-55,5,312.747845
32,18,312.769851
-59,9,312.782854
42,8,312.793856
37,13,312.810859
34,16,312.833865
-61,11,312.850086
40,10,312.862873
-57,7,312.873876
39,11,312.888879
32,18,312.910884
39,11,312.927888
33,17,312.949894
38,12,312.964896
38,12,312.9819
-58,8,312.991903
37,13,313.009907
40,10,313.02591
-60,10,313.037913
-54,4,313.043914
-56,6,313.052916
42,8,313.064919
42,8,313.076922
-56,6,313.083924
-59,9,313.097926
41,9,313.109929
41,9,313.122932
39,11,313.139936
39,11,313.154939
-57,7,313.162941
39,11,313.178945
32,18,313.20395
40,10,313.217954
42,8,313.228956
41,9,313.240959
42,8,313.252961
37,13,313.271966
42,8,313.283968
42,8,313.295971
-57,7,313.303973
40,10,313.317976
40,10,313.33098
40,10,313.345984
41,9,313.357987
42,8,313.36999
40,10,313.384993
40,10,313.399997
42,8,313.410999
40,10,313.426003
40,10,313.439006
40,10,313.455009
-52,2,313.457009
42,8,313.468012
-55,5,313.474013
34,16,313.496018
40,10,313.511021
38,12,313.527025
37,13,313.544029
33,17,313.564034
-63,13,313.585038
-52,2,313.586038
-56,6,313.595041
41,9,313.607043
-62,12,313.622046
37,13,313.640051
40,10,313.656054
32,18,313.68006
-57,7,313.689061
42,8,313.702064
-56,6,313.709067
42,8,313.720069
42,8,313.731071
42,8,313.744074
40,10,313.758078
38,12,313.775081
35,15,313.795086
41,9,313.808089
34,16,313.830094
35,15,313.852252
37,13,313.870255
-59,9,313.880258
40,10,313.897261
42,8,313.908264
40,10,313.921267
-52,2,313.925267
-56,6,313.932269
-52,2,313.93627
42,8,313.947273
37,13,313.965277
39,11,313.98028
-56,6,313.987282
37,13,314.005285
40,10,314.020289
-58,8,314.031292
38,12,314.047295
42,8,314.058298
-57,7,314.0693
39,11,314.082303
42,8,314.093306
42,8,314.105308
38,12,314.124313
38,12,314.140316
40,10,314.15632
42,8,314.168322
41,9,314.180325
40,10,314.195328
-52,2,314.197329
40,10,314.212332
38,12,314.229336
34,16,314.250342
41,9,314.262343
42,8,314.274346
36,14,314.29135
40,10,314.307353
42,8,314.318356
38,12,314.33536
42,8,314.348363
-58,8,314.358365
-59,9,314.371368
-60,10,314.386372
42,8,314.399374
38,12,314.415378
38,12,314.432382
-55,5,314.438383
40,10,314.452387
-58,8,314.462389
42,8,314.474392
-52,2,314.478392
-55,5,314.485394
42,8,314.496396
39,11,314.5124
42,8,314.524403
41,9,314.536406
-54,4,314.542407
-55,5,314.548408
40,10,314.564412
-52,2,314.566412
38,12,314.583416
-55,5,314.592418
-54,4,314.598419
39,11,314.612422
41,9,314.627426
-59,9,314.638429
-54,4,314.64443
-52,2,314.64643
41,9,314.660433
-58,8,314.671436
40,10,314.684439
30,20,314.709445
29,21,314.738451
-57,7,314.748453
-58,8,314.759455
41,9,314.771458
40,10,314.786462
40,10,314.799465
34,16,314.82147
42,8,314.833472
40,10,314.849476
38,12,314.86648
36,14,314.884484
40,10,314.900487
38,12,314.916492
-54,4,314.922493
35,15,314.942497
41,9,314.9555
-52,2,314.9575
-56,6,314.966503
42,8,314.978505
-55,5,314.984507
-62,12,315.00051
-55,5,315.006511
36,14,315.025518
40,10,315.038521
38,12,315.055525
-54,4,315.061526
40,10,315.07653
-54,4,315.083532
-57,7,315.093533
42,8,315.106536
34,16,315.126541
35,15,315.145545
-57,7,315.156547
34,16,315.175552
-58,8,315.187555
34,16,315.208685
-55,5,315.215688
42,8,315.227691
38,12,315.245695
40,10,315.260698
34,16,315.280703
42,8,315.292705
-62,12,315.309709
42,8,315.321712
-57,7,315.331714
-54,4,315.337715
-54,4,315.343717
38,12,315.35972
-65,15,315.377724
36,14,315.397731
39,11,315.414736
37,13,315.430739
34,16,315.451743
-60,10,315.465747
-59,9,315.47975
-56,6,315.487751
38,12,315.504755
40,10,315.519758
40,10,315.533762
39,11,315.550766
42,8,315.561768
39,11,315.578772
-58,8,315.589774
-54,4,315.594775
42,8,315.605778
36,14,315.623782
-60,10,315.636785
38,12,315.653789
36,14,315.672793
40,10,315.686796
39,11,315.699799
40,10,315.715803
39,11,315.731807
40,10,315.743809
36,14,315.766485
-58,8,315.776816
39,11,315.79082
35,15,315.814826
42,8,315.825827
-63,13,315.843832
38,12,315.859835
41,9,315.874839
36,14,315.892843
-62,12,315.907846
-52,2,315.911847
-55,5,315.918849
41,9,315.930851
28,22,315.959857
36,14,315.977862
39,11,315.993868
-52,2,315.995868
41,9,316.010872
39,11,316.024875
42,8,316.036878
-54,4,316.042879
40,10,316.057882
34,16,316.078887
42,8,316.09089
-58,8,316.101892
40,10,316.115896
35,15,316.1359
-56,6,316.144902
42,8,316.157905
40,10,316.170908
42,8,316.183911
40,10,316.198914
42,8,316.208916
40,10,316.22292
-58,8,316.234922
40,10,316.249926
38,12,316.26693
-58,8,316.277932
-54,4,316.282933
34,16,316.303937
41,9,316.31494
42,8,316.326943
-56,6,316.332944
37,13,316.353949
37,13,316.371953
42,8,316.382956
-57,7,316.393958
34,16,316.414963
38,12,316.432967
-59,9,316.443969
41,9,316.455972
41,9,316.468975
42,8,316.479977
33,17,316.503983
42,8,316.515986
42,8,316.526988
-56,6,316.53399
38,12,316.549993
34,16,316.569998
34,16,316.592137
-52,2,316.596137
-54,4,316.602138
30,20,316.628144
40,10,316.641147
40,10,316.657151
38,12,316.674155
-52,2,316.676155
-59,9,316.687157
37,13,316.707162
33,17,316.728166
-61,11,316.74317
40,10,316.756173
40,10,316.771176
-60,10,316.78318
40,10,316.798182
-58,8,316.810186
40,10,316.823188
40,10,316.839192
36,14,316.857196
40,10,316.873199
40,10,316.886202
41,9,316.899205
40,10,316.914209
-52,2,316.91621
-56,6,316.925211
42,8,316.937214
-58,8,316.948348
38,12,316.965352
34,16,316.984356
38,12,317.00036
40,10,317.013363
-57,7,317.023365
40,10,317.038369
42,8,317.04837
-55,5,317.054372
42,8,317.065374
42,8,317.076377
-56,6,317.084379
37,13,317.105383
39,11,317.118387
40,10,317.133389
-52,2,317.135391
38,12,317.151393
42,8,317.162396
42,8,317.174399
-56,6,317.185403
33,17,317.206409
36,14,317.226413
42,8,317.238416
-56,6,317.245418
-62,12,317.260421
42,8,317.272424
-54,4,317.278426
37,13,317.294429
42,8,317.305431
-54,4,317.312433
38,12,317.329436
41,9,317.34544
42,8,317.357443
42,8,317.368445
40,10,317.381448
39,11,317.397452
-56,6,317.404453
-57,7,317.413455
29,21,317.440461
38,12,317.457465
40,10,317.473469
42,8,317.484471
35,15,317.505476
-56,6,317.512478
42,8,317.524481
-57,7,317.534483
38,12,317.549487
-57,7,317.559488
40,10,317.572491
40,10,317.587494
38,12,317.603498
42,8,317.616502
42,8,317.626503
-53,3,317.628504
-55,5,317.637506
-57,7,317.645508
-56,6,317.65451
-55,5,317.660511
34,16,317.681516
42,8,317.692518
38,12,317.708522
-58,8,317.720524
40,10,317.735528
40,10,317.747531
41,9,317.758534
40,10,317.774537
-54,4,317.781539
35,15,317.800543
40,10,317.813545
-59,9,317.825548
-57,7,317.835551
42,8,317.847553
40,10,317.862557
-59,9,317.873559
40,10,317.886563
-58,8,317.897564
42,8,317.908567
38,12,317.925571
38,12,317.940694
-55,5,317.949697
40,10,317.962699
42,8,317.974704
42,8,317.986706
39,11,318.00271
42,8,318.014714
42,8,318.026715
39,11,318.042719
-55,5,318.049721
40,10,318.061723
37,13,318.080728
36,14,318.099732
40,10,318.114735
36,14,318.130739
42,8,318.141741
41,9,318.153744
39,11,318.169748
-52,2,318.173748
40,10,318.186751
-54,4,318.192753
-57,7,318.202755
-56,6,318.210758
-54,4,318.216758
38,12,318.233762
-52,2,318.237763
-57,7,318.247765
37,13,318.264769
36,14,318.283773
37,13,318.304778
40,10,318.316781
-52,2,318.320781
-54,4,318.325783
42,8,318.337785
40,10,318.350789
-61,11,318.364792
-56,6,318.372793
34,16,318.393798
-57,7,318.4028
-57,7,318.412802
-52,2,318.414803
40,10,318.430806
40,10,318.44381
42,8,318.455812
-62,12,318.471816
-63,13,318.49082
-56,6,318.498822
-60,10,318.512825
34,16,318.53383
36,14,318.549834
38,12,318.566837
-55,5,318.57384
-62,12,318.588842
38,12,318.605847
40,10,318.620849
38,12,318.636853
-58,8,318.648856
42,8,318.661859
36,14,318.677862
-55,5,318.687864
40,10,318.699867
40,10,318.715871
-64,14,318.730874
-56,6,318.740876
38,12,318.75788
-54,4,318.763881
36,14,318.780885
41,9,318.792888
-54,4,318.79789
40,10,318.812893
35,15,318.833898
-54,4,318.839899
42,8,318.851901
40,10,318.864903
41,9,318.87701
33,17,318.902034
-54,4,318.908035
-54,4,318.915037
42,8,318.926039
-61,11,318.939042
-54,4,318.945044
38,12,318.962047
36,14,318.982052
38,12,318.997056
40,10,319.010058
38,12,319.027062
40,10,319.042066
-60,10,319.054068
42,8,319.066071
40,10,319.082075
42,8,319.094077
39,11,319.109081
37,13,319.126084
42,8,319.139087
41,9,319.15209
40,10,319.166094
38,12,319.184098
-53,3,319.186098
42,8,319.198101
40,10,319.212104
38,12,319.230108
37,13,319.247112
37,13,319.264115
40,10,319.280119
38,12,319.296123
38,12,319.313127
39,11,319.32913
37,13,319.346134
38,12,319.363138
-56,6,319.37014
40,10,319.385143
-54,4,319.391144
34,16,319.412149
38,12,319.429153
34,16,319.450158
-52,2,319.452158
42,8,319.46316
42,8,319.475163
42,8,319.487166
35,15,319.50717
41,9,319.519173
42,8,319.530176
38,12,319.545179
36,14,319.566183
42,8,319.577186
-56,6,319.583188
41,9,319.598191
-58,8,319.609193
40,10,319.621196
42,8,319.633198
-56,6,319.642201
36,14,319.661205
38,12,319.678209
-52,2,319.68221
-54,4,319.687211
40,10,319.700214
38,12,319.718217
37,13,319.735222
42,8,319.747225
-55,5,319.756226
40,10,319.768229
38,12,319.784233
-62,12,319.800236
-52,2,319.804237
38,12,319.820241
40,10,319.833244
37,13,319.850248
38,12,319.866252
-59,9,319.880254
40,10,319.893257
-59,9,319.90526
42,8,319.917263
38,12,319.934267
36,14,319.955271
36,14,319.972275
40,10,319.989279
40,10,320.002282
38,12,320.020286
-66,16,320.040291
-59,9,320.055294
41,9,320.068296
40,10,320.079299
-58,8,320.091302
-52,2,320.096303
41,9,320.107306
38,12,320.124309
40,10,320.140313
-57,7,320.147314
-61,11,320.163318
40,10,320.178321
34,16,320.200327
42,8,320.212329
42,8,320.224332
42,8,320.237334
-52,2,320.239335
38,12,320.255339
-58,8,320.267342
36,14,320.287346
36,14,320.30435
40,10,320.320353
-56,6,320.327355
-61,11,320.342358
-54,4,320.34836
40,10,320.360362
41,9,320.375368
40,10,320.388371
40,10,320.402374
-60,10,320.415377
38,12,320.43238
-60,10,320.447384
36,14,320.465389
38,12,320.482392
-54,4,320.487393
40,10,320.503397
-55,5,320.510398
40,10,320.523401
-55,5,320.532403
36,14,320.549407
-57,7,320.560409
42,8,320.571412
-52,2,320.573412
-54,4,320.579414
38,12,320.595417
-60,10,320.610421
40,10,320.623424
33,17,320.646429
40,10,320.659432
-58,8,320.671434
36,14,320.691571
30,20,320.719577
37,13,320.735581
34,16,320.756586
40,10,320.770589
40,10,320.784592
-60,10,320.797595
-56,6,320.806597
40,10,320.8196
-58,8,320.830602
40,10,320.845606
-58,8,320.856608
40,10,320.869611
-59,9,320.883615
-54,4,320.889616
37,13,320.904619
38,12,320.920623
-54,4,320.925624
35,15,320.946629
33,17,320.968635
39,11,320.984638
40,10,320.99764
41,9,321.010643
-61,11,321.025646
-58,8,321.036649
40,10,321.051652
39,11,321.065656
38,12,321.082659
40,10,321.096663
40,10,321.109665
-68,18,321.135671
36,14,321.153675
-60,10,321.168678
37,13,321.185682
40,10,321.201686
38,12,321.21869
42,8,321.229692
-58,8,321.240694
-58,8,321.252697
-58,8,321.2637
40,10,321.276703
42,8,321.288706
-56,6,321.297708
39,11,321.31071
-60,10,321.324714
40,10,321.338717
42,8,321.34972
-57,7,321.360722
42,8,321.372725
42,8,321.384005
-62,12,321.399734
24,26,321.434741
42,8,321.445746
-58,8,321.456748
40,10,321.470751
42,8,321.482754
42,8,321.493757
42,8,321.504759
39,11,321.520762
38,12,321.536766
-54,4,321.542768
40,10,321.55477
39,11,321.569773
38,12,321.584777
40,10,321.599781
41,9,321.612783
42,8,321.623786
39,11,321.638789
40,10,321.650792
40,10,321.666924
-52,2,321.668923
-52,2,321.673924
-58,8,321.682927
38,12,321.69993
35,15,321.718935
-64,14,321.738939
38,12,321.754943
40,10,321.766946
-56,6,321.776948
37,13,321.793952
-62,12,321.809955
40,10,321.823958
38,12,321.839962
36,14,321.857966
28,22,321.886972
-56,6,321.894975
-58,8,321.905977
-54,4,321.911978
40,10,321.927982
-54,4,321.933984
42,8,321.946986
30,20,321.971992
42,8,321.983995
-56,6,321.990997
40,10,322.005999
35,15,322.024135
38,12,322.039139
-62,12,322.056142
-58,8,322.066145
36,14,322.086149
42,8,322.098152
27,23,322.128159
-59,9,322.139163
41,9,322.151166
42,8,322.162169
-55,5,322.168169
42,8,322.179172
38,12,322.195175
42,8,322.208178
41,9,322.222181
39,11,322.237185
42,8,322.247187
-59,9,322.261191
42,8,322.272193
-54,4,322.278194
22,28,322.310201
40,10,322.324204
35,15,322.34621
-54,4,322.351211
-52,2,322.353211
34,16,322.373216
40,10,322.38922
42,8,322.401222
31,19,322.428228
37,13,322.446232
40,10,322.458235
-57,7,322.469237
37,13,322.486241
38,12,322.501244
41,9,322.517248
37,13,322.534254
-56,6,322.541256
-58,8,322.553258
-52,2,322.557259
40,10,322.568261
-54,4,322.574263
-60,10,322.589266
42,8,322.601269
42,8,322.611271
-54,4,322.616273
34,16,322.638277
41,9,322.65128
40,10,322.666284
34,16,322.685288
34,16,322.706292
-59,9,322.718295
36,14,322.735299
40,10,322.749303
42,8,322.761305
40,10,322.773308
42,8,322.78431
-54,4,322.791312
40,10,322.806315
40,10,322.819318
-58,8,322.829321
32,18,322.854326
-56,6,322.862328
39,11,322.878331
36,14,322.898336
-55,5,322.905338
36,14,322.923342
-54,4,322.928343
-56,6,322.938345
39,11,322.955348
40,10,322.967352
34,16,322.988356
42,8,323.000359
-54,4,323.00536
32,18,323.030365
42,8,323.042368
-70,20,323.067374
-56,6,323.075376
40,10,323.089379
40,10,323.103382
36,14,323.123387
40,10,323.13639
-62,12,323.152393
40,10,323.168396
41,9,323.1814
-57,7,323.190402
34,16,323.212407
38,12,323.228411
42,8,323.240413
-63,13,323.255416
-52,2,323.257417
42,8,323.269419
-53,3,323.27342
-52,2,323.277421
-56,6,323.284423
34,16,323.305427
-54,4,323.312429
37,13,323.329433
42,8,323.341436
-54,4,323.347437
42,8,323.35844
-59,9,323.372443
37,13,323.390447
-54,4,323.39659
-61,11,323.410594
37,13,323.427597
42,8,323.437599
39,11,323.454603
42,8,323.466606
38,12,323.48361
40,10,323.496613
35,15,323.516617
34,16,323.536622
41,9,323.547624
-56,6,323.557627
42,8,323.56963
41,9,323.581632
40,10,323.594635
38,12,323.611638
38,12,323.628642
40,10,323.644646
36,14,323.66265
40,10,323.677653
40,10,323.690658
40,10,323.705662
42,8,323.717664
35,15,323.737669
40,10,323.750672
40,10,323.765676
34,16,323.78768
39,11,323.799684
34,16,323.819687
-54,4,323.824688
32,18,323.848694
36,14,323.867698
-60,10,323.882702
40,10,323.895704
36,14,323.915709
40,10,323.929712
40,10,323.945716
42,8,323.956718
-52,2,323.958719
42,8,323.969722
41,9,323.984724
38,12,324.000729
40,10,324.01273
40,10,324.028734
-58,8,324.038737
-54,4,324.044738
38,12,324.061744
42,8,324.073747
40,10,324.086749
38,12,324.103754
-57,7,324.113755
38,12,324.13176
42,8,324.142762
40,10,324.155765
-56,6,324.164767
28,22,324.191773
40,10,324.207777
42,8,324.219779
40,10,324.232783
-60,10,324.247786
41,9,324.259789
-57,7,324.269791
40,10,324.282794
34,16,324.305799
-55,5,324.313801
42,8,324.325803
-54,4,324.330805
38,12,324.347808
42,8,324.359811
38,12,324.375814
40,10,324.388817
36,14,324.407822
40,10,324.420951
37,13,324.437955
41,9,324.451958
42,8,324.463962
35,15,324.482966
31,19,324.507973
-54,4,324.513974
42,8,324.525977
-54,4,324.532979
36,14,324.551983
39,11,324.565986
-64,14,324.584991
-55,5,324.590993
40,10,324.604995
41,9,324.616997
-54,4,324.623
37,13,324.640002
34,16,324.661008
42,8,324.67301
-54,4,324.677011
-56,6,324.688014
40,10,324.700016
35,15,324.722021
41,9,324.735025
41,9,324.746027
-64,14,324.767031
-57,7,324.777036
42,8,324.789039
41,9,324.802042
34,16,324.823046
-57,7,324.833049
38,12,324.849052
40,10,324.862056
42,8,324.873058
-58,8,324.88306
-61,11,324.898063
38,12,324.915067
-56,6,324.922069
42,8,324.934072
42,8,324.946074
-55,5,324.954076
-56,6,324.962078
-54,4,324.968079
-62,12,324.983083
-59,9,324.997085
-57,7,325.007088
40,10,325.023092
38,12,325.039095
42,8,325.051098
41,9,325.063101
-54,4,325.069102
33,17,325.090107
-52,2,325.095108
38,12,325.109111
40,10,325.123114
-58,8,325.133116
36,14,325.152121
-55,5,325.158122
40,10,325.171125
38,12,325.188131
38,12,325.205135
-58,8,325.217138
39,11,325.233141
42,8,325.244144
36,14,325.265148
40,10,325.278152
32,18,325.304157
42,8,325.31716
-55,5,325.323162
38,12,325.339165
41,9,325.351168
36,14,325.370172
42,8,325.382175
-60,10,325.394178
39,11,325.410181
35,15,325.429185
42,8,325.441188
42,8,325.453191
40,10,325.465194
-56,6,325.474195
40,10,325.488199
41,9,325.500202
-58,8,325.511204
40,10,325.526207
42,8,325.53821
39,11,325.554214
38,12,325.571217
-55,5,325.577219
40,10,325.590222
-55,5,325.599224
37,13,325.616227
40,10,325.62823
-55,5,325.637232
-53,3,325.640233
42,8,325.651236
36,14,325.67024
38,12,325.687244
-57,7,325.697246
40,10,325.712249
42,8,325.722251
39,11,325.739255
42,8,325.750258
39,11,325.767262
38,12,325.784266
-54,4,325.790267
36,14,325.808271
34,16,325.827275
32,18,325.85128
42,8,325.863283
38,12,325.879287
-59,9,325.891289
-52,2,325.89229
40,10,325.906293
42,8,325.917296
41,9,325.929299
-56,6,325.9383
42,8,325.950303
40,10,325.962305
40,10,325.97931
40,10,325.991312
-60,10,326.005315
39,11,326.020319
40,10,326.035322
41,9,326.048325
41,9,326.061328
-56,6,326.06933
38,12,326.087334
41,9,326.099336
36,14,326.119341
36,14,326.135345
34,16,326.156349
42,8,326.167466
34,16,326.188488
40,10,326.203491
36,14,326.220495
36,14,326.2415
42,8,326.254503
39,11,326.267506
40,10,326.28351
41,9,326.294512
-56,6,326.304514
-62,12,326.320518
36,14,326.337522
40,10,326.352525
41,9,326.365528
40,10,326.378531
32,18,326.403536
-52,2,326.405536
41,9,326.41954
38,12,326.436543
41,9,326.448547
38,12,326.46455
40,10,326.478553
40,10,326.494557
42,8,326.505559
40,10,326.519562
40,10,326.534567
41,9,326.546569
-56,6,326.555573
-54,4,326.561575
42,8,326.573577
38,12,326.590581
38,12,326.607585
-54,4,326.613587
42,8,326.624589
42,8,326.637592
-52,2,326.638592
-56,6,326.649595
40,10,326.661597
37,13,326.679601
40,10,326.695605
38,12,326.712609
41,9,326.724611
40,10,326.740615
-62,12,326.756618
-60,10,326.767621
42,8,326.780624
-54,4,326.786625
40,10,326.801628
-57,7,326.809631
36,14,326.829635
42,8,326.841638
42,8,326.85264
-58,8,326.862642
-54,4,326.868644
42,8,326.879646
38,12,326.894649
38,12,326.911653
40,10,326.924656
38,12,326.94166
40,10,326.958664
36,14,326.976668
38,12,326.993672
42,8,327.005794
38,12,327.021798
38,12,327.038801
40,10,327.053805
42,8,327.064808
39,11,327.079811
-54,4,327.085812
38,12,327.101815
42,8,327.113819
38,12,327.129822
-52,2,327.131823
-58,8,327.142826
39,11,327.157828
38,12,327.172832
41,9,327.184834
-55,5,327.191836
38,12,327.20884
39,11,327.224844
40,10,327.238847
38,12,327.25585
34,16,327.277855
-54,4,327.283857
38,12,327.300861
35,15,327.318865
40,10,327.333869
42,8,327.34487
41,9,327.356875
39,11,327.372879
40,10,327.386882
40,10,327.401886
42,8,327.412888
38,12,327.429893
40,10,327.441895
-56,6,327.451897
32,18,327.474902
38,12,327.492042
-55,5,327.501044
42,8,327.512046
-55,5,327.519048
40,10,327.532051
40,10,327.548054
38,12,327.565058
-55,5,327.571059
38,12,327.587063
42,8,327.599066
-58,8,327.609068
40,10,327.625072
-56,6,327.632074
38,12,327.649077
-55,5,327.657079
-56,6,327.665081
42,8,327.677083
38,12,327.694087
38,12,327.711091
38,12,327.728094
42,8,327.741098
41,9,327.753101
-54,4,327.758101
40,10,327.774105
41,9,327.786108
40,10,327.799111
34,16,327.821116
36,14,327.84112
41,9,327.853123
30,20,327.878128
36,14,327.898133
42,8,327.910136
34,16,327.931141
40,10,327.943143
40,10,327.959147
33,17,327.982152
40,10,327.995307
42,8,328.00716
42,8,328.018162
35,15,328.038167
38,12,328.056171
34,16,328.077176
40,10,328.092179
-52,2,328.093179
-55,5,328.101181
-60,10,328.114184
39,11,328.130188
32,18,328.151193
40,10,328.167197
41,9,328.179199
35,15,328.199203
-52,2,328.201204
42,8,328.214207
41,9,328.225209
-57,7,328.236212
40,10,328.253216
37,13,328.269219
39,11,328.286223
42,8,328.297225
-58,8,328.307227
42,8,328.318231
40,10,328.331233
-55,5,328.337234
42,8,328.349237
38,12,328.36424
36,14,328.384245
-56,6,328.391247
38,12,328.40725
-57,7,328.417252
39,11,328.433256
36,14,328.45126
42,8,328.463263
40,10,328.479269
-58,8,328.490271
35,15,328.510275
37,13,328.528279
-56,6,328.536282
40,10,328.551285
-54,4,328.556286
40,10,328.568289
-59,9,328.581292
39,11,328.595295
36,14,328.615299
-55,5,328.6213
40,10,328.637304
-55,5,328.644306
42,8,328.655308
42,8,328.668311
42,8,328.679314
36,14,328.697318
42,8,328.709321
-54,4,328.714322
-56,6,328.723324
40,10,328.736327
40,10,328.75233
38,12,328.770335
40,10,328.782337
-57,7,328.793339
41,9,328.805342
42,8,328.816345
42,8,328.828347
34,16,328.849488
-54,4,328.85549
42,8,328.866493
-61,11,328.881497
40,10,328.895499
-56,6,328.903501
39,11,328.917504
36,14,328.934508
-60,10,328.949511
40,10,328.962514
-56,6,328.971516
40,10,328.984519
40,10,329.000523
42,8,329.011525
38,12,329.028529
-60,10,329.040532
40,10,329.056536
36,14,329.073539
-56,6,329.083541
34,16,329.104547
42,8,329.116549
-59,9,329.127551
39,11,329.142555
40,10,329.155557
32,18,329.181563
42,8,329.193566
36,14,329.21057
38,12,329.226573
-56,6,329.235575
42,8,329.248579
38,12,329.265583
42,8,329.276585
29,21,329.30159
40,10,329.317594
36,14,329.334598
40,10,329.349602
38,12,329.365605
-55,5,329.371607
42,8,329.382609
-56,6,329.38961
-55,5,329.397613
34,16,329.418617
-54,4,329.423619
41,9,329.436621
38,12,329.454625
41,9,329.466628
35,15,329.485632
36,14,329.504637
42,8,329.516639
42,8,329.528642
40,10,329.542645
40,10,329.555647
35,15,329.576652
42,8,329.587655
34,16,329.60866
38,12,329.625663
39,11,329.641667
42,8,329.65367
41,9,329.665673
-57,7,329.675675
37,13,329.691678
41,9,329.703681
36,14,329.724686
-57,7,329.735688
34,16,329.756694
42,8,329.768696
42,8,329.780699
40,10,329.793701
40,10,329.809705
40,10,329.821707
42,8,329.834711
42,8,329.845713
42,8,329.857716
41,9,329.868718
38,12,329.884722
38,12,329.900725
41,9,329.915729
38,12,329.932733
40,10,329.946736
38,12,329.962739
-54,4,329.969742
34,16,329.989748
38,12,330.005751
40,10,330.020754
34,16,330.041759
40,10,330.055763
33,17,330.077767
36,14,330.097772
41,9,330.108774
-57,7,330.119777
-56,6,330.126778
36,14,330.146783
40,10,330.158786
-56,6,330.169788
38,12,330.185792
42,8,330.197794
42,8,330.210798
-54,4,330.216799
-58,8,330.227801
-55,5,330.234803
41,9,330.246805
-56,6,330.256808
34,16,330.278812
34,16,330.299818
42,8,330.31282
36,14,330.330824
38,12,330.345828
-58,8,330.35583
35,15,330.375835
38,12,330.392838
-58,8,330.403842
40,10,330.419845
34,16,330.441849
42,8,330.454852
42,8,330.465855
-54,4,330.470856
40,10,330.484859
42,8,330.495862
-58,8,330.506864
39,11,330.521867
42,8,330.53387
40,10,330.546873
37,13,330.566878
40,10,330.57888
38,12,330.595884
38,12,330.611888
40,10,330.626891
38,12,330.642896
37,13,330.658898
36,14,330.677902
-55,5,330.68556
42,8,330.697067
-59,9,330.70907
-56,6,330.716072
37,13,330.736076
41,9,330.748079
42,8,330.759081
39,11,330.775085
36,14,330.791088
36,14,330.811094
42,8,330.822097
38,12,330.839099
40,10,330.851102
40,10,330.867105
38,12,330.88311
41,9,330.896112
37,13,330.913116
30,20,330.939122
41,9,330.952125
40,10,330.967129
40,10,330.980131
38,12,330.996135
42,8,331.007137
38,12,331.023141
38,12,331.039144
-56,6,331.048146
40,10,331.06215
-57,7,331.072153
40,10,331.088155
42,8,331.101158
-56,6,331.10716
36,14,331.128164
42,8,331.140167
-55,5,331.146168
-60,10,331.157171
-55,5,331.166173
40,10,331.179176
40,10,331.19418
42,8,331.206182
36,14,331.223186
40,10,331.237189
42,8,331.249192
37,13,331.265196
40,10,331.278198
35,15,331.298203
34,16,331.319207
-60,10,331.335211
-58,8,331.346214
-52,2,331.348214
37,13,331.366218
28,22,331.397225
38,12,331.414229
40,10,331.427233
40,10,331.443237
-54,4,331.448238
-58,8,331.459241
40,10,331.473244
42,8,331.485247
30,20,331.509252
38,12,331.526256
38,12,331.54326
40,10,331.558263
38,12,331.575396
36,14,331.5924
42,8,331.604402
34,16,331.627408
-56,6,331.63741
-52,2,331.63841
42,8,331.650413
42,8,331.662416
42,8,331.674419
-58,8,331.68442
41,9,331.699425
28,22,331.72643
34,16,331.746434
-56,6,331.756437
37,13,331.773441
-55,5,331.780442
-52,2,331.784443
42,8,331.795445
-54,4,331.801447
42,8,331.813449
-59,9,331.825453
40,10,331.838457
40,10,331.854461
42,8,331.866464
-54,4,331.872465
39,11,331.889469
40,10,331.902472
42,8,331.914475
-52,2,331.918475
34,16,331.93948
40,10,331.952483
33,17,331.974488
42,8,331.98549
40,10,332.000494
-54,4,332.005495
42,8,332.017498
42,8,332.028609
-54,4,332.03461
38,12,332.050613
37,13,332.066617
40,10,332.082621
-58,8,332.093624
37,13,332.110627
38,12,332.127631
42,8,332.139634
42,8,332.151636
-54,4,332.156637
40,10,332.16864
36,14,332.189645
40,10,332.202649
40,10,332.217651
42,8,332.228654
38,12,332.244657
40,10,332.25766
40,10,332.273664
40,10,332.286667
38,12,332.30367
-58,8,332.313673
-56,6,332.323675
42,8,332.335678
37,13,332.353682
-56,6,332.362685
41,9,332.374687
-66,16,332.398692
-55,5,332.404694
41,9,332.417696
-58,8,332.427699
34,16,332.449704
42,8,332.460706
36,14,332.480711
18,32,332.52072
38,12,332.536723
-57,7,332.546726
37,13,332.564729
42,8,332.575732
39,11,332.592736
40,10,332.605738
39,11,332.621742
42,8,332.632745
-55,5,332.639747
36,14,332.658751
-57,7,332.666753
-54,4,332.672754
38,12,332.689758
-54,4,332.694759
33,17,332.719764
38,12,332.735768
42,8,332.74677
42,8,332.758773
-56,6,332.765775
-52,2,332.769776
-55,5,332.775777
36,14,332.794781
38,12,332.811785
42,8,332.823788
41,9,332.838791
38,12,332.854795
40,10,332.867798
38,12,332.883801
40,10,332.900805
38,12,332.916809
40,10,332.929812
-55,5,332.936929
-54,4,332.941949
38,12,332.958952
-52,2,332.962953
34,16,332.984959
-52,2,332.985959
41,9,333.000962
39,11,333.013965
42,8,333.024967
40,10,333.040971
36,14,333.057975
38,12,333.075979
38,12,333.092983
36,14,333.113987
42,8,333.12499
42,8,333.135992
38,12,333.152996
35,15,333.174001
41,9,333.186003
42,8,333.197006
-56,6,333.204008
42,8,333.216011
36,14,333.236015
42,8,333.248018
36,14,333.265022
40,10,333.281025
-59,9,333.293028
42,8,333.30403
41,9,333.317033
40,10,333.332037
40,10,333.34504
42,8,333.356042
38,12,333.373046
34,16,333.396051
-55,5,333.404052
41,9,333.416056
-52,2,333.417056
40,10,333.433059
42,8,333.444063
40,10,333.457067
-59,9,333.469069
40,10,333.482073
38,12,333.499076
37,13,333.51608
35,15,333.537085
38,12,333.554088
41,9,333.566091
40,10,333.583096
41,9,333.596097
42,8,333.607101
38,12,333.623105
37,13,333.639108
42,8,333.65111
42,8,333.662113
42,8,333.674115
-59,9,333.688118
34,16,333.710123
37,13,333.728127
38,12,333.745131
38,12,333.762135
42,8,333.775138
-57,7,333.78514
40,10,333.798144
42,8,333.809146
36,14,333.832151
32,18,333.854156
38,12,333.87216
40,10,333.888164
40,10,333.901166
41,9,333.913169
31,19,333.938174
-54,4,333.945176
41,9,333.956179
34,16,333.978184
36,14,333.999188
41,9,334.01019
-56,6,334.020193
-60,10,334.033196
42,8,334.045199
37,13,334.063203
39,11,334.080207
37,13,334.097211
40,10,334.113214
38,12,334.129218
35,15,334.152406
35,15,334.16941
40,10,334.186413
-55,5,334.191415
40,10,334.206418
40,10,334.220421
36,14,334.240425
37,13,334.25843
40,10,334.271432
42,8,334.284436
42,8,334.295558
42,8,334.30756
41,9,334.323564
42,8,334.336567
40,10,334.34957
40,10,334.364573
38,12,334.382578
-57,7,334.38958
42,8,334.401582
39,11,334.417585
42,8,334.428589
42,8,334.440591
39,11,334.455594
-54,4,334.460595
38,12,334.476599
40,10,334.489602
40,10,334.504605
40,10,334.518614
34,16,334.539617
-56,6,334.55062
-61,11,334.565624
38,12,334.583627
42,8,334.593629
-56,6,334.601631
-54,4,334.606632
39,11,334.622636
40,10,334.636639
42,8,334.648642
-55,5,334.656643
38,12,334.673647
-54,4,334.679649
-52,2,334.68165
41,9,334.693652
42,8,334.704654
42,8,334.716658
-54,4,334.721658
38,12,334.739663
36,14,334.759667
-59,9,334.77267
38,12,334.789674
42,8,334.800676
34,16,334.822681
40,10,334.837684
42,8,334.850688
42,8,334.86169
41,9,334.873693
37,13,334.891696
36,14,334.910701
38,12,334.927705
-54,4,334.932706
-56,6,334.938707
-56,6,334.948709
-54,4,334.954711
-52,2,334.955711
42,8,334.967714
38,12,334.983717
42,8,334.99572
37,13,335.011724
-53,3,335.016725
-58,8,335.028727
42,8,335.04073
-58,8,335.051733
42,8,335.064735
41,9,335.076738
-58,8,335.087741
42,8,335.100744
-60,10,335.114747
42,8,335.126749
38,12,335.142753
42,8,335.154756
39,11,335.170759
36,14,335.189764
40,10,335.204767
-54,4,335.209768
42,8,335.221771
-52,2,335.223771
42,8,335.236774
38,12,335.252778
40,10,335.268781
40,10,335.281785
40,10,335.297789
37,13,335.315792
38,12,335.333796
-57,7,335.342798
42,8,335.355801
38,12,335.371804
39,11,335.384808
-54,4,335.390809
40,10,335.406812
42,8,335.417815
38,12,335.434819
41,9,335.447822
-54,4,335.452823
39,11,335.467826
42,8,335.479829
-54,4,335.48483
-56,6,335.492832
40,10,335.509835
40,10,335.521839
36,14,335.541843
42,8,335.555846
42,8,335.566849
40,10,335.579852
-66,16,335.601856
-52,2,335.605857
-54,4,335.611859
42,8,335.623861
34,16,335.645869
42,8,335.657871
38,12,335.673875
38,12,335.691879
-52,2,335.69388
41,9,335.708883
40,10,335.721886
42,8,335.733888
39,11,335.747891
42,8,335.759894
42,8,335.770897
40,10,335.7849
42,8,335.796903
38,12,335.813907
42,8,335.825909
-55,5,335.833911
42,8,335.845914
42,8,335.857916
38,12,335.87392
42,8,335.885922
41,9,335.898926
39,11,335.91493
40,10,335.927933
42,8,335.939935
26,24,335.970942
42,8,335.981944
36,14,336.001949
41,9,336.014952
37,13,336.03196
-57,7,336.041961
36,14,336.059965
40,10,336.075969
-54,4,336.082971
37,13,336.100975
42,8,336.111978
-52,2,336.115978
42,8,336.126981
34,16,336.149985
40,10,336.162988
42,8,336.173991
38,12,336.190995
42,8,336.201997
38,12,336.218001
38,12,336.236005
40,10,336.252008
42,8,336.264011
41,9,336.276014
38,12,336.294018
-60,10,336.306023
42,8,336.318026
38,12,336.335029
40,10,336.351032
-54,4,336.356034
-57,7,336.366036
-60,10,336.378039
40,10,336.393042
-58,8,336.405045
42,8,336.416048
39,11,336.430051
26,24,336.459057
40,10,336.475061
-60,10,336.488064
40,10,336.504067
36,14,336.522071
27,23,336.555079
42,8,336.567081
-56,6,336.576083
33,17,336.597088
40,10,336.609091
40,10,336.625095
42,8,336.638097
-57,7,336.647099
35,15,336.666104
38,12,336.684108
-59,9,336.69711
35,15,336.716115
-54,4,336.722117
42,8,336.733119
-56,6,336.743121
42,8,336.755124
40,10,336.768126
30,20,336.795133
-60,10,336.810136
40,10,336.823139
42,8,336.835142
39,11,336.851146
41,9,336.863148
38,12,336.880152
33,17,336.905157
40,10,336.91816
40,10,336.934164
-54,4,336.939166
40,10,336.952168
-57,7,336.962171
-59,9,336.975173
36,14,336.996178
40,10,337.010181
41,9,337.023184
40,10,337.038311
40,10,337.052314
40,10,337.067317
42,8,337.07832
39,11,337.094324
41,9,337.106326
39,11,337.12233
42,8,337.135333
40,10,337.148336
-52,2,337.152337
40,10,337.16534
37,13,337.183344
-56,6,337.193347
35,15,337.21335
38,12,337.231355
39,11,337.245358
-57,7,337.256361
35,15,337.277365
42,8,337.289367
41,9,337.30137
42,8,337.313373
-56,6,337.322375
38,12,337.338378
-56,6,337.34538
40,10,337.360384
42,8,337.373386
39,11,337.386389
-56,6,337.395392
40,10,337.408395
42,8,337.420397
40,10,337.436401
-60,10,337.449404
40,10,337.464407
38,12,337.481411
40,10,337.494414
36,14,337.514418
-52,2,337.516419
-56,6,337.525421
37,13,337.542425
38,12,337.559429
42,8,337.571431
42,8,337.582434
38,12,337.599438
36,14,337.619442
-61,11,337.632445
42,8,337.644448
40,10,337.660451
40,10,337.673454
-59,9,337.687457
40,10,337.70046
42,8,337.712463
37,13,337.729467
42,8,337.741469
38,12,337.756474
42,8,337.769477
38,12,337.786482
-55,5,337.795484
41,9,337.807487
42,8,337.818489
38,12,337.836493
40,10,337.848496
35,15,337.869501
-56,6,337.877502
42,8,337.890506
36,14,337.908509
38,12,337.925513
42,8,337.936516
42,8,337.947518
42,8,337.958521
-62,12,337.974525
40,10,337.990529
30,20,338.017534
32,18,338.040539
-56,6,338.050541
-57,7,338.059543
40,10,338.073546
-54,4,338.079548
32,18,338.101556
36,14,338.121561
42,8,338.132563
-55,5,338.138565
40,10,338.153568
42,8,338.165571
40,10,338.178574
41,9,338.191172
37,13,338.212176
42,8,338.225179
37,13,338.242183
42,8,338.254186
39,11,338.270189
38,12,338.287193
42,8,338.299196
38,12,338.3172
40,10,338.329203
40,10,338.345206
39,11,338.35821
-52,2,338.36221
36,14,338.380214
42,8,338.392355
39,11,338.406358
41,9,338.418361
42,8,338.430364
42,8,338.442366
41,9,338.45737
38,12,338.475374
40,10,338.489377
40,10,338.50438
40,10,338.517384
-54,4,338.523385
-54,4,338.529386
-56,6,338.539388
-54,4,338.545389
42,8,338.557392
40,10,338.569395
42,8,338.581398
37,13,338.598401
42,8,338.610404
25,25,338.642411
42,8,338.654414
-60,10,338.666417
38,12,338.68242
40,10,338.697424
30,20,338.72443
40,10,338.736432
42,8,338.748436
42,8,338.760438
38,12,338.777442
40,10,338.793445
41,9,338.805448
38,12,338.822452
42,8,338.834455
-54,4,338.840456
40,10,338.852459
39,11,338.869462
42,8,338.880465
39,11,338.896471
36,14,338.915475
35,15,338.93648
-56,6,338.945482
38,12,338.962486
41,9,338.974488
40,10,338.986491
38,12,339.003495
40,10,339.018498
42,8,339.031501
42,8,339.042504
33,17,339.065509
31,19,339.091514
40,10,339.104517
-58,8,339.11552
40,10,339.131524
-54,4,339.137525
42,8,339.149528
-53,3,339.153528
37,13,339.171533
39,11,339.186536
40,10,339.199539
-54,4,339.20554
-55,5,339.212542
42,8,339.225545
29,21,339.255552
42,8,339.267554
35,15,339.286558
39,11,339.303569
39,11,339.320568
36,14,339.338573
40,10,339.354576
-59,9,339.365579
38,12,339.381582
26,24,339.41259
33,17,339.433594
38,12,339.450597
36,14,339.471602
36,14,339.487606
39,11,339.50461
-65,15,339.525614
41,9,339.536617
39,11,339.553621
40,10,339.566624
40,10,339.581627
-55,5,339.588629
-54,4,339.593629
40,10,339.608633
40,10,339.622636
35,15,339.643641
42,8,339.654643
-54,4,339.660645
-56,6,339.667646
36,14,339.687651
-63,13,339.703654
38,12,339.721659
35,15,339.742663
42,8,339.755782
42,8,339.767785
42,8,339.779787
36,14,339.796791
36,14,339.817796
38,12,339.833799
38,12,339.850803
-54,4,339.856805
41,9,339.867807
-57,7,339.877809
-55,5,339.883811
40,10,339.899815
40,10,339.912817
-57,7,339.92282
42,8,339.934822
40,10,339.948826
41,9,339.963829
42,8,339.976832
36,14,339.995836
42,8,340.006839
40,10,340.022842
-56,6,340.028843
-56,6,340.038846
40,10,340.05285
41,9,340.063854
42,8,340.074856
-54,4,340.081859
29,21,340.110865
42,8,340.122867
-63,13,340.138871
40,10,340.151873
42,8,340.163876
38,12,340.18088
37,13,340.200885
36,14,340.219889
-56,6,340.227891
38,12,340.244894
42,8,340.255897
-56,6,340.262898
42,8,340.274901
33,17,340.296906
40,10,340.31291
40,10,340.325913
-56,6,340.334915
36,14,340.352919
-57,7,340.361921
42,8,340.372923
40,10,340.387929
-62,12,340.403932
40,10,340.416935
42,8,340.427938
-57,7,340.438942
42,8,340.451946
-56,6,340.458947
40,10,340.47395
40,10,340.489956
36,14,340.517962
-58,8,340.530965
41,9,340.544968
40,10,340.562972
40,10,340.579976
-60,10,340.594979
-54,4,340.601981
-58,8,340.615984
36,14,340.636989
37,13,340.660994
42,8,340.676998
40,10,340.696002
33,17,340.723008
42,8,340.739012
36,14,340.763017
41,9,340.77702
-57,7,340.790023
42,8,340.805027
42,8,340.81803
34,16,340.841035
-58,8,340.854038
40,10,340.871042
42,8,340.887045
40,10,340.90805
39,11,340.927054
38,12,340.946059
40,10,340.966063
40,10,340.983067
35,15,341.007072
-55,5,341.015074
-57,7,341.028077
41,9,341.04108
42,8,341.055083
42,8,341.070086
42,8,341.08409
41,9,341.102093
-57,7,341.110095
42,8,341.126222
39,11,341.144227
-55,5,341.152228
36,14,341.176234
35,15,341.201239
40,10,341.217242
42,8,341.230245
37,13,341.25225
39,11,341.272255
-58,8,341.284257
-58,8,341.299261
40,10,341.317265
38,12,341.33627
42,8,341.350272
-60,10,341.362275
-57,7,341.374278
-52,2,341.376278
-60,10,341.393282
40,10,341.407285
38,12,341.42729
38,12,341.448295
42,8,341.461298
36,14,341.486303
39,11,341.507308
40,10,341.523311
32,18,341.552318
40,10,341.568322
41,9,341.582325
42,8,341.595327
42,8,341.610331
38,12,341.630336
42,8,341.643338
40,10,341.661342
38,12,341.683347
-54,4,341.691349
40,10,341.708352
40,10,341.726357
-58,8,341.74036
-56,6,341.750364
-61,11,341.769369
-64,14,341.789373
42,8,341.80452
40,10,341.820524
40,10,341.837528
40,10,341.854532
41,9,341.868535
-57,7,341.880538
35,15,341.905543
38,12,341.923548
-58,8,341.938551
38,12,341.959556
42,8,341.973559
40,10,341.988562
40,10,342.010567
-55,5,342.018569
40,10,342.035573
38,12,342.055699
-54,4,342.0617
-55,5,342.068702
39,11,342.088706
39,11,342.10471
38,12,342.123714
42,8,342.137717
-54,4,342.143718
36,14,342.167724
-55,5,342.175726
40,10,342.192729
-57,7,342.203732
33,17,342.231739
-55,5,342.24074
36,14,342.259745
42,8,342.275748
42,8,342.290752
-59,9,342.308755
38,12,342.330761
42,8,342.345764
41,9,342.358768
-54,4,342.365769
40,10,342.379772
-60,10,342.394775
42,8,342.409778
-55,5,342.41778
-55,5,342.424782
-54,4,342.431784
40,10,342.449787
40,10,342.464791
38,12,342.484795
36,14,342.510803
42,8,342.524806
37,13,342.546811
-56,6,342.555815
-56,6,342.563817
35,15,342.588823
-55,5,342.595824
42,8,342.610827
40,10,342.630833
-56,6,342.638834
42,8,342.652837
42,8,342.66784
40,10,342.686845
-58,8,342.699848
42,8,342.714852
37,13,342.736856
-59,9,342.750859
38,12,342.769864
40,10,342.787868
42,8,342.801871
40,10,342.817874
40,10,342.837879
-55,5,342.84488
36,14,342.865885
42,8,342.878888
36,14,342.902893
42,8,342.916897
42,8,342.9309
36,14,342.951905
36,14,342.977911
35,15,343.003916
40,10,343.02092
42,8,343.033923
-59,9,343.047926
33,17,343.074932
42,8,343.089936
40,10,343.104939
38,12,343.123943
-60,10,343.141947
-61,11,343.156951
36,14,343.179956
38,12,343.199966
38,12,343.220968
42,8,343.23397
-54,4,343.240972
-54,4,343.247973
42,8,343.262976
40,10,343.27998
36,14,343.304028
-52,2,343.306025
42,8,343.322028
-61,11,343.339032
-54,4,343.346034
42,8,343.361039
-58,8,343.374042
36,14,343.399047
36,14,343.420053
-58,8,343.432055
42,8,343.446058
38,12,343.464062
32,18,343.49807
42,8,343.513073
38,12,343.533078
-59,9,343.546081
-55,5,343.553082
39,11,343.571086
40,10,343.58709
41,9,343.605094
42,8,343.618097
38,12,343.640102
42,8,343.655105
42,8,343.671108
-55,5,343.680111
42,8,343.694114
42,8,343.709117
42,8,343.72312
37,13,343.744125
39,11,343.76513
40,10,343.778133
-61,11,343.796137
41,9,343.81014
36,14,343.835149
35,15,343.858155
-55,5,343.866157
-58,8,343.88016
39,11,343.899164
31,19,343.92717
41,9,343.943174
41,9,343.959177
42,8,343.975181
38,12,343.994185
38,12,344.014189
-60,10,344.030193
37,13,344.053198
42,8,344.068204
41,9,344.080207
37,13,344.102219
-62,12,344.121218
37,13,344.142223
34,16,344.168229
40,10,344.187233
42,8,344.199236
42,8,344.21524
40,10,344.230243
37,13,344.255248
42,8,344.269252
-52,2,344.271252
40,10,344.291257
42,8,344.30526
42,8,344.319263
42,8,344.334266
42,8,344.347269
38,12,344.367275
42,8,344.382277
40,10,344.397283
40,10,344.417287
40,10,344.433291
40,10,344.451295
-56,6,344.458296
-57,7,344.472304
42,8,344.486307
40,10,344.502311
41,9,344.520315
38,12,344.539319
-56,6,344.548321
40,10,344.566325
41,9,344.580328
40,10,344.595332
42,8,344.610335
42,8,344.624338
40,10,344.644342
41,9,344.658346
40,10,344.67635
38,12,344.695354
40,10,344.711358
-59,9,344.725361
-59,9,344.741364
42,8,344.756368
40,10,344.772372
42,8,344.786375
38,12,344.808379
-52,2,344.81138
38,12,344.832385
37,13,344.852389
41,9,344.866393
40,10,344.885397
39,11,344.8994
36,14,344.920405
34,16,344.94341
40,10,344.956413
31,19,344.981418
38,12,344.998423
40,10,345.014426
42,8,345.026429
40,10,345.039431
40,10,345.055435
38,12,345.071439
40,10,345.084442
37,13,345.101446
42,8,345.113448
-59,9,345.126451
42,8,345.139454
-56,6,345.145455
40,10,345.161459
36,14,345.179463
35,15,345.201468
39,11,345.217472
-63,13,345.234476
37,13,345.25148
39,11,345.267483
42,8,345.279485
40,10,345.291488
-52,2,345.295489
40,10,345.308492
37,13,345.329497
-55,5,345.335499
32,18,345.357503
-60,10,345.372507
42,8,345.384509
40,10,345.397512
-56,6,345.407514
36,14,345.425518
42,8,345.436522
40,10,345.451524
42,8,345.463527
42,8,345.47553
-54,4,345.480531
42,8,345.492534
42,8,345.504536
42,8,345.51654
42,8,345.528543
36,14,345.545547
40,10,345.561551
41,9,345.573554
36,14,345.593558
42,8,345.605561
38,12,345.622565
42,8,345.633567
40,10,345.64657
42,8,345.657573
36,14,345.677577
42,8,345.68858
38,12,345.705583
-59,9,345.717586
42,8,345.728588
38,12,345.745592
40,10,345.759596
42,8,345.770598
40,10,345.786602
-56,6,345.793603
-62,12,345.809607
38,12,345.82561
36,14,345.846615
39,11,345.862619
34,16,345.882623
40,10,345.896628
34,16,345.920634
42,8,345.932637
36,14,345.953641
37,13,345.970645
-54,4,345.976647
35,15,345.997651
-62,12,346.014655
42,8,346.025657
38,12,346.041661
40,10,346.054664
41,9,346.066667
38,12,346.08367
41,9,346.097674
40,10,346.111677
38,12,346.127681
42,8,346.138683
36,14,346.159688
42,8,346.17169
40,10,346.184693
-58,8,346.195696
42,8,346.207698
40,10,346.222702
36,14,346.239706
39,11,346.255709
42,8,346.266712
-55,5,346.271713
39,11,346.286716
42,8,346.297719
38,12,346.314723
41,9,346.326725
41,9,346.338728
42,8,346.350731
40,10,346.365734
39,11,346.382738
41,9,346.39374
40,10,346.407743
40,10,346.422747
28,22,346.452754
-52,2,346.456755
42,8,346.468757
41,9,346.48076
42,8,346.491763
42,8,346.503765
-57,7,346.513767
41,9,346.52677
-59,9,346.537772
-58,8,346.549776
42,8,346.561895
32,18,346.5849
35,15,346.604905
42,8,346.616907
42,8,346.62891
36,14,346.645914
40,10,346.661918
40,10,346.67492
42,8,346.685923
-58,8,346.696925
36,14,346.71893
-62,12,346.734934
42,8,346.746937
38,12,346.763941
41,9,346.775944
38,12,346.791947
-58,8,346.803949
42,8,346.814952
-55,5,346.820954
-54,4,346.826956
42,8,346.837957
41,9,346.84996
36,14,346.869964
34,16,346.892969
41,9,346.904972
42,8,346.915975
42,8,346.927977
42,8,346.938981
34,16,346.961985
36,14,346.98299
42,8,346.994992
41,9,347.006995
33,17,347.028
37,13,347.047004
-54,4,347.053005
42,8,347.06401
41,9,347.07815
42,8,347.090153
-58,8,347.101155
42,8,347.112158
38,12,347.130162
39,11,347.142164
40,10,347.158169
36,14,347.176172
41,9,347.191175
42,8,347.202178
42,8,347.214181
40,10,347.227184
41,9,347.239186
42,8,347.251189
40,10,347.267193
40,10,347.280195
42,8,347.292198
39,11,347.308202
40,10,347.323205
42,8,347.335209
40,10,347.347211
-60,10,347.363214
36,14,347.380218
-56,6,347.391221
-61,11,347.404224
-59,9,347.418227
36,14,347.436231
26,24,347.468238
-58,8,347.480241
42,8,347.492243
-61,11,347.506246
36,14,347.52225
-56,6,347.532252
40,10,347.546256
42,8,347.557258
-53,3,347.562259
42,8,347.573262
39,11,347.590266
42,8,347.600268
40,10,347.614271
40,10,347.629274
-56,6,347.637276
36,14,347.65728
32,18,347.680289
40,10,347.696292
38,12,347.714296
38,12,347.7323
40,10,347.744303
-56,6,347.755306
40,10,347.768308
28,22,347.799316
-55,5,347.806317
42,8,347.817319
42,8,347.829322
31,19,347.854327
36,14,347.872332
40,10,347.888335
34,16,347.91034
35,15,347.932346
42,8,347.944348
40,10,347.958351
42,8,347.969353
-63,13,347.985357
-54,4,347.993358
40,10,348.008362
38,12,348.025366
-54,4,348.031368
38,12,348.047371
42,8,348.060374
-56,6,348.067376
42,8,348.078378
40,10,348.093381
39,11,348.109385
34,16,348.13039
42,8,348.141392
40,10,348.155395
40,10,348.171399
38,12,348.188403
40,10,348.201406
42,8,348.213408
38,12,348.229412
40,10,348.245416
36,14,348.26342
32,18,348.289426
36,14,348.30743
40,10,348.322433
39,11,348.335436
42,8,348.346438
-60,10,348.361442
36,14,348.380446
42,8,348.392449
42,8,348.403451
40,10,348.419455
33,17,348.44146
-56,6,348.450463
-56,6,348.458463
37,13,348.476468
39,11,348.492471
37,13,348.511476
41,9,348.526479
41,9,348.538482
40,10,348.551485
41,9,348.565488
40,10,348.577491
42,8,348.589494
40,10,348.604496
38,12,348.6205
42,8,348.633503
-53,3,348.635504
39,11,348.651507
42,8,348.66351
38,12,348.680514
-56,6,348.689516
42,8,348.701518
39,11,348.715522
41,9,348.730525
41,9,348.742527
42,8,348.754531
38,12,348.772534
41,9,348.783537
-54,4,348.790539
41,9,348.803541
42,8,348.814544
-55,5,348.823546
42,8,348.835549
40,10,348.847552
38,12,348.864555
40,10,348.879558
40,10,348.893562
42,8,348.904564
41,9,348.916567
-54,4,348.922568
42,8,348.934571
38,12,348.951575
37,13,348.971579
39,11,348.985582
37,13,349.005587
42,8,349.01859
42,8,349.029592
42,8,349.041595
42,8,349.052598
40,10,349.0646
41,9,349.077603
-59,9,349.090607
-56,6,349.097608
40,10,349.112611
42,8,349.123613
-55,5,349.130615
-55,5,349.137617
-56,6,349.146619
40,10,349.159622
36,14,349.180626
38,12,349.198631
38,12,349.215634
40,10,349.229637
41,9,349.24064
34,16,349.262645
42,8,349.274647
42,8,349.28665
42,8,349.297653
-55,5,349.306655
41,9,349.319658
42,8,349.330661
42,8,349.342663
40,10,349.355666
-56,6,349.365668
-60,10,349.377671
-54,4,349.383672
42,8,349.395675
-54,4,349.400676
42,8,349.412679
41,9,349.428682
40,10,349.440685
40,10,349.455688
-58,8,349.466691
41,9,349.479694
38,12,349.496697
42,8,349.5077
42,8,349.519702
40,10,349.533706
42,8,349.545709
42,8,349.555711
42,8,349.567713
-56,6,349.577716
42,8,349.589719
-55,5,349.59572
42,8,349.606722
38,12,349.623726
-54,4,349.629727
34,16,349.651735
37,13,349.668739
37,13,349.687743
40,10,349.700747
42,8,349.713749
29,21,349.741755
40,10,349.757759
41,9,349.769762
39,11,349.785765
40,10,349.798768
41,9,349.813771
42,8,349.824774
-54,4,349.830775
-61,11,349.843778
39,11,349.858781
40,10,349.874785
42,8,349.886788
38,12,349.903792
-57,7,349.910793
-56,6,349.920795
36,14,349.937799
38,12,349.954804
38,12,349.972807
-57,7,349.98281
40,10,349.998813
41,9,350.010815
-56,6,350.018818
41,9,350.033821
41,9,350.045824
35,15,350.067828
42,8,350.079831
40,10,350.092834
41,9,350.104837
36,14,350.123841
39,11,350.139845
42,8,350.151847
36,14,350.169994
42,8,350.181997
-60,10,350.197
-55,5,350.203001
38,12,350.220005
42,8,350.232008
42,8,350.24301
35,15,350.264015
42,8,350.277018
38,12,350.293022
42,8,350.305024
40,10,350.317027
42,8,350.328029
42,8,350.340032
42,8,350.351042
40,10,350.36704
42,8,350.377042
42,8,350.389045
32,18,350.412051
-55,5,350.418051
39,11,350.434055
33,17,350.457061
-57,7,350.469063
42,8,350.480066
-52,2,350.484066
42,8,350.496069
42,8,350.508072
42,8,350.520074
37,13,350.537079
41,9,350.549082
34,16,350.570087
42,8,350.582089
-54,4,350.58809
40,10,350.603093
38,12,350.620097
-54,4,350.625098
41,9,350.637101
38,12,350.654105
38,12,350.671108
40,10,350.684112
36,14,350.704116
-57,7,350.714118
-54,4,350.720119
42,8,350.732123
42,8,350.743125
40,10,350.756128
40,10,350.773132
-57,7,350.782134
36,14,350.803138
-60,10,350.815141
42,8,350.827144
-58,8,350.838146
42,8,350.850149
40,10,350.866153
-62,12,350.882156
42,8,350.893159
-55,5,350.900161
-57,7,350.910162
42,8,350.922166
42,8,350.933168
-54,4,350.939169
38,12,350.957173
-59,9,350.968176
40,10,350.98418
-55,5,350.991181
38,12,351.008185
40,10,351.02119
42,8,351.033193
42,8,351.044195
40,10,351.059198
34,16,351.081204
-55,5,351.088205
39,11,351.103208
-54,4,351.10921
40,10,351.122213
38,12,351.139216
42,8,351.150219
38,12,351.167223
38,12,351.183227
-58,8,351.195229
42,8,351.207232
42,8,351.218234
38,12,351.236238
38,12,351.253242
-57,7,351.264245
-55,5,351.271246
40,10,351.287251
39,11,351.301253
42,8,351.312255
40,10,351.325258
-55,5,351.33226
41,9,351.346263
-56,6,351.353265
40,10,351.369268
40,10,351.382272
42,8,351.393274
41,9,351.406277
36,14,351.425281
41,9,351.438284
-55,5,351.444285
-54,4,351.450286
40,10,351.46529
-70,20,351.491296
38,12,351.506299
42,8,351.518302
38,12,351.534306
-56,6,351.541307
42,8,351.55231
-64,14,351.571314
40,10,351.584317
42,8,351.596319
33,17,351.623325
-55,5,351.629327
-66,16,351.648331
40,10,351.662334
-59,9,351.676337
-65,15,351.695342
40,10,351.710345
42,8,351.723348
37,13,351.739352
-55,5,351.745353
38,12,351.762357
39,11,351.779361
-55,5,351.784362
42,8,351.796365
42,8,351.806367
-56,6,351.81737
42,8,351.828372
-54,4,351.833373
32,18,351.856378
42,8,351.868381
-56,6,351.878383
42,8,351.889385
38,12,351.905389
38,12,351.923393
40,10,351.936396
-54,4,351.942397
41,9,351.956401
39,11,351.970404
-56,6,351.980406
39,11,351.99741
36,14,352.015414
-54,4,352.021415
41,9,352.033418
-52,2,352.038419
40,10,352.050422
35,15,352.072427
-53,3,352.076427
42,8,352.088554
40,10,352.102557
36,14,352.122561
40,10,352.136565
40,10,352.151568
38,12,352.167572
42,8,352.179574
41,9,352.191577
39,11,352.20758
42,8,352.220584
40,10,352.233587
38,12,352.249591
40,10,352.264594
-57,7,352.274595
-55,5,352.281597
-58,8,352.2936
42,8,352.304603
41,9,352.317605
-60,10,352.331609
39,11,352.344611
38,12,352.361615
42,8,352.373618
40,10,352.389622
42,8,352.400624
-54,4,352.406626
40,10,352.419628
40,10,352.435632
-55,5,352.441633
-60,10,352.454636
38,12,352.47064
-60,10,352.484643
42,8,352.495646
41,9,352.509649
-57,7,352.519651
38,12,352.537655
-52,2,352.541656
42,8,352.553659
-55,5,352.55866
42,8,352.570662
39,11,352.586666
42,8,352.598669
40,10,352.611671
42,8,352.622674
40,10,352.638678
40,10,352.651681
-57,7,352.662683
40,10,352.675686
42,8,352.686688
40,10,352.702692
-55,5,352.709694
-55,5,352.715695
42,8,352.727698
-57,7,352.7377
37,13,352.754704
42,8,352.765706
42,8,352.777709
40,10,352.792712
40,10,352.806718
42,8,352.81872
-56,6,352.827723
36,14,352.844726
39,11,352.85973
39,11,352.876734
38,12,352.892737
40,10,352.90574
38,12,352.921743
-56,6,352.932746
42,8,352.943749
40,10,352.957752
40,10,352.972755
-58,8,352.984758
-57,7,352.99576
40,10,353.008763
42,8,353.020766
42,8,353.032769
40,10,353.047772
38,12,353.062775
40,10,353.076778
-57,7,353.086781
42,8,353.098783
-55,5,353.104785
41,9,353.116787
-52,2,353.121789
40,10,353.134791
37,13,353.153797
36,14,353.1728
32,18,353.196806
-60,10,353.209808
42,8,353.222814
-56,6,353.231816
40,10,353.244818
40,10,353.261822
-54,4,353.268825
40,10,353.280829
42,8,353.291831
41,9,353.303834
41,9,353.318837
38,12,353.334841
40,10,353.348845
40,10,353.364848
42,8,353.37485
40,10,353.387996
42,8,353.399998
-59,9,353.412001
-54,4,353.417002
41,9,353.432006
40,10,353.445008
40,10,353.461012
40,10,353.474015
-56,6,353.482017
42,8,353.49502
39,11,353.509023
-52,2,353.513024
35,15,353.533028
42,8,353.546032
42,8,353.558034
40,10,353.570037
42,8,353.58204
-56,6,353.592042
-56,6,353.599043
-55,5,353.605045
42,8,353.617047
32,18,353.642053
40,10,353.655056
41,9,353.670059
42,8,353.681062
40,10,353.694065
35,15,353.714069
-54,4,353.721071
42,8,353.732073
42,8,353.744076
40,10,353.757079
-52,2,353.76208
-56,6,353.769082
-58,8,353.781085
42,8,353.793087
36,14,353.814091
38,12,353.831096
42,8,353.842098
40,10,353.855101
38,12,353.873105
42,8,353.884108
40,10,353.900111
42,8,353.912114
-58,8,353.923116
38,12,353.94012
-57,7,353.950123
-54,4,353.955123
40,10,353.969127
-58,8,353.979129
40,10,353.996133
42,8,354.008135
-60,10,354.021138
41,9,354.033141
-55,5,354.043144
-61,11,354.056146
32,18,354.082152
40,10,354.095155
40,10,354.110159
38,12,354.127162
33,17,354.147167
40,10,354.163171
38,12,354.179174
42,8,354.191177
40,10,354.20418
38,12,354.221184
40,10,354.236187
36,14,354.255191
39,11,354.271195
-58,8,354.282198
-55,5,354.290199
-55,5,354.297201
38,12,354.312204
27,23,354.342211
42,8,354.354216
40,10,354.370219
-52,2,354.37222
40,10,354.387223
37,13,354.405227
42,8,354.41623
42,8,354.427232
37,13,354.443236
40,10,354.46024
39,11,354.473243
40,10,354.489246
-56,6,354.496248
42,8,354.50725
42,8,354.519253
39,11,354.535257
40,10,354.55126
42,8,354.563263
-52,2,354.565264
40,10,354.580388
40,10,354.592391
42,8,354.604394
42,8,354.615397
40,10,354.6304
41,9,354.642403
40,10,354.656405
40,10,354.670408
34,16,354.691413
40,10,354.704416
31,19,354.730424
39,11,354.745428
40,10,354.759431
42,8,354.772434
42,8,354.784436
42,8,354.795439
42,8,354.808442
-56,6,354.818444
39,11,354.834448
-56,6,354.841449
42,8,354.853452
38,12,354.870456
40,10,354.886459
40,10,354.898463
36,14,354.918466
41,9,354.93147
40,10,354.943472
38,12,354.960476
42,8,354.971478
-56,6,354.981481
40,10,354.994484
40,10,355.009487
40,10,355.02249
38,12,355.038494
42,8,355.050497
38,12,355.0675
-67,17,355.092506
42,8,355.104509
39,11,355.117512
38,12,355.134515
-52,2,355.138516
36,14,355.15652
-60,10,355.171524
-52,2,355.173524
-56,6,355.183526
39,11,355.19953
35,15,355.218534
-56,6,355.228537
-57,7,355.237539
-55,5,355.24454
40,10,355.257543
39,11,355.273547
-56,6,355.283549
-60,10,355.296552
39,11,355.312556
34,16,355.33456
-56,6,355.341563
40,10,355.356565
41,9,355.367568
-54,4,355.37357
32,18,355.399575
40,10,355.412578
42,8,355.424581
40,10,355.439584
42,8,355.451587
40,10,355.46359
39,11,355.479593
38,12,355.496597
42,8,355.507599
42,8,355.520602
40,10,355.532606
-56,6,355.542607
36,14,355.561611
39,11,355.577615
38,12,355.59662
40,10,355.611623
42,8,355.623626
38,12,355.639629
37,13,355.656633
39,11,355.671639
42,8,355.683642
37,13,355.700646
-59,9,355.712648
40,10,355.727652
42,8,355.738655
40,10,355.752658
40,10,355.768661
-55,5,355.775663
36,14,355.793667
42,8,355.80667
42,8,355.817672
39,11,355.833676
-55,5,355.840677
38,12,355.857682
-52,2,355.861682
40,10,355.874685
41,9,355.889688
39,11,355.902692
42,8,355.914694
40,10,355.929698
37,13,355.947702
39,11,355.962705
42,8,355.975708
39,11,355.990711
38,12,356.008715
42,8,356.020718
36,14,356.039722
-57,7,356.049725
40,10,356.062727
37,13,356.082732
36,14,356.101737
40,10,356.117866
39,11,356.130869
40,10,356.146872
38,12,356.163876
38,12,356.17988
42,8,356.191882
42,8,356.203886
42,8,356.214887
39,11,356.231891
38,12,356.249895
34,16,356.2699
41,9,356.282903
40,10,356.294906
-56,6,356.304908
41,9,356.31691
42,8,356.327913
39,11,356.343916
42,8,356.355919
40,10,356.368922
42,8,356.381043
40,10,356.396047
40,10,356.408049
-52,2,356.41305
39,11,356.430054
40,10,356.442057
-55,5,356.450058
-54,4,356.45506
41,9,356.470063
37,13,356.487067
40,10,356.50107
42,8,356.513072
40,10,356.528076
-56,6,356.535078
38,12,356.553082
42,8,356.565084
-52,2,356.569085
40,10,356.582089
-58,8,356.593091
40,10,356.609094
40,10,356.622097
40,10,356.638103
37,13,356.655107
41,9,356.66711
40,10,356.683113
41,9,356.695116
42,8,356.708118
40,10,356.723122
40,10,356.736125
38,12,356.753129
42,8,356.765131
42,8,356.776134
42,8,356.787137
-52,2,356.791137
38,12,356.808141
40,10,356.821144
42,8,356.833147
-55,5,356.839148
38,12,356.857294
-54,4,356.862295
42,8,356.874298
40,10,356.890301
40,10,356.904305
40,10,356.920308
42,8,356.932311
42,8,356.943313
42,8,356.956316
42,8,356.968319
36,14,356.986325
42,8,356.998328
30,20,357.025336
42,8,357.037338
40,10,357.052342
38,12,357.069346
37,13,357.086349
41,9,357.098352
39,11,357.114474
42,8,357.125476
42,8,357.138479
42,8,357.150482
-69,19,357.177488
-58,8,357.18849
40,10,357.200493
40,10,357.217497
42,8,357.229499
41,9,357.241502
42,8,357.253505
42,8,357.265507
40,10,357.280511
-66,16,357.300516
36,14,357.31952
40,10,357.334523
38,12,357.350527
36,14,357.369531
38,12,357.385535
36,14,357.406539
38,12,357.424543
42,8,357.436548
41,9,357.449551
36,14,357.466555
40,10,357.482559
38,12,357.499562
40,10,357.512566
42,8,357.523568
42,8,357.53557
40,10,357.551574
39,11,357.567578
40,10,357.581581
42,8,357.593583
-57,7,357.603586
34,16,357.624591
-54,4,357.630592
41,9,357.643595
38,12,357.659598
42,8,357.670601
40,10,357.686604
40,10,357.699607
-52,2,357.703609
40,10,357.716611
38,12,357.733615
40,10,357.749619
42,8,357.760621
39,11,357.773624
24,26,357.807631
37,13,357.825636
42,8,357.837638
-58,8,357.848642
37,13,357.866645
-55,5,357.875647
39,11,357.88965
40,10,357.905653
42,8,357.917656
40,10,357.929659
34,16,357.951664
-52,2,357.955665
40,10,357.967668
35,15,357.988672
41,9,357.999675
42,8,358.011678
39,11,358.027681
42,8,358.038683
34,16,358.061689
38,12,358.077693
-55,5,358.083694
42,8,358.094696
40,10,358.1107
34,16,358.132705
39,11,358.148709
42,8,358.161711
36,14,358.178715
34,16,358.200722
41,9,358.212725
39,11,358.229728
40,10,358.244732
36,14,358.261736
36,14,358.28274
-64,14,358.298744
39,11,358.315748
38,12,358.331752
40,10,358.343755
36,14,358.363759
34,16,358.386764
42,8,358.398767
42,8,358.410769
40,10,358.422772
37,13,358.442777
36,14,358.460781
38,12,358.476784
32,18,358.50179
-56,6,358.509791
40,10,358.523795
-58,8,358.535798
42,8,358.5468
40,10,358.559803
34,16,358.580808
38,12,358.598812
40,10,358.613815
42,8,358.625818
-52,2,358.626818
42,8,358.638821
-60,10,358.653824
42,8,358.665827
36,14,358.684831
42,8,358.695834
40,10,358.711837
40,10,358.72384
41,9,358.735843
37,13,358.755847
40,10,358.76885
42,8,358.780853
42,8,358.792856
41,9,358.803858
40,10,358.819861
41,9,358.831864
-56,6,358.840866
40,10,358.85487
38,12,358.871873
36,14,358.891878
42,8,358.903881
42,8,358.915883
41,9,358.927886
-56,6,358.935888
41,9,358.951893
42,8,358.962896
-56,6,358.969897
36,14,358.988901
42,8,359.001904
38,12,359.017908
42,8,359.029911
36,14,359.047915
36,14,359.066919
42,8,359.078922
42,8,359.090924
40,10,359.102927
38,12,359.119931
40,10,359.135935
40,10,359.149938
38,12,359.166942
42,8,359.177944
-54,4,359.182945
38,12,359.199949
40,10,359.214952
42,8,359.227955
40,10,359.239958
-58,8,359.25096
42,8,359.262963
36,14,359.284968
37,13,359.301972
42,8,359.313977
-52,2,359.316978
-56,6,359.324979
-52,2,359.325979
41,9,359.341983
41,9,359.354986
42,8,359.367989
38,12,359.384993
40,10,359.397995
40,10,359.412999
40,10,359.426002
38,12,359.443005
41,9,359.458009
38,12,359.473012
37,13,359.491017
41,9,359.503019
40,10,359.519022
40,10,359.533026
37,13,359.55003
38,12,359.566033
-55,5,359.576035
42,8,359.588038
40,10,359.600041
42,8,359.612044
42,8,359.624046
42,8,359.63705
-52,2,359.640052
-58,8,359.652055
38,12,359.669059
42,8,359.680061
41,9,359.692064
33,17,359.713068
36,14,359.733073
36,14,359.751077
39,11,359.767081
33,17,359.789086
38,12,359.80609
-56,6,359.817092
40,10,359.831096
42,8,359.842098
40,10,359.859102
42,8,359.870104
40,10,359.883107
40,10,359.89811
41,9,359.910113
42,8,359.922116
38,12,359.939119
37,13,359.956123
32,18,359.98113
42,8,359.994132
-53,3,359.996132
42,8,360.008135
-55,5,360.016137
35,15,360.036141
40,10,360.051466
36,14,360.070151
42,8,360.082155
42,8,360.093156
40,10,360.10916
42,8,360.122163
38,12,360.139167
-55,5,360.145168
40,10,360.160172
40,10,360.173175
39,11,360.190178
28,22,360.218185
-56,6,360.228187
42,8,360.240189
-57,7,360.251192
41,9,360.263195
-54,4,360.269196
-53,3,360.273197
42,8,360.284199
-59,9,360.297202
35,15,360.318207
42,8,360.33121
40,10,360.344213
39,11,360.359216
-54,4,360.365218
42,8,360.37722
-54,4,360.383221
-60,10,360.395225
42,8,360.407227
39,11,360.423231
37,13,360.440234
37,13,360.458238
42,8,360.471241
-57,7,360.478243
-58,8,360.490246
41,9,360.505249
42,8,360.517252
-55,5,360.524253
-58,8,360.535256
42,8,360.547259
38,12,360.564263
42,8,360.576266
-58,8,360.587268
42,8,360.59927
40,10,360.613273
38,12,360.629277
36,14,360.651282
38,12,360.666285
39,11,360.681289
42,8,360.693291
42,8,360.706295
38,12,360.723298
40,10,360.736302
42,8,360.748304
35,15,360.768309
42,8,360.779311
38,12,360.797316
35,15,360.81932
40,10,360.833323
38,12,360.850327
40,10,360.865331
38,12,360.882334
42,8,360.893337
42,8,360.904339
40,10,360.917342
41,9,360.930345
40,10,360.947349
40,10,360.960352
-65,15,360.980356
34,16,361.002361
-64,14,361.022365
42,8,361.033368
42,8,361.045371
-63,13,361.062375
35,15,361.083379
35,15,361.101383
38,12,361.118387
-54,4,361.124389
40,10,361.140392
40,10,361.152395
40,10,361.168402
40,10,361.181405
-60,10,361.196408
38,12,361.213411
40,10,361.226414
39,11,361.242418
38,12,361.259422
-54,4,361.266423
40,10,361.281427
36,14,361.299431
42,8,361.311434
42,8,361.322436
39,11,361.33744
38,12,361.354443
42,8,361.366446
39,11,361.382449
42,8,361.394452
38,12,361.412456
42,8,361.422459
-60,10,361.435462
42,8,361.447465
42,8,361.459467
-57,7,361.469469
41,9,361.482472
38,12,361.499476
40,10,361.515479
37,13,361.532484
38,12,361.549487
42,8,361.56149
42,8,361.573493
-56,6,361.580495
40,10,361.595498
-52,2,361.597499
-57,7,361.6085
42,8,361.620503
32,18,361.645509
-52,2,361.64751
40,10,361.663513
41,9,361.676516
40,10,361.688518
40,10,361.705522
42,8,361.716525
42,8,361.727527
40,10,361.74053
40,10,361.756534
38,12,361.773538
42,8,361.785541
42,8,361.797544
39,11,361.812546
42,8,361.82455
40,10,361.837552
-54,4,361.844554
-52,2,361.848555
42,8,361.859557
40,10,361.87356
38,12,361.889564
42,8,361.901567
40,10,361.91757
35,15,361.937575
-67,17,361.96358
42,8,361.976583
41,9,361.988586
40,10,362.001589
40,10,362.017592
-62,12,362.032597
42,8,362.043598
42,8,362.056601
35,15,362.076606
-54,4,362.082607
36,14,362.101612
40,10,362.116741
38,12,362.131744
42,8,362.144747
41,9,362.15675
42,8,362.169753
42,8,362.181755
38,12,362.197759
-59,9,362.210762
-55,5,362.216763
41,9,362.231767
36,14,362.24977
38,12,362.265774
-52,2,362.269775
38,12,362.28678
38,12,362.303783
-56,6,362.310784
39,11,362.326788
-59,9,362.33779
39,11,362.354795
40,10,362.367797
42,8,362.3798
-56,6,362.389802
42,8,362.400805
40,10,362.413808
40,10,362.428811
38,12,362.445815
40,10,362.458817
38,12,362.476822
40,10,362.492825
39,11,362.508829
39,11,362.521832
-53,3,362.526834
38,12,362.544837
40,10,362.55984
40,10,362.572844
42,8,362.583846
42,8,362.595848
-55,5,362.60285
39,11,362.618854
42,8,362.631857
42,8,362.642859
42,8,362.653862
40,10,362.669866
40,10,362.683868
42,8,362.694871
42,8,362.706874
42,8,362.718876
40,10,362.73488
40,10,362.746882
42,8,362.758885
38,12,362.775889
42,8,362.787892
42,8,362.798894
-54,4,362.804895
40,10,362.818899
42,8,362.830902
-54,4,362.836903
42,8,362.847905
37,13,362.865909
-57,7,362.875912
-56,6,362.883914
41,9,362.895916
-52,2,362.900917
-56,6,362.907919
42,8,362.918921
-52,2,362.922922
38,12,362.939926
39,11,362.95593
42,8,362.967932
42,8,362.978935
-53,3,362.981936
-56,6,362.991938
39,11,363.007941
-54,4,363.012942
39,11,363.025946
42,8,363.038948
40,10,363.053952
39,11,363.070956
42,8,363.081958
42,8,363.092961
41,9,363.104964
42,8,363.117966
40,10,363.129969
42,8,363.141971
42,8,363.153975
42,8,363.165977
42,8,363.17798
42,8,363.189982
42,8,363.201985
42,8,363.213988
-54,4,363.218989
42,8,363.230992
42,8,363.242994
42,8,363.253997
36,14,363.273001
40,10,363.285004
-54,4,363.291006
38,12,363.308009
40,10,363.323013
37,13,363.341016
42,8,363.353019
42,8,363.365022
-52,2,363.368022
42,8,363.379025
42,8,363.391027
40,10,363.405031
42,8,363.416033
39,11,363.432037
40,10,363.44504
40,10,363.460043
42,8,363.472046
33,17,363.494051
34,16,363.517056
40,10,363.532059
42,8,363.543062
40,10,363.556065
-62,12,363.571068
34,16,363.594074
38,12,363.611077
37,13,363.628081
40,10,363.644085
41,9,363.656087
33,17,363.678092
-54,4,363.684094
40,10,363.700097
38,12,363.717101
42,8,363.729104
-56,6,363.736106
42,8,363.748108
35,15,363.768113
42,8,363.779115
40,10,363.795119
38,12,363.812124
42,8,363.823127
-52,2,363.825127
40,10,363.841131
-57,7,363.849133
-61,11,363.864137
-56,6,363.874139
36,14,363.892143
41,9,363.905146
40,10,363.921149
40,10,363.933152
38,12,363.951156
42,8,363.962158
42,8,363.973161
42,8,363.985163
39,11,364.000167
-56,6,364.010169
34,16,364.031174
41,9,364.043177
34,16,364.064182
40,10,364.077184
-52,2,364.081185
36,14,364.09919
42,8,364.110192
42,8,364.122195
40,10,364.138201
41,9,364.150203
40,10,364.165207
42,8,364.176209
42,8,364.189212
40,10,364.201214
42,8,364.214217
42,8,364.225219
40,10,364.240223
41,9,364.253226
-55,5,364.259228
40,10,364.274231
36,14,364.291234
40,10,364.307238
41,9,364.319241
42,8,364.330244
39,11,364.346247
-56,6,364.353249
40,10,364.369252
42,8,364.382255
42,8,364.394258
42,8,364.405261
42,8,364.417263
42,8,364.429266
41,9,364.441268
-54,4,364.44627
34,16,364.468274
34,16,364.490279
-56,6,364.497282
42,8,364.508283
39,11,364.524289
38,12,364.540293
42,8,364.553296
-55,5,364.559297
42,8,364.569299
40,10,364.585303
38,12,364.602307
42,8,364.613309
42,8,364.625312
39,11,364.641318
39,11,364.655321
40,10,364.670325
40,10,364.684328
42,8,364.696331
42,8,364.706333
41,9,364.721336
40,10,364.734339
40,10,364.749342
38,12,364.766346
40,10,364.778349
42,8,364.790352
40,10,364.805355
39,11,364.819358
38,12,364.834362
-56,6,364.845364
42,8,364.856367
-57,7,364.866369
39,11,364.879372
40,10,364.895375
40,10,364.909379
42,8,364.921381
34,16,364.943386
40,10,364.95939
42,8,364.971392
-63,13,364.987396
40,10,365.0034
42,8,365.015403
42,8,365.025404
42,8,365.037407
42,8,365.04841
42,8,365.059412
36,14,365.078417
41,9,365.089419
42,8,365.101422
28,22,365.133429
42,8,365.144431
38,12,365.162436
-55,5,365.168437
26,24,365.199444
35,15,365.219448
38,12,365.234452
-52,2,365.236453
41,9,365.251456
39,11,365.264459
-54,4,365.27146
42,8,365.282463
42,8,365.294465
38,12,365.309469
40,10,365.325472
36,14,365.343477
40,10,365.35948
42,8,365.372483
41,9,365.385486
42,8,365.396489
39,11,365.412493
40,10,365.425495
39,11,365.441498
38,12,365.458502
42,8,365.470505
42,8,365.481507
41,9,365.49351
36,14,365.513515
-57,7,365.523517
41,9,365.53652
40,10,365.549523
-55,5,365.558525
37,13,365.576529
42,8,365.588532
42,8,365.599534
41,9,365.611537
42,8,365.622539
39,11,365.638543
40,10,365.652547
-55,5,365.660547
42,8,365.67255
38,12,365.688554
41,9,365.700558
42,8,365.711559
40,10,365.725562
-52,2,365.729563
41,9,365.741566
-56,6,365.751568
42,8,365.76257
40,10,365.776574
-52,2,365.780576
41,9,365.792578
42,8,365.80458
42,8,365.816583
40,10,365.829586
42,8,365.840588
37,13,365.861593
42,8,365.872596
37,13,365.889599
-56,6,365.897601
-60,10,365.911604
40,10,365.925607
32,18,365.949613
31,19,365.973618
40,10,365.987621
42,8,365.999624
39,11,366.015628
39,11,366.031632
38,12,366.048635
38,12,366.065639
-60,10,366.078642
42,8,366.091645
42,8,366.102647
-58,8,366.11365
-57,7,366.123652
40,10,366.136655
-52,2,366.140656
-52,2,366.142657
42,8,366.153659
42,8,366.164661
42,8,366.175664
-57,7,366.186666
36,14,366.206671
42,8,366.219674
38,12,366.235677
-56,6,366.242679
38,12,366.260683
-56,6,366.270685
40,10,366.283688
37,13,366.300692
42,8,366.312695
39,11,366.327698
42,8,366.339701
40,10,366.354704
41,9,366.366707
38,12,366.383711
-54,4,366.389712
40,10,366.402715
42,8,366.413718
-54,4,366.420719
-57,7,366.430722
42,8,366.442726
-56,6,366.451728
42,8,366.463731
38,12,366.480735
42,8,366.492738
41,9,366.50574
42,8,366.516743
34,16,366.538748
42,8,366.550751
42,8,366.562753
42,8,366.573756
42,8,366.584758
42,8,366.596761
38,12,366.612764
42,8,366.624768
41,9,366.63577
40,10,366.651773
-54,4,366.657775
40,10,366.670778
-59,9,366.68278
41,9,366.696783
-55,5,366.703785
-60,10,366.715787
-57,7,366.72679
-55,5,366.732791
38,12,366.749795
42,8,366.761798
38,12,366.778802
39,11,366.794806
36,14,366.815811
40,10,366.828813
-52,2,366.832814
-57,7,366.839815
42,8,366.851818
40,10,366.867822
40,10,366.880825
42,8,366.891827
37,13,366.912832
41,9,366.923837
36,14,366.942842
42,8,366.954844
40,10,366.969847
41,9,366.98385
40,10,366.998854
-56,6,367.005856
-60,10,367.020859
42,8,367.032861
39,11,367.045864
40,10,367.061868
42,8,367.073871
40,10,367.085874
-52,2,367.089874
42,8,367.101877
40,10,367.11488
42,8,367.125882
42,8,367.13801
39,11,367.154013
42,8,367.166016
42,8,367.177019
42,8,367.188021
42,8,367.200024
42,8,367.211026
38,12,367.229031
42,8,367.241033
-56,6,367.251035
42,8,367.263038
-55,5,367.269039
38,12,367.286043
-56,6,367.294045
42,8,367.305047
-61,11,367.320051
42,8,367.332053
-58,8,367.344056
40,10,367.359059
42,8,367.371062
41,9,367.382065
41,9,367.395067
40,10,367.410071
42,8,367.423074
41,9,367.434077
40,10,367.44808
42,8,367.459082
42,8,367.470085
-55,5,367.479087
37,13,367.49609
-52,2,367.498091
38,12,367.516095
42,8,367.527098
38,12,367.544101
42,8,367.556104
-54,4,367.562105
-57,7,367.572108
38,12,367.588111
38,12,367.605115
40,10,367.620118
42,8,367.631121
42,8,367.644124
42,8,367.655126
-55,5,367.660127
42,8,367.67213
39,11,367.689134
-56,6,367.696136
-52,2,367.700136
-58,8,367.712139
40,10,367.725142
37,13,367.743146
42,8,367.754148
-53,3,367.75915
39,11,367.776154
42,8,367.788156
42,8,367.799159
42,8,367.811161
42,8,367.823164
40,10,367.837167
38,12,367.853171
38,12,367.871175
42,8,367.883178
41,9,367.897181
42,8,367.909184
40,10,367.923186
42,8,367.935189
42,8,367.946192
42,8,367.957194
42,8,367.9692
38,12,367.986204
42,8,367.998206
40,10,368.012209
-56,6,368.020211
38,12,368.035215
42,8,368.046217
-52,2,368.050218
40,10,368.063221
42,8,368.075223
40,10,368.090228
33,17,368.112232
42,8,368.124234
42,8,368.135237
35,15,368.157242
41,9,368.169456
-52,2,368.173248
42,8,368.185251
42,8,368.197254
-52,2,368.201255
38,12,368.217257
-59,9,368.229261
42,8,368.240263
42,8,368.253266
35,15,368.274273
-55,5,368.280274
42,8,368.292277
-56,6,368.302279
42,8,368.313282
40,10,368.326285
41,9,368.338287
38,12,368.355291
42,8,368.366293
42,8,368.378433
-63,13,368.396439
42,8,368.409443
-54,4,368.415443
42,8,368.426445
38,12,368.443449
-56,6,368.450451
40,10,368.466455
42,8,368.478458
40,10,368.49146
-53,3,368.495461
-60,10,368.508464
-52,2,368.513465
38,12,368.529469
42,8,368.541471
-58,8,368.552474
-57,7,368.562478
-54,4,368.56748
40,10,368.580483
42,8,368.592485
40,10,368.607488
40,10,368.620491
40,10,368.636495
41,9,368.649498
42,8,368.6605
-52,2,368.6615
-57,7,368.672503
41,9,368.684506
38,12,368.70251
42,8,368.714512
40,10,368.729516
42,8,368.740518
36,14,368.757523
42,8,368.769525
40,10,368.785528
-54,4,368.79153
42,8,368.802532
38,12,368.819536
40,10,368.832539
-60,10,368.847543
38,12,368.864547
-59,9,368.875549
40,10,368.892552
-57,7,368.900555
42,8,368.912557
42,8,368.924559
40,10,368.939565
42,8,368.951568
-55,5,368.957569
34,16,368.980575
41,9,368.992577
42,8,369.003579
38,12,369.020583
-58,8,369.030586
40,10,369.045589
40,10,369.058591
-53,3,369.063593
40,10,369.078596
42,8,369.089599
42,8,369.101601
-52,2,369.103602
38,12,369.120606
40,10,369.136609
42,8,369.148612
37,13,369.165616
-58,8,369.177619
40,10,369.190621
41,9,369.205625
42,8,369.216627
-53,3,369.218628
42,8,369.22963
40,10,369.244634
32,18,369.266639
42,8,369.277641
40,10,369.291644
-56,6,369.299647
40,10,369.31465
41,9,369.326652
-54,4,369.331654
-58,8,369.342656
38,12,369.359659
42,8,369.372663
41,9,369.383665
42,8,369.396668
36,14,369.417673
38,12,369.434676
42,8,369.44768
42,8,369.457682
42,8,369.470685
42,8,369.481687
36,14,369.499691
42,8,369.511694
-55,5,369.520696
42,8,369.531698
38,12,369.548703
42,8,369.560705
42,8,369.571708
-56,6,369.578709
36,14,369.598714
42,8,369.610716
42,8,369.622719
-57,7,369.62972
40,10,369.644723
-58,8,369.655726
41,9,369.66773
39,11,369.683733
42,8,369.695735
40,10,369.707738
40,10,369.724742
41,9,369.736745
39,11,369.752875
40,10,369.766878
42,8,369.77788
38,12,369.792884
34,16,369.815889
35,15,369.835893
42,8,369.847896
-52,2,369.851897
-55,5,369.857898
-60,10,369.869901
-58,8,369.880904
-52,2,369.885905
40,10,369.899908
40,10,369.915912
42,8,369.926914
-55,5,369.933916
40,10,369.948919
40,10,369.962922
40,10,369.977925
40,10,369.990928
42,8,370.000931
40,10,370.015934
41,9,370.027937
36,14,370.045941
38,12,370.062945
38,12,370.078948
41,9,370.092952
41,9,370.105954
38,12,370.121958
40,10,370.134961
42,8,370.146963
42,8,370.157966
-57,7,370.167968
39,11,370.184972
37,13,370.201976
42,8,370.213978
42,8,370.225982
40,10,370.240985
42,8,370.252987
35,15,370.269991
36,14,370.288996
36,14,370.306999
38,12,370.324003
41,9,370.339007
41,9,370.35101
-52,2,370.35301
40,10,370.368013
40,10,370.381016
39,11,370.39702
42,8,370.409023
-59,9,370.420025
42,8,370.432028
42,8,370.44303
40,10,370.459034
29,21,370.48604
40,10,370.502044
-55,5,370.508045
-55,5,370.515046
42,8,370.526049
42,8,370.538052
42,8,370.550054
-56,6,370.559056
41,9,370.571059
-54,4,370.57606
38,12,370.593064
40,10,370.606067
38,12,370.623071
40,10,370.639074
-62,12,370.656078
36,14,370.673082
41,9,370.688086
34,16,370.70909
42,8,370.721093
42,8,370.732096
42,8,370.744098
38,12,370.760102
-58,8,370.772104
-58,8,370.783107
-56,6,370.790109
40,10,370.805112
42,8,370.817114
39,11,370.831118
38,12,370.847122
42,8,370.859126
40,10,370.87513
-55,5,370.881131
40,10,370.897135
42,8,370.908137
40,10,370.92114
38,12,370.938144
42,8,370.950146
-56,6,370.959149
-55,5,370.96615
42,8,370.977153
42,8,370.988155
42,8,370.999157
40,10,371.012161
-52,2,371.016161
-58,8,371.027164
38,12,371.045168
-67,17,371.067173
36,14,371.087178
37,13,371.105278
42,8,371.117298
42,8,371.127301
42,8,371.139303
40,10,371.152306
40,10,371.16731
40,10,371.180313
42,8,371.192315
42,8,371.203318
-55,5,371.21232
41,9,371.223322
42,8,371.236325
42,8,371.246328
40,10,371.259331
42,8,371.271335
-57,7,371.281338
40,10,371.296341
42,8,371.309344
42,8,371.320346
36,14,371.33835
40,10,371.354354
38,12,371.370358
37,13,371.388361
38,12,371.403365
40,10,371.416368
-62,12,371.431371
-52,2,371.436373
40,10,371.449375
40,10,371.465379
42,8,371.477382
-55,5,371.483383
36,14,371.503387
40,10,371.51639
38,12,371.532394
-59,9,371.543397
37,13,371.563401
42,8,371.575404
40,10,371.588407
38,12,371.60541
42,8,371.618413
42,8,371.629416
-54,4,371.636417
40,10,371.651421
36,14,371.669425
42,8,371.681428
36,14,371.701432
36,14,371.718436
42,8,371.730439
38,12,371.746442
-61,11,371.762446
40,10,371.774449
38,12,371.791453
42,8,371.803455
-58,8,371.813458
-52,2,371.818458
38,12,371.835462
42,8,371.848465
38,12,371.865469
40,10,371.878473
41,9,371.893476
41,9,371.905478
-58,8,371.916481
-55,5,371.923482
39,11,371.939486
40,10,371.951488
-52,2,371.955489
40,10,371.969492
34,16,371.990497
-58,8,372.0035
-55,5,372.011502
40,10,372.025505
-66,16,372.047511
42,8,372.059513
40,10,372.075516
38,12,372.092521
40,10,372.104523
42,8,372.117526
42,8,372.129529
42,8,372.140531
40,10,372.155534
42,8,372.167537
42,8,372.178647
42,8,372.19165
41,9,372.203653
42,8,372.214656
-59,9,372.227658
40,10,372.241661
42,8,372.253664
40,10,372.266667
-56,6,372.276669
38,12,372.294673
42,8,372.307676
42,8,372.319679
42,8,372.331682
38,12,372.348686
42,8,372.360688
-58,8,372.370691
37,13,372.388694
42,8,372.400697
42,8,372.4117
38,12,372.428704
-59,9,372.439706
40,10,372.455709
42,8,372.466712
42,8,372.478715
42,8,372.489717
-56,6,372.497719
42,8,372.508721
42,8,372.520724
-55,5,372.526726
42,8,372.537728
-52,2,372.541729
38,12,372.558733
42,8,372.570735
42,8,372.582738
42,8,372.59374
42,8,372.604743
42,8,372.616746
-57,7,372.627748
42,8,372.639751
-55,5,372.645752
37,13,372.662756
38,12,372.67876
-56,6,372.688762
40,10,372.702765
42,8,372.713768
42,8,372.725773
42,8,372.737776
36,14,372.75778
-54,4,372.763781
38,12,372.780786
42,8,372.793788
41,9,372.806791
40,10,372.819794
42,8,372.831797
40,10,372.8468
42,8,372.859803
42,8,372.870806
42,8,372.882808
37,13,372.900812
38,12,372.915815
-52,2,372.920816
-55,5,372.927819
42,8,372.938821
38,12,372.955825
38,12,372.972829
42,8,372.984831
40,10,372.997834
-54,4,373.002835
42,8,373.015838
42,8,373.027841
38,12,373.045845
42,8,373.057849
38,12,373.075854
41,9,373.090857
-55,5,373.097859
38,12,373.114863
36,14,373.133867
42,8,373.144869
-55,5,373.153871
40,10,373.166874
39,11,373.182878
41,9,373.194881
-56,6,373.204883
-57,7,373.212884
36,14,373.232889
-55,5,373.23889
42,8,373.250893
-57,7,373.261895
42,8,373.273898
40,10,373.285901
38,12,373.303905
-61,11,373.319908
-56,6,373.329911
40,10,373.34304
-54,4,373.349041
42,8,373.361043
42,8,373.372046
40,10,373.388049
-52,2,373.39005
38,12,373.407054
-52,2,373.411055
40,10,373.423057
40,10,373.439063
42,8,373.450066
42,8,373.461068
36,14,373.480073
42,8,373.491075
-56,6,373.501077
42,8,373.514081
42,8,373.525082
42,8,373.538085
40,10,373.551088
-55,5,373.55709
41,9,373.572093
-52,2,373.574093
42,8,373.585096
42,8,373.5971
33,17,373.620104
41,9,373.634107
42,8,373.645109
36,14,373.663114
40,10,373.677117
-55,5,373.684118
-54,4,373.69012
37,13,373.707124
40,10,373.723127
40,10,373.73513
42,8,373.747133
-53,3,373.752134
-55,5,373.758135
41,9,373.771138
-55,5,373.78014
42,8,373.791143
40,10,373.805146
42,8,373.818148
-55,5,373.82415
34,16,373.846155
42,8,373.859158
37,13,373.879162
39,11,373.893166
38,12,373.90917
-56,6,373.918171
42,8,373.930174
37,13,373.947178
-54,4,373.953179
40,10,373.967182
42,8,373.980185
40,10,373.993188
39,11,374.009192
-52,2,374.011192
40,10,374.027196
-55,5,374.033197
42,8,374.0462
-58,8,374.056202
-56,6,374.066204
42,8,374.078207
38,12,374.095211
37,13,374.112217
42,8,374.124219
42,8,374.136222
-54,4,374.141223
42,8,374.153226
37,13,374.17023
40,10,374.185233
40,10,374.198237
42,8,374.210239
40,10,374.225242
40,10,374.239246
42,8,374.251248
37,13,374.269252
-54,4,374.275254
-60,10,374.290257
-52,2,374.292258
38,12,374.309261
40,10,374.325265
42,8,374.337268
42,8,374.34927
42,8,374.361273
42,8,374.373276
40,10,374.386279
40,10,374.401282
-59,9,374.414285
-56,6,374.423287
42,8,374.43529
40,10,374.447293
39,11,374.463296
38,12,374.4793
-55,5,374.487301
36,14,374.506305
42,8,374.519309
39,11,374.533312
42,8,374.545314
42,8,374.556317
-56,6,374.566319
42,8,374.578322
42,8,374.590325
42,8,374.602459
38,12,374.619462
38,12,374.635466
-55,5,374.642467
42,8,374.65347
42,8,374.664473
39,11,374.680476
42,8,374.692479
40,10,374.705482
40,10,374.721485
42,8,374.732488
-56,6,374.73949
-56,6,374.749491
41,9,374.761494
41,9,374.774497
-52,2,374.778498
40,10,374.791501
40,10,374.807505
-56,6,374.814506
42,8,374.826509
40,10,374.842512
42,8,374.854516
42,8,374.866518
40,10,374.879521
40,10,374.895525
42,8,374.907527
42,8,374.917529
42,8,374.929533
38,12,374.946536
40,10,374.959539
42,8,374.971541
42,8,374.982544
-52,2,374.986545
42,8,374.998548
-58,8,375.009551
38,12,375.027554
36,14,375.046558
42,8,375.058561
40,10,375.074565
42,8,375.086567
39,11,375.102571
-54,4,375.109573
42,8,375.120575
38,12,375.137579
42,8,375.148582
38,12,375.165585
42,8,375.177588
42,8,375.189591
42,8,375.201593
37,13,375.218377
-54,4,375.2236
-58,8,375.235603
-56,6,375.242605
39,11,375.259609
42,8,375.271611
40,10,375.288615
42,8,375.298617
40,10,375.312621
42,8,375.323623
42,8,375.335625
42,8,375.347629
40,10,375.363631
-52,2,375.365632
36,14,375.384637
42,8,375.39764
38,12,375.413643
40,10,375.426646
40,10,375.44265
40,10,375.453652
40,10,375.469656
40,10,375.482659
-52,2,375.48666
-58,8,375.497662
38,12,375.514666
36,14,375.53267
42,8,375.544673
-54,4,375.550674
37,13,375.568679
-56,6,375.57768
-52,2,375.57968
42,8,375.590683
36,14,375.612688
40,10,375.625691
42,8,375.637694
38,12,375.653697
35,15,375.673702
34,16,375.694707
40,10,375.70971
38,12,375.725713
-58,8,375.737716
42,8,375.749719
37,13,375.766723
42,8,375.778725
40,10,375.791729
37,13,375.810733
41,9,375.823736
42,8,375.835738
37,13,375.852863
-52,2,375.857864
42,8,375.869866
42,8,375.880869
42,8,375.892871
40,10,375.906875
40,10,375.922878
36,14,375.940882
41,9,375.952885
42,8,375.963888
42,8,375.975892
42,8,375.988895
42,8,376.000898
-55,5,376.0099
40,10,376.022903
-55,5,376.029905
42,8,376.041907
38,12,376.058911
42,8,376.070914
39,11,376.086917
41,9,376.09792
42,8,376.109922
42,8,376.121925
41,9,376.135928
-57,7,376.143931
42,8,376.155933
42,8,376.166935
41,9,376.181939
-58,8,376.192941
-55,5,376.199943
37,13,376.216946
42,8,376.228949
42,8,376.240952
42,8,376.252955
40,10,376.268958
42,8,376.280961
37,13,376.297965
38,12,376.315971
40,10,376.328974
42,8,376.339977
-57,7,376.349979
37,13,376.367983
42,8,376.377985
41,9,376.392989
40,10,376.406992
40,10,376.421995
40,10,376.434998
38,12,376.452002
42,8,376.464005
40,10,376.480008
40,10,376.493011
42,8,376.504013
42,8,376.517016
37,13,376.53402
42,8,376.546023
42,8,376.558026
38,12,376.575029
38,12,376.592154
-53,3,376.596155
40,10,376.612158
40,10,376.625161
42,8,376.637164
38,12,376.654169
42,8,376.66517
40,10,376.680174
42,8,376.692176
42,8,376.703179
42,8,376.715182
42,8,376.726185
40,10,376.739188
40,10,376.755192
39,11,376.770197
40,10,376.786201
-55,5,376.791202
39,11,376.808205
42,8,376.820208
38,12,376.836212
40,10,376.850215
42,8,376.861217
-59,9,376.875221
36,14,376.891224
42,8,376.904227
41,9,376.91623
-52,2,376.920231
-56,6,376.927232
-52,2,376.931233
-54,4,376.937234
42,8,376.950238
40,10,376.96224
42,8,376.974244
42,8,376.986246
42,8,376.997248
36,14,377.018253
39,11,377.034256
40,10,377.04826
-52,2,377.052261
42,8,377.064263
42,8,377.076266
-55,5,377.082267
39,11,377.099271
42,8,377.110273
39,11,377.123276
40,10,377.13928
40,10,377.152283
41,9,377.167406
40,10,377.179409
-52,2,377.18541
41,9,377.196413
42,8,377.208416
39,11,377.225419
-59,9,377.237422
-56,6,377.244423
42,8,377.257426
40,10,377.27343
42,8,377.286433
42,8,377.297435
38,12,377.314439
40,10,377.326442
-56,6,377.336444
39,11,377.352448
40,10,377.36545
41,9,377.377453
34,16,377.399459
42,8,377.411461
-65,15,377.431466
38,12,377.448469
-52,2,377.45347
41,9,377.465473
39,11,377.482477
-55,5,377.489478
-60,10,377.501481
-55,5,377.510483
41,9,377.523486
39,11,377.53949
-57,7,377.547492
42,8,377.559496
31,19,377.585502
-58,8,377.596504
41,9,377.608507
38,12,377.624511
40,10,377.640514
-54,4,377.646517
38,12,377.66252
40,10,377.675522
42,8,377.688525
42,8,377.700528
-55,5,377.70853
-55,5,377.715531
42,8,377.727534
-54,4,377.734535
40,10,377.748538
40,10,377.763543
42,8,377.775545
39,11,377.790548
-62,12,377.807552
36,14,377.825556
42,8,377.838559
41,9,377.849561
40,10,377.865565
-61,11,377.881568
38,12,377.897572
-58,8,377.908575
42,8,377.920577
40,10,377.934581
42,8,377.946583
40,10,377.960586
41,9,377.97459
-59,9,377.986592
39,11,378.002596
40,10,378.015599
38,12,378.032603
-54,4,378.037604
-56,6,378.047606
42,8,378.059609
38,12,378.077613
42,8,378.088615
37,13,378.105619
40,10,378.121622
34,16,378.144628
-58,8,378.15463
-58,8,378.165632
-52,2,378.167633
42,8,378.179636
40,10,378.195639
-55,5,378.201641
40,10,378.215644
40,10,378.231647
41,9,378.244651
42,8,378.256653
36,14,378.276657
-62,12,378.292661
40,10,378.306664
-56,6,378.316666
-52,2,378.318667
42,8,378.32967
40,10,378.345808
40,10,378.358812
-60,10,378.373815
41,9,378.386818
40,10,378.399821
-52,2,378.403822
36,14,378.420825
42,8,378.433829
42,8,378.445831
40,10,378.461835
40,10,378.474838
42,8,378.48584
42,8,378.497844
36,14,378.519848
-57,7,378.52985
39,11,378.543853
42,8,378.556856
38,12,378.57286
38,12,378.588863
-59,9,378.603867
40,10,378.61687
40,10,378.632873
42,8,378.643876
42,8,378.655878
-57,7,378.663881
-52,2,378.666881
39,11,378.682885
-52,2,378.684885
42,8,378.696888
-54,4,378.702889
42,8,378.713892
42,8,378.725894
42,8,378.736897
36,14,378.756901
40,10,378.770905
42,8,378.782907
40,10,378.798911
42,8,378.809913
42,8,378.820915
41,9,378.833919
38,12,378.850923
40,10,378.862925
42,8,378.874928
36,14,378.893932
38,12,378.909936
42,8,378.921938
42,8,378.933942
42,8,378.945944
42,8,378.956946
42,8,378.969949
42,8,378.980952
38,12,378.997956
-54,4,379.003957
42,8,379.01596
-55,5,379.022961
38,12,379.038965
42,8,379.050967
42,8,379.06297
40,10,379.077974
40,10,379.090976
-57,7,379.100979
-56,6,379.10798
42,8,379.118983
38,12,379.135987
39,11,379.15199
37,13,379.168994
42,8,379.180997
39,11,379.198001
42,8,379.209003
40,10,379.225007
36,14,379.243011
42,8,379.256014
42,8,379.267016
42,8,379.279019
40,10,379.294022
-56,6,379.303024
42,8,379.313028
40,10,379.328032
-55,5,379.335034
35,15,379.356038
40,10,379.369041
40,10,379.384044
42,8,379.395047
40,10,379.40905
-60,10,379.425053
40,10,379.438057
40,10,379.45506
-52,2,379.456061
42,8,379.469064
42,8,379.480066
-61,11,379.49707
-59,9,379.509073
40,10,379.525076
40,10,379.537079
42,8,379.549082
38,12,379.565086
-52,2,379.570087
42,8,379.581089
40,10,379.595092
40,10,379.610095
37,13,379.627099
-52,2,379.6291
36,14,379.650249
38,12,379.667253
-55,5,379.674255
40,10,379.689258
-59,9,379.701261
-54,4,379.706262
40,10,379.720265
38,12,379.736269
-56,6,379.747271
42,8,379.758273
39,11,379.774277
34,16,379.797282
42,8,379.809285
42,8,379.821288
40,10,379.833291
35,15,379.854295
40,10,379.867298
-54,4,379.873299
38,12,379.890303
42,8,379.902306
42,8,379.914309
42,8,379.926311
39,11,379.942315
-56,6,379.953317
36,14,379.971324
41,9,379.983327
42,8,379.995329
41,9,380.009332
42,8,380.022335
42,8,380.034338
28,22,380.061344
-54,4,380.067346
41,9,380.080349
-56,6,380.08935
-55,5,380.095352
38,12,380.112355
41,9,380.124358
40,10,380.139362
42,8,380.152364
34,16,380.17437
-55,5,380.182371
42,8,380.194374
42,8,380.205376
39,11,380.22138
42,8,380.234383
39,11,380.250387
-52,2,380.252387
39,11,380.26739
41,9,380.280394
-55,5,380.287395
40,10,380.302399
40,10,380.313402
40,10,380.329404
36,14,380.345408
38,12,380.361414
42,8,380.372416
42,8,380.385419
42,8,380.396422
42,8,380.408424
39,11,380.424428
42,8,380.437431
40,10,380.452434
42,8,380.464438
40,10,380.47644
42,8,380.489443
41,9,380.500445
42,8,380.512448
41,9,380.527451
42,8,380.539454
40,10,380.551456
38,12,380.56846
42,8,380.580463
38,12,380.597467
40,10,380.613471
36,14,380.631475
40,10,380.645478
41,9,380.658481
40,10,380.672484
42,8,380.684487
42,8,380.695489
42,8,380.707492
36,14,380.728496
40,10,380.741499
40,10,380.757504
42,8,380.769506
-56,6,380.775507
39,11,380.792511
40,10,380.808515
42,8,380.820517
42,8,380.831521
42,8,380.843523
35,15,380.861526
34,16,380.882531
42,8,380.895664
42,8,380.907668
42,8,380.918669
-55,5,380.927671
-59,9,380.939674
40,10,380.952677
-58,8,380.96368
41,9,380.978683
40,10,380.991686
-60,10,381.005689
42,8,381.018692
42,8,381.030695
41,9,381.041697
37,13,381.058701
-60,10,381.073704
40,10,381.087708
42,8,381.09971
42,8,381.111713
42,8,381.123716
36,14,381.144721
42,8,381.156723
42,8,381.168726
42,8,381.180729
42,8,381.192731
-56,6,381.200733
42,8,381.212736
-58,8,381.223738
42,8,381.235741
40,10,381.250744
31,19,381.27475
42,8,381.286752
40,10,381.302756
42,8,381.315759
-59,9,381.326761
40,10,381.342765
40,10,381.355768
-59,9,381.366771
-56,6,381.376773
-59,9,381.388777
42,8,381.400781
39,11,381.416784
34,16,381.43779
40,10,381.450793
42,8,381.461796
42,8,381.473798
42,8,381.485803
42,8,381.495805
40,10,381.510808
42,8,381.522811
-54,4,381.527812
-54,4,381.533814
42,8,381.544817
40,10,381.557819
-54,4,381.563821
41,9,381.577824
42,8,381.589827
39,11,381.603829
-60,10,381.618833
39,11,381.633836
42,8,381.644839
42,8,381.656842
42,8,381.667844
-54,4,381.674846
40,10,381.686848
-59,9,381.698851
40,10,381.713854
42,8,381.724857
-59,9,381.737859
40,10,381.752863
41,9,381.764867
42,8,381.776869
-56,6,381.783871
42,8,381.794873
42,8,381.806875
-62,12,381.822879
42,8,381.834882
39,11,381.851885
38,12,381.867889
41,9,381.880892
-57,7,381.890894
40,10,381.904898
42,8,381.9169
42,8,381.928903
40,10,381.941906
42,8,381.953908
40,10,381.968912
38,12,381.984915
42,8,381.997919
-54,4,382.002919
42,8,382.014922
42,8,382.025925
-58,8,382.036927
42,8,382.04893
39,11,382.062933
42,8,382.074935
42,8,382.086938
37,13,382.106943
-57,7,382.113945
-55,5,382.122947
39,11,382.13695
40,10,382.152953
-59,9,382.163956
39,11,382.177959
42,8,382.189962
40,10,382.203091
42,8,382.214093
34,16,382.235098
-57,7,382.244101
42,8,382.256103
39,11,382.272106
42,8,382.284109
39,11,382.300113
42,8,382.312115
40,10,382.325118
42,8,382.337121
36,14,382.358126
40,10,382.371129
36,14,382.390133
-58,8,382.401136
41,9,382.413139
40,10,382.426141
40,10,382.441144
42,8,382.453147
42,8,382.46515
38,12,382.481154
39,11,382.496157
39,11,382.50916
-56,6,382.520163
40,10,382.534165
42,8,382.546169
39,11,382.562172
-59,9,382.574174
-55,5,382.583176
-61,11,382.597186
-57,7,382.607184
39,11,382.623188
39,11,382.639192
37,13,382.656195
42,8,382.668198
42,8,382.6792
40,10,382.691203
-55,5,382.700205
42,8,382.712208
-62,12,382.728211
39,11,382.741215
42,8,382.753217
42,8,382.76422
39,11,382.780224
40,10,382.796227
42,8,382.808232
40,10,382.821235
38,12,382.837238
40,10,382.852242
42,8,382.863245
38,12,382.880249
-58,8,382.89025
42,8,382.902253
-58,8,382.914256
42,8,382.925258
40,10,382.938261
42,8,382.949264
40,10,382.965267
-56,6,382.971269
40,10,382.987272
42,8,382.999275
-55,5,383.005276
-54,4,383.012278
42,8,383.02228
42,8,383.034283
42,8,383.047286
42,8,383.059288
42,8,383.070292
-55,5,383.076292
42,8,383.089295
-55,5,383.095296
-54,4,383.101298
42,8,383.1123
-59,9,383.126303
40,10,383.139307
42,8,383.151309
40,10,383.165496
-56,6,383.173314
38,12,383.18932
38,12,383.206324
42,8,383.217326
36,14,383.237331
40,10,383.250334
40,10,383.266337
42,8,383.27734
-55,5,383.284341
38,12,383.301345
40,10,383.313348
41,9,383.329351
42,8,383.339354
40,10,383.352357
40,10,383.36736
40,10,383.380492
42,8,383.392495
42,8,383.403497
36,14,383.424502
40,10,383.437505
38,12,383.452508
41,9,383.464511
39,11,383.479514
-58,8,383.490517
41,9,383.50352
41,9,383.518523
40,10,383.530526
36,14,383.552531
42,8,383.562533
40,10,383.576536
-56,6,383.585538
42,8,383.598541
42,8,383.609543
-62,12,383.625547
39,11,383.63955
38,12,383.655554
39,11,383.671557
36,14,383.690562
41,9,383.703565
40,10,383.716568
40,10,383.731571
-58,8,383.742573
34,16,383.764579
-56,6,383.77158
-60,10,383.786583
36,14,383.805588
41,9,383.821591
38,12,383.839595
39,11,383.852599
-55,5,383.8616
36,14,383.877604
-55,5,383.88497
40,10,383.899609
42,8,383.910611
40,10,383.923614
-56,6,383.934617
40,10,383.946622
42,8,383.958625
40,10,383.973628
38,12,383.990632
40,10,384.002635
42,8,384.014637
42,8,384.02664
42,8,384.039643
42,8,384.049645
40,10,384.066649
38,12,384.083653
42,8,384.095656
41,9,384.107658
42,8,384.119661
40,10,384.134664
36,14,384.152668
38,12,384.168672
41,9,384.180675
39,11,384.196679
39,11,384.212682
-55,5,384.218683
40,10,384.232687
38,12,384.24969
41,9,384.262693
40,10,384.275696
40,10,384.290699
42,8,384.303702
42,8,384.313705
42,8,384.325707
37,13,384.342711
42,8,384.355714
37,13,384.371718
-56,6,384.38272
42,8,384.393723
42,8,384.404725
42,8,384.416728
40,10,384.430731
40,10,384.445735
37,13,384.463739
-65,15,384.484743
38,12,384.501747
39,11,384.517751
38,12,384.534755
40,10,384.548758
39,11,384.564761
30,20,384.590767
-58,8,384.60277
-55,5,384.608771
36,14,384.628776
-56,6,384.635778
-62,12,384.652781
-52,2,384.655782
42,8,384.667785
42,8,384.678787
37,13,384.695793
42,8,384.707796
41,9,384.720799
42,8,384.732802
42,8,384.744804
40,10,384.760808
42,8,384.77281
40,10,384.785813
42,8,384.797817
36,14,384.81782
42,8,384.829823
38,12,384.845827
42,8,384.85783
42,8,384.868832
-55,5,384.875834
40,10,384.887836
41,9,384.90284
-56,6,384.910842
40,10,384.925845
42,8,384.936847
38,12,384.953851
40,10,384.966854
42,8,384.978857
42,8,384.989859
-56,6,384.999861
42,8,385.011864
38,12,385.027868
42,8,385.039871
-58,8,385.054874
39,11,385.071878
42,8,385.088882
40,10,385.108889
40,10,385.126892
40,10,385.147899
42,8,385.159902
40,10,385.175905
40,10,385.197911
42,8,385.212914
38,12,385.230918
42,8,385.244921
39,11,385.262925
42,8,385.276928
38,12,385.298933
-55,5,385.305936
42,8,385.319938
42,8,385.334941
39,11,385.355946
42,8,385.37195
-56,6,385.379952
-56,6,385.391956
42,8,385.40596
42,8,385.420963
42,8,385.435973
42,8,385.450972
42,8,385.466976
38,12,385.48498
40,10,385.501983
38,12,385.522988
-57,7,385.534991
41,9,385.549994
-54,4,385.556996
-58,8,385.570999
39,11,385.589003
40,10,385.606007
36,14,385.631013
-58,8,385.645016
42,8,385.660019
42,8,385.675023
-57,7,385.685025
-66,16,385.70903
39,11,385.725034
42,8,385.740037
42,8,385.75404
42,8,385.769044
38,12,385.791049
34,16,385.817056
42,8,385.83106
40,10,385.849064
42,8,385.862067
42,8,385.87607
38,12,385.896075
40,10,385.910078
42,8,385.925081
42,8,385.940084
-55,5,385.952087
40,10,385.967091
-56,6,385.976093
41,9,385.991096
36,14,386.015101
42,8,386.029104
42,8,386.046108
42,8,386.059111
41,9,386.078115
42,8,386.092119
40,10,386.107252
-55,5,386.115254
38,12,386.134258
-55,5,386.14326
-56,6,386.152262
42,8,386.165265
36,14,386.18927
40,10,386.203274
40,10,386.222278
40,10,386.239282
40,10,386.257286
40,10,386.273289
41,9,386.289293
42,8,386.305297
-52,2,386.311298
-60,10,386.328302
41,9,386.346306
42,8,386.360309
-54,4,386.367311
42,8,386.381314
39,11,386.397317
42,8,386.41032
-55,5,386.420323
-54,4,386.427324
42,8,386.441327
39,11,386.456331
-55,5,386.466333
42,8,386.480337
40,10,386.49634
42,8,386.510343
42,8,386.525346
40,10,386.54235
40,10,386.561354
40,10,386.578358
40,10,386.593361
42,8,386.607365
40,10,386.624368
41,9,386.638371
-57,7,386.651375
42,8,386.666378
42,8,386.679381
42,8,386.693384
40,10,386.708388
42,8,386.72139
42,8,386.736394
40,10,386.757399
42,8,386.772402
37,13,386.792406
41,9,386.80741
-56,6,386.818413
42,8,386.832415
-55,5,386.840417
35,15,386.864423
42,8,386.877425
39,11,386.894429
42,8,386.907432
42,8,386.922436
42,8,386.936439
40,10,386.953443
42,8,386.966445
-61,11,386.98545
42,8,386.999453
38,12,387.020458
41,9,387.036461
39,11,387.053465
40,10,387.069469
42,8,387.083472
-56,6,387.094474
42,8,387.107477
40,10,387.123481
41,9,387.138485
37,13,387.160489
40,10,387.175492
35,15,387.200498
40,10,387.216502
35,15,387.24264
34,16,387.270649
42,8,387.286653
-55,5,387.293655
40,10,387.311659
38,12,387.332663
29,21,387.36267
42,8,387.375673
42,8,387.390677
42,8,387.40468
41,9,387.418683
42,8,387.432687
-55,5,387.444689
37,13,387.464694
-56,6,387.472695
40,10,387.492699
42,8,387.508703
42,8,387.524707
38,12,387.545712
-54,4,387.551713
40,10,387.566716
42,8,387.58172
36,14,387.604725
-55,5,387.610726
42,8,387.625729
38,12,387.646735
42,8,387.660737
38,12,387.680743
42,8,387.694745
40,10,387.71475
-54,4,387.721751
-54,4,387.727753
42,8,387.742756
-58,8,387.755759
42,8,387.769762
42,8,387.783765
42,8,387.797768
40,10,387.812772
-58,8,387.827775
-52,2,387.831776
42,8,387.84678
40,10,387.861783
33,17,387.888788
-54,4,387.89579
40,10,387.915797
40,10,387.9318
39,11,387.950805
42,8,387.963808
39,11,387.984816
42,8,388.00082
41,9,388.015824
42,8,388.027826
41,9,388.04283
42,8,388.056833
38,12,388.075837
-56,6,388.08884
40,10,388.104844
38,12,388.123848
38,12,388.144852
41,9,388.159856
42,8,388.173859
42,8,388.186862
40,10,388.202866
40,10,388.22187
42,8,388.236873
40,10,388.252877
40,10,388.271881
-55,5,388.279883
-60,10,388.294886
38,12,388.313891
42,8,388.329895
40,10,388.350158
38,12,388.367905
42,8,388.382908
40,10,388.396912
42,8,388.411915
42,8,388.425918
41,9,388.443922
42,8,388.456925
40,10,388.472928
-55,5,388.47993
42,8,388.494933
40,10,388.513938
42,8,388.529941
-54,4,388.534942
-58,8,388.547945
40,10,388.562949
42,8,388.576952
38,12,388.596957
42,8,388.609959
40,10,388.628963
38,12,388.648968
42,8,388.661971
40,10,388.678975
38,12,388.698978
42,8,388.713982
40,10,388.734986
40,10,388.74999
-57,7,388.762993
38,12,388.783999
41,9,388.798003
42,8,388.812006
42,8,388.826009
-56,6,388.839012
42,8,388.853015
-56,6,388.862017
42,8,388.877021
-56,6,388.887022
40,10,388.904027
-58,8,388.91903
40,10,388.936034
38,12,388.959039
42,8,388.974042
42,8,388.991046
-60,10,389.00605
40,10,389.025054
42,8,389.039057
42,8,389.05306
38,12,389.072064
40,10,389.087068
42,8,389.102072
41,9,389.119077
40,10,389.134081
40,10,389.152084
40,10,389.165087
40,10,389.185092
42,8,389.200095
40,10,389.215099
42,8,389.231103
40,10,389.250107
42,8,389.26411
42,8,389.279113
42,8,389.295117
38,12,389.316121
39,11,389.331125
42,8,389.346129
42,8,389.360131
40,10,389.379135
40,10,389.394139
42,8,389.408142
42,8,389.423146
42,8,389.439149
42,8,389.453152
42,8,389.467156
38,12,389.48716
41,9,389.507164
40,10,389.522168
40,10,389.541172
42,8,389.555175
-54,4,389.562177
38,12,389.582181
39,11,389.597185
40,10,389.616189
40,10,389.632193
42,8,389.646196
40,10,389.6652
40,10,389.681204
42,8,389.695207
42,8,389.712211
38,12,389.734216
38,12,389.75622
-55,5,389.766223
42,8,389.781227
42,8,389.794229
42,8,389.808234
42,8,389.823238
-55,5,389.83124
40,10,389.846243
38,12,389.86725
42,8,389.881253
42,8,389.895256
42,8,389.909259
36,14,389.934265
-52,2,389.936265
-52,2,389.940266
42,8,389.95627
42,8,389.973274
38,12,389.993278
40,10,390.009282
42,8,390.024286
42,8,390.038288
-54,4,390.047291
40,10,390.063294
38,12,390.083298
42,8,390.098302
40,10,390.113305
41,9,390.131309
40,10,390.146313
38,12,390.165317
42,8,390.18032
40,10,390.202325
42,8,390.218328
38,12,390.236333
-55,5,390.244335
42,8,390.259338
42,8,390.276342
40,10,390.293346
42,8,390.308349
42,8,390.323352
42,8,390.337356
40,10,390.35536
42,8,390.369363
-56,6,390.376365
42,8,390.390368
42,8,390.405371
42,8,390.419374
42,8,390.433377
39,11,390.452381
42,8,390.468385
38,12,390.48839
38,12,390.508394
-52,2,390.513395
42,8,390.529399
-54,4,390.5344
42,8,390.549403
42,8,390.563406
34,16,390.588412
40,10,390.602415
42,8,390.616419
42,8,390.630421
42,8,390.643425
40,10,390.662429
39,11,390.678432
42,8,390.693436
40,10,390.71344
42,8,390.727443
41,9,390.742447
42,8,390.75845
42,8,390.772454
42,8,390.787457
34,16,390.813463
40,10,390.833467
-60,10,390.848471
-54,4,390.854472
38,12,390.875476
34,16,390.900483
41,9,390.916488
39,11,390.938493
42,8,390.953497
-52,2,390.958498
40,10,390.974501
42,8,390.987504
39,11,391.008509
-60,10,391.023512
-54,4,391.029514
42,8,391.043517
40,10,391.062522
38,12,391.081526
38,12,391.10053
42,8,391.114534
42,8,391.128536
42,8,391.140539
42,8,391.155542
40,10,391.171546
40,10,391.19155
42,8,391.205555
38,12,391.226558
-59,9,391.241562
41,9,391.257565
32,18,391.289572
40,10,391.305578
39,11,391.323582
-54,4,391.331584
40,10,391.350748
42,8,391.365592
-56,6,391.374596
41,9,391.3916
37,13,391.415606
39,11,391.43461
35,15,391.457615
42,8,391.473619
42,8,391.487622
42,8,391.502625
-58,8,391.517628
-60,10,391.535633
42,8,391.550636
42,8,391.565639
39,11,391.582643
42,8,391.597646
42,8,391.61065
33,17,391.639656
38,12,391.659661
41,9,391.675664
42,8,391.690668
-58,8,391.705671
38,12,391.725676
42,8,391.740679
42,8,391.754682
42,8,391.768685
42,8,391.781688
42,8,391.795691
40,10,391.810695
42,8,391.823697
42,8,391.837703
-56,6,391.847706
-52,2,391.849706
-56,6,391.861708
-60,10,391.875711
38,12,391.897717
40,10,391.914721
42,8,391.930724
42,8,391.943727
42,8,391.95873
41,9,391.975734
42,8,391.990738
38,12,392.009742
42,8,392.024745
38,12,392.043749
42,8,392.057753
42,8,392.071756
40,10,392.09076
42,8,392.103763
42,8,392.117766
-58,8,392.130769
40,10,392.146772
42,8,392.160776
40,10,392.18078
40,10,392.197785
42,8,392.210787
-60,10,392.227939
40,10,392.246943
30,20,392.276949
38,12,392.296955
38,12,392.316959
42,8,392.331962
42,8,392.346966
40,10,392.363969
42,8,392.376972
38,12,392.396977
42,8,392.41198
40,10,392.428984
42,8,392.443989
-60,10,392.458994
40,10,392.476
-58,8,392.491003
40,10,392.513009
42,8,392.526011
40,10,392.541015
42,8,392.556018
42,8,392.571021
42,8,392.586025
40,10,392.605029
42,8,392.619032
42,8,392.634035
38,12,392.65404
-54,4,392.661042
40,10,392.677045
-56,6,392.689048
41,9,392.705052
-59,9,392.719055
-61,11,392.738059
42,8,392.753062
-58,8,392.767065
42,8,392.780068
42,8,392.793072
42,8,392.810075
42,8,392.825079
42,8,392.840082
40,10,392.857086
-55,5,392.867088
40,10,392.883092
42,8,392.898095
41,9,392.910098
42,8,392.926102
40,10,392.945106
42,8,392.959109
38,12,392.979113
42,8,392.994117
42,8,393.00912
40,10,393.024123
34,16,393.050129
38,12,393.069134
-55,5,393.078136
42,8,393.092139
42,8,393.106142
42,8,393.121145
-54,4,393.127146
-54,4,393.135149
40,10,393.149155
38,12,393.168159
42,8,393.183162
-54,4,393.189163
40,10,393.208168
36,14,393.229173
42,8,393.242176
42,8,393.258179
42,8,393.274183
-56,6,393.285185
-54,4,393.291186
-52,2,393.293188
42,8,393.30519
-60,10,393.323194
42,8,393.338197
40,10,393.354201
38,12,393.377206
-55,5,393.385208
42,8,393.400211
42,8,393.415214
40,10,393.434218
38,12,393.456224
40,10,393.472229
41,9,393.489233
40,10,393.505236
-52,2,393.510237
40,10,393.525243
42,8,393.540247
36,14,393.564253
40,10,393.579256
42,8,393.592259
-54,4,393.59926
42,8,393.613264
40,10,393.63227
42,8,393.649274
40,10,393.664277
38,12,393.685282
37,13,393.706286
42,8,393.72229
42,8,393.736293
41,9,393.754297
42,8,393.7693
40,10,393.784304
42,8,393.800308
-54,4,393.807309
42,8,393.821312
42,8,393.835316
-54,4,393.841317
40,10,393.861321
42,8,393.875324
42,8,393.890328
38,12,393.910332
40,10,393.925336
39,11,393.945342
42,8,393.959345
34,16,393.985351
40,10,394.001355
40,10,394.021359
40,10,394.037363
38,12,394.056367
-54,4,394.06437
42,8,394.078372
38,12,394.098377
38,12,394.120382
42,8,394.134385
37,13,394.15939
41,9,394.175394
38,12,394.1964
42,8,394.209402
40,10,394.225405
40,10,394.24541
42,8,394.258413
42,8,394.273551
-55,5,394.280552
42,8,394.294556
42,8,394.308558
-58,8,394.320561
36,14,394.344567
42,8,394.35957
40,10,394.375574
40,10,394.396579
39,11,394.413582
42,8,394.427585
38,12,394.44959
40,10,394.468595
42,8,394.483598
40,10,394.498602
42,8,394.514605
40,10,394.532609
40,10,394.548613
42,8,394.563616
-55,5,394.573618
42,8,394.589622
-58,8,394.602626
-55,5,394.609626
42,8,394.62363
42,8,394.638636
42,8,394.654639
42,8,394.670643
39,11,394.689647
42,8,394.70365
42,8,394.719654
41,9,394.735658
40,10,394.751661
42,8,394.764664
40,10,394.784669
42,8,394.798672
42,8,394.813675
42,8,394.827678
40,10,394.842683
42,8,394.855685
40,10,394.875689
39,11,394.894693
41,9,394.908697
42,8,394.9247
40,10,394.938703
42,8,394.952706
40,10,394.972711
36,14,394.992716
-56,6,395.005718
42,8,395.019722
42,8,395.034725
42,8,395.048728
-56,6,395.05673
-56,6,395.068733
42,8,395.083736
-56,6,395.091738
41,9,395.108741
42,8,395.123745
42,8,395.138748
42,8,395.154752
-54,4,395.160754
42,8,395.174756
42,8,395.188759
39,11,395.205763
40,10,395.225768
42,8,395.238771
42,8,395.252774
-58,8,395.267777
42,8,395.282781
42,8,395.296784
42,8,395.309787
42,8,395.32379
40,10,395.337793
39,11,395.357798
-56,6,395.3678
-54,4,395.374801
-56,6,395.383803
42,8,395.397807
41,9,395.41281
-57,7,395.424813
42,8,395.439816
40,10,395.45782
38,12,395.477824
42,8,395.491828
42,8,395.506831
40,10,395.521834
42,8,395.537838
42,8,395.552841
42,8,395.567845
40,10,395.584848
42,8,395.600852
42,8,395.616856
40,10,395.632859
40,10,395.652002
42,8,395.667005
40,10,395.685009
38,12,395.704013
38,12,395.725018
42,8,395.738021
38,12,395.758025
42,8,395.773029
42,8,395.786031
-58,8,395.800035
-57,7,395.814038
42,8,395.829041
42,8,395.842044
42,8,395.855047
42,8,395.871051
40,10,395.889055
42,8,395.904058
-56,6,395.917061
38,12,395.938065
-60,10,395.952069
42,8,395.967072
40,10,395.986077
42,8,395.999079
42,8,396.014083
42,8,396.027086
42,8,396.041089
40,10,396.057094
40,10,396.077101
42,8,396.092104
-55,5,396.103112
42,8,396.118113
42,8,396.133119
40,10,396.152124
42,8,396.166127
40,10,396.182131
42,8,396.196134
40,10,396.214138
38,12,396.235143
40,10,396.251147
40,10,396.26915
42,8,396.282153
42,8,396.297157
-60,10,396.31116
42,8,396.326163
42,8,396.341166
40,10,396.360171
42,8,396.374174
42,8,396.390178
42,8,396.406181
40,10,396.423185
42,8,396.438191
-55,5,396.446192
-58,8,396.459195
-61,11,396.477199
42,8,396.492203
42,8,396.506206
40,10,396.52321
41,9,396.537216
40,10,396.55322
42,8,396.568223
40,10,396.586229
42,8,396.602235
41,9,396.618239
42,8,396.632242
-58,8,396.646245
-55,5,396.655247
42,8,396.671251
38,12,396.689255
40,10,396.70926
38,12,396.729264
42,8,396.743267
42,8,396.75827
40,10,396.774274
42,8,396.789277
42,8,396.805283
42,8,396.819286
41,9,396.83829
-55,5,396.846292
42,8,396.861296
42,8,396.876298
42,8,396.892302
37,13,396.913307
40,10,396.932311
42,8,396.947315
-54,4,396.953316
40,10,396.967319
38,12,396.987324
40,10,397.006328
42,8,397.020331
-62,12,397.039335
41,9,397.053339
38,12,397.073343
40,10,397.088347
-56,6,397.100349
42,8,397.115353
41,9,397.131356
38,12,397.151361
42,8,397.165364
42,8,397.180367
42,8,397.19537
37,13,397.218376
27,23,397.2575
42,8,397.272503
38,12,397.292507
40,10,397.311512
40,10,397.326515
40,10,397.34852
42,8,397.363523
42,8,397.377527
40,10,397.392531
38,12,397.413535
40,10,397.430539
42,8,397.444542
38,12,397.464546
42,8,397.47855
42,8,397.492553
40,10,397.508556
-56,6,397.518559
36,14,397.540563
-55,5,397.548565
40,10,397.566569
42,8,397.580573
-56,6,397.590575
-56,6,397.601577
-52,2,397.60358
40,10,397.621584
42,8,397.638092
40,10,397.654097
42,8,397.669101
42,8,397.685107
42,8,397.69911
38,12,397.719116
42,8,397.73412
40,10,397.751124
40,10,397.767128
42,8,397.782131
42,8,397.798134
42,8,397.812138
42,8,397.828141
42,8,397.844145
42,8,397.858148
42,8,397.871151
-55,5,397.882154
42,8,397.897157
42,8,397.91116
40,10,397.926163
-56,6,397.937165
38,12,397.95817
38,12,397.977175
40,10,397.993178
42,8,398.005181
42,8,398.020185
-56,6,398.030187
40,10,398.04419
-54,4,398.052192
39,11,398.071196
-57,7,398.082198
42,8,398.098202
41,9,398.114206
42,8,398.128208
-54,4,398.13421
42,8,398.148213
42,8,398.162219
39,11,398.180223
41,9,398.195226
-54,4,398.202228
36,14,398.224232
39,11,398.243237
42,8,398.25824
42,8,398.274244
40,10,398.292248
40,10,398.308251
42,8,398.324255
42,8,398.339258
40,10,398.358265
40,10,398.373413
42,8,398.388417
42,8,398.40242
40,10,398.422424
42,8,398.436427
42,8,398.451431
36,14,398.472435
-58,8,398.486438
41,9,398.501442
38,12,398.523447
34,16,398.552453
42,8,398.567457
40,10,398.586461
41,9,398.601465
42,8,398.616468
40,10,398.635472
41,9,398.649475
40,10,398.664479
40,10,398.683483
42,8,398.697487
40,10,398.71349
42,8,398.728495
40,10,398.745499
42,8,398.758502
-58,8,398.772507
42,8,398.78651
42,8,398.802514
42,8,398.818518
42,8,398.833521
42,8,398.849525
40,10,398.864528
40,10,398.882532
41,9,398.897536
42,8,398.911539
42,8,398.925542
42,8,398.939545
42,8,398.952548
40,10,398.970552
40,10,398.985555
41,9,398.999559
42,8,399.013561
40,10,399.032566
38,12,399.05157
42,8,399.065574
42,8,399.081577
42,8,399.097581
42,8,399.112586
42,8,399.127589
42,8,399.142593
-56,6,399.152595
38,12,399.170599
40,10,399.188603
42,8,399.201606
40,10,399.216609
39,11,399.235614
-55,5,399.242615
-56,6,399.254618
34,16,399.279624
40,10,399.296628
42,8,399.310631
37,13,399.333636
41,9,399.348639
42,8,399.362643
42,8,399.379646
40,10,399.395649
40,10,399.413654
-60,10,399.427657
42,8,399.44166
-58,8,399.456663
40,10,399.474668
42,8,399.489671
42,8,399.505675
-56,6,399.513677
40,10,399.534683
41,9,399.548687
38,12,399.570691
39,11,399.590696
40,10,399.606699
-56,6,399.618702
42,8,399.633705
-54,4,399.638707
-54,4,399.645709
42,8,399.660712
36,14,399.680717
42,8,399.69572
42,8,399.709723
38,12,399.730864
40,10,399.749869
41,9,399.764872
41,9,399.780876
42,8,399.795879
42,8,399.809882
42,8,399.825886
40,10,399.84589
40,10,399.860894
42,8,399.874897
42,8,399.889902
42,8,399.904906
38,12,399.92391
42,8,399.939913
42,8,399.954916
40,10,399.972921
-56,6,399.981923
41,9,399.998927
42,8,400.011931
38,12,400.034935
-57,7,400.041936
42,8,400.05794
42,8,400.071943
40,10,400.090948
42,8,400.104951
38,12,400.125955
36,14,400.148961
40,10,400.166965
38,12,400.187969
38,12,400.205973
41,9,400.222979
34,16,400.246985
38,12,400.267989
42,8,400.279992
42,8,400.292995
38,12,400.314
14,36,400.379014
38,12,400.400019
-56,6,400.410021
42,8,400.423024
42,8,400.437027
40,10,400.453031
38,12,400.474036
42,8,400.487039
40,10,400.505043
-54,4,400.511044
40,10,400.526047
40,10,400.546052
39,11,400.564058
38,12,400.585063
39,11,400.60507
42,8,400.619073
40,10,400.638077
42,8,400.65208
42,8,400.666083
42,8,400.680087
38,12,400.700091
40,10,400.715095
40,10,400.733098
42,8,400.748102
42,8,400.763106
40,10,400.778109
42,8,400.793112
-60,10,400.811116
38,12,400.833121
42,8,400.848125
42,8,400.862128
42,8,400.875131
37,13,400.897136
42,8,400.912139
38,12,400.931143
42,8,400.944146
42,8,400.957149
40,10,400.973152
38,12,400.992157
39,11,401.010161
42,8,401.025164
-58,8,401.041168
42,8,401.055171
42,8,401.070174
-56,6,401.082177
41,9,401.097181
38,12,401.115184
-56,6,401.121186
42,8,401.134188
42,8,401.146192
42,8,401.157195
-58,8,401.168196
38,12,401.185201
42,8,401.197203
42,8,401.209206
40,10,401.223209
37,13,401.240212
-55,5,401.247215
42,8,401.259217
40,10,401.27522
-56,6,401.283222
42,8,401.294225
-55,5,401.304227
38,12,401.320233
42,8,401.333236
42,8,401.344238
42,8,401.356241
41,9,401.367244
42,8,401.379246
-57,7,401.389249
42,8,401.401251
42,8,401.413254
42,8,401.424256
42,8,401.435259
-55,5,401.441261
39,11,401.457264
40,10,401.470267
40,10,401.48627
40,10,401.499273
37,13,401.516277
41,9,401.53128
38,12,401.547285
42,8,401.560287
42,8,401.571289
40,10,401.584293
42,8,401.595295
38,12,401.6123
-57,7,401.622303
42,8,401.635306
42,8,401.646309
-58,8,401.657311
39,11,401.672314
42,8,401.684317
41,9,401.696321
41,9,401.708322
42,8,401.720325
38,12,401.736329
42,8,401.747331
42,8,401.759335
38,12,401.776338
40,10,401.792341
42,8,401.804344
42,8,401.815346
42,8,401.827349
42,8,401.838351
42,8,401.849354
40,10,401.863357
42,8,401.87436
42,8,401.886363
39,11,401.902366
39,11,401.91837
42,8,401.931373
-54,4,401.936373
-54,4,401.942375
41,9,401.954378
40,10,401.967381
42,8,401.978383
38,12,401.995387
41,9,402.01139
38,12,402.027394
40,10,402.040397
42,8,402.0524
40,10,402.067404
42,8,402.079407
42,8,402.089408
-52,2,402.091409
40,10,402.107412
-56,6,402.114414
42,8,402.125417
42,8,402.137419
42,8,402.149422
-55,5,402.154423
-54,4,402.160424
42,8,402.173428
41,9,402.18743
36,14,402.204434
42,8,402.216437
42,8,402.228439
42,8,402.240442
42,8,402.252446
38,12,402.268449
40,10,402.285452
42,8,402.296455
38,12,402.314459
40,10,402.327462
42,8,402.339465
42,8,402.351467
42,8,402.36247
39,11,402.379474
40,10,402.392476
42,8,402.403479
39,11,402.418482
40,10,402.435486
-58,8,402.44661
40,10,402.459613
39,11,402.473616
42,8,402.485619
38,12,402.501622
39,11,402.517626
40,10,402.530629
-60,10,402.545633
39,11,402.558635
42,8,402.569638
40,10,402.584641
42,8,402.596644
42,8,402.608646
42,8,402.619649
38,12,402.636653
40,10,402.649656
-54,4,402.655657
42,8,402.66766
42,8,402.678662
42,8,402.690665
41,9,402.704668
40,10,402.717671
40,10,402.732675
34,16,402.754679
40,10,402.768682
42,8,402.778685
42,8,402.790688
-58,8,402.80169
41,9,402.813693
-60,10,402.828696
-55,5,402.834697
39,11,402.849701
42,8,402.862704
42,8,402.873706
40,10,402.885709
42,8,402.898712
42,8,402.909714
40,10,402.924718
-56,6,402.932719
42,8,402.944722
42,8,402.957725
-54,4,402.963727
42,8,402.975729
37,13,402.994733
41,9,403.006736
-54,4,403.012738
40,10,403.02574
-57,7,403.034742
-62,12,403.051746
42,8,403.062749
39,11,403.078752
42,8,403.089755
-52,2,403.091755
42,8,403.103758
42,8,403.115761
42,8,403.127763
40,10,403.143767
40,10,403.15677
41,9,403.171773
-54,4,403.177775
42,8,403.189777
42,8,403.20178
-58,8,403.212783
-54,4,403.218783
40,10,403.231786
40,10,403.24679
42,8,403.258793
42,8,403.269795
36,14,403.287799
38,12,403.303803
42,8,403.315805
42,8,403.326808
42,8,403.339811
42,8,403.350813
42,8,403.363816
40,10,403.378819
42,8,403.391823
42,8,403.403825
40,10,403.416828
41,9,403.428832
40,10,403.444835
38,12,403.461838
38,12,403.477842
41,9,403.490845
41,9,403.502847
-52,2,403.506849
35,15,403.526853
-56,6,403.534855
39,11,403.550858
42,8,403.561862
42,8,403.573864
-55,5,403.580865
42,8,403.591868
42,8,403.60387
42,8,403.616874
42,8,403.628876
42,8,403.639879
38,12,403.655882
42,8,403.669885
42,8,403.681888
42,8,403.693891
-58,8,403.704893
42,8,403.715896
42,8,403.726898
42,8,403.738901
41,9,403.750904
38,12,403.767907
41,9,403.781911
42,8,403.792913
40,10,403.806916
40,10,403.82192
-56,6,403.828922
42,8,403.840924
-60,10,403.854927
42,8,403.86793
42,8,403.878933
41,9,403.890935
38,12,403.906939
41,9,403.919942
42,8,403.931944
42,8,403.942947
-59,9,403.954949
36,14,403.974954
42,8,403.986957
34,16,404.007961
42,8,404.018964
41,9,404.031967
42,8,404.04397
42,8,404.054972
42,8,404.066975
42,8,404.077977
42,8,404.08998
42,8,404.101983
39,11,404.117986
38,12,404.13499
40,10,404.147993
42,8,404.159996
40,10,404.174999
41,9,404.188002
42,8,404.199004
-56,6,404.209007
42,8,404.221009
39,11,404.234012
42,8,404.245015
-54,4,404.251016
41,9,404.26702
42,8,404.278022
38,12,404.294026
-55,5,404.301028
42,8,404.312031
40,10,404.324033
42,8,404.337035
42,8,404.349038
40,10,404.365042
42,8,404.376044
42,8,404.388047
42,8,404.40005
-61,11,404.415053
-56,6,404.422055
42,8,404.434057
42,8,404.44606
33,17,404.469065
39,11,404.486069
42,8,404.497072
-56,6,404.507074
40,10,404.520077
40,10,404.53508
40,10,404.548083
42,8,404.559086
40,10,404.575089
42,8,404.587092
42,8,404.599095
40,10,404.612098
40,10,404.626101
42,8,404.639103
-54,4,404.645105
40,10,404.658108
41,9,404.670111
42,8,404.682113
-58,8,404.693116
-62,12,404.710121
42,8,404.721122
40,10,404.736126
40,10,404.749128
42,8,404.761131
38,12,404.777135
42,8,404.789137
42,8,404.80014
42,8,404.811142
40,10,404.827146
42,8,404.839149
41,9,404.851151
37,13,404.868155
-54,4,404.874157
42,8,404.887159
40,10,404.902163
42,8,404.914165
41,9,404.925168
39,11,404.941172
-55,5,404.948174
42,8,404.959176
38,12,404.975179
39,11,404.991183
-58,8,405.003186
-54,4,405.008187
40,10,405.02119
37,13,405.040194
42,8,405.053197
38,12,405.0692
-58,8,405.081203
-54,4,405.087205
42,8,405.099207
42,8,405.11021
-58,8,405.122213
-55,5,405.128214
-57,7,405.137215
42,8,405.149218
42,8,405.161221
42,8,405.173224
42,8,405.183226
40,10,405.19723
42,8,405.208232
22,28,405.24524
42,8,405.257243
40,10,405.273248
42,8,405.285251
42,8,405.296254
38,12,405.312257
38,12,405.329262
-58,8,405.340263
40,10,405.353267
40,10,405.36927
41,9,405.381273
42,8,405.392275
40,10,405.406279
38,12,405.423282
38,12,405.439286
-56,6,405.449288
42,8,405.462291
42,8,405.472293
-55,5,405.479295
42,8,405.491297
39,11,405.507302
42,8,405.519304
42,8,405.532307
42,8,405.543309
40,10,405.557312
40,10,405.572316
-55,5,405.579318
-55,5,405.585319
40,10,405.601322
41,9,405.613326
40,10,405.628328
42,8,405.641331
40,10,405.654335
36,14,405.674339
40,10,405.687342
-54,4,405.692343
-56,6,405.701345
42,8,405.714348
42,8,405.72535
42,8,405.737353
38,12,405.753356
41,9,405.76536
42,8,405.776362
-52,2,405.778362
42,8,405.789365
42,8,405.800367
42,8,405.81237
39,11,405.830374
40,10,405.845377
41,9,405.857381
34,16,405.879385
42,8,405.891388
42,8,405.90339
42,8,405.914393
-54,4,405.919394
38,12,405.935397
42,8,405.9474
42,8,405.959403
42,8,405.972408
42,8,405.98341
42,8,405.994413
38,12,406.010417
39,11,406.02642
42,8,406.039423
42,8,406.052426
42,8,406.063429
-56,6,406.07043
38,12,406.087434
42,8,406.099437
40,10,406.11544
42,8,406.126442
40,10,406.138445
42,8,406.150448
42,8,406.162451
42,8,406.173453
42,8,406.185456
-58,8,406.196459
42,8,406.207461
38,12,406.224465
-54,4,406.230466
-61,11,406.245469
40,10,406.258472
42,8,406.269475
42,8,406.281478
38,12,406.297482
41,9,406.313485
42,8,406.324487
-55,5,406.330489
38,12,406.347493
-54,4,406.353494
40,10,406.366497
40,10,406.3825
35,15,406.403508
42,8,406.41451
42,8,406.425513
42,8,406.438516
-56,6,406.444517
38,12,406.461521
42,8,406.473524
40,10,406.488527
40,10,406.50153
41,9,406.512533
42,8,406.525535
40,10,406.540539
41,9,406.552541
42,8,406.564544
42,8,406.575546
42,8,406.587549
42,8,406.598552
42,8,406.610554
40,10,406.626558
38,12,406.643562
42,8,406.654564
39,11,406.667567
-60,10,406.682571
39,11,406.698574
39,11,406.712578
42,8,406.72458
42,8,406.735582
30,20,406.763589
42,8,406.774591
-58,8,406.785594
42,8,406.797596
41,9,406.812603
-56,6,406.820604
41,9,406.832607
42,8,406.843609
-58,8,406.854612
42,8,406.866615
-56,6,406.875617
42,8,406.887619
40,10,406.901622
42,8,406.911624
37,13,406.931629
-60,10,406.943632
37,13,406.960636
41,9,406.974638
41,9,406.986641
42,8,406.998644
40,10,407.011647
41,9,407.02565
42,8,407.037653
42,8,407.050656
42,8,407.062659
42,8,407.074661
42,8,407.085664
42,8,407.097666
42,8,407.109669
42,8,407.121672
42,8,407.133674
42,8,407.144677
42,8,407.15668
42,8,407.167682
42,8,407.178685
42,8,407.191687
-62,12,407.207691
-54,4,407.213693
-56,6,407.221694
42,8,407.233697
-52,2,407.236698
42,8,407.248701
42,8,407.260705
-58,8,407.272708
40,10,407.285711
40,10,407.300828
42,8,407.312831
42,8,407.324833
42,8,407.336836
40,10,407.348838
-56,6,407.35784
42,8,407.369843
41,9,407.382846
42,8,407.394849
34,16,407.415854
42,8,407.427856
42,8,407.438859
40,10,407.451862
42,8,407.463865
38,12,407.480868
42,8,407.493871
39,11,407.509875
40,10,407.525878
38,12,407.540882
36,14,407.559886
42,8,407.572889
42,8,407.583892
42,8,407.594894
40,10,407.609897
42,8,407.6219
42,8,407.633903
-56,6,407.640904
42,8,407.651907
42,8,407.66291
42,8,407.673912
39,11,407.689915
40,10,407.702918
37,13,407.722923
-56,6,407.730925
42,8,407.741927
42,8,407.75393
40,10,407.769933
40,10,407.782936
42,8,407.794939
42,8,407.805942
42,8,407.817945
40,10,407.832948
42,8,407.84495
-56,6,407.851952
42,8,407.862954
-55,5,407.868956
42,8,407.880959
40,10,407.895962
42,8,407.907964
42,8,407.919968
42,8,407.930969
40,10,407.942972
42,8,407.954975
-58,8,407.965978
42,8,407.97698
42,8,407.987983
39,11,408.003986
38,12,408.02199
-56,6,408.030992
37,13,408.048996
42,8,408.059999
33,17,408.083004
40,10,408.099007
42,8,408.11001
42,8,408.122013
42,8,408.134015
-55,5,408.140017
40,10,408.15302
42,8,408.164022
40,10,408.179025
42,8,408.190028
42,8,408.202031
40,10,408.215034
-58,8,408.226036
40,10,408.24204
-56,6,408.249041
42,8,408.262045
40,10,408.276047
42,8,408.28805
38,12,408.305054
40,10,408.318058
39,11,408.334061
42,8,408.346063
39,11,408.360066
42,8,408.373069
38,12,408.389073
-58,8,408.401075
42,8,408.412078
40,10,408.425081
42,8,408.437083
40,10,408.452087
42,8,408.465091
39,11,408.481093
-57,7,408.489095
41,9,408.5041
40,10,408.516102
41,9,408.528104
42,8,408.539107
42,8,408.55311
42,8,408.564112
42,8,408.575115
42,8,408.586117
42,8,408.59812
41,9,408.613123
42,8,408.624126
-52,2,408.626126
40,10,408.64113
40,10,408.654133
41,9,408.666135
42,8,408.678138
38,12,408.695142
38,12,408.712146
42,8,408.723148
40,10,408.738151
40,10,408.751154
-55,5,408.760156
40,10,408.77316
42,8,408.785162
-54,4,408.791163
42,8,408.802166
40,10,408.818169
39,11,408.831172
42,8,408.842175
40,10,408.858178
42,8,408.870181
38,12,408.886185
42,8,408.898187
42,8,408.909191
42,8,408.921193
40,10,408.934196
42,8,408.946198
42,8,408.958201
42,8,408.970204
-52,2,408.973205
42,8,408.984207
40,10,408.99821
41,9,409.012213
-55,5,409.019215
42,8,409.031217
41,9,409.04322
38,12,409.060224
41,9,409.073227
42,8,409.08423
42,8,409.095232
42,8,409.107235
-54,4,409.112236
42,8,409.124238
40,10,409.139242
42,8,409.152245
42,8,409.163247
37,13,409.181251
40,10,409.196255
42,8,409.208257
42,8,409.22026
40,10,409.233263
41,9,409.245266
38,12,409.261269
-56,6,409.269271
42,8,409.281274
40,10,409.293277
42,8,409.305279
40,10,409.320283
42,8,409.332285
-54,4,409.337286
39,11,409.354291
42,8,409.365293
-57,7,409.373294
42,8,409.385297
42,8,409.3973
40,10,409.413304
42,8,409.425306
40,10,409.438309
42,8,409.450312
40,10,409.465315
42,8,409.478318
42,8,409.489321
42,8,409.502324
42,8,409.513326
41,9,409.525329
-54,4,409.53133
40,10,409.545334
42,8,409.557336
37,13,409.57434
-55,5,409.581341
41,9,409.593344
40,10,409.608347
42,8,409.62035
42,8,409.631352
38,12,409.649357
42,8,409.66036
40,10,409.673362
42,8,409.685365
42,8,409.697367
-52,2,409.701368
37,13,409.719372
39,11,409.735376
-56,6,409.742378
42,8,409.75338
41,9,409.768384
40,10,409.781386
40,10,409.79639
42,8,409.808393
28,22,409.839399
-54,4,409.8444
42,8,409.856403
42,8,409.868406
41,9,409.880409
42,8,409.893412
42,8,409.905414
41,9,409.919417
42,8,409.93142
42,8,409.943423
42,8,409.955426
42,8,409.966428
-58,8,409.978431
40,10,409.992434
40,10,410.007437
38,12,410.024441
40,10,410.037444
41,9,410.050447
41,9,410.06445
40,10,410.078453
42,8,410.089456
-56,6,410.099458
-56,6,410.10646
40,10,410.121463
42,8,410.133466
42,8,410.145469
42,8,410.157471
39,11,410.170475
38,12,410.188478
42,8,410.199481
41,9,410.215484
-59,9,410.226486
-55,5,410.233488
-61,11,410.248492
39,11,410.264495
42,8,410.276498
42,8,410.288501
42,8,410.301503
39,11,410.313507
40,10,410.32951
40,10,410.341512
38,12,410.358516
42,8,410.370519
42,8,410.381521
-54,4,410.387523
40,10,410.403527
42,8,410.41653
40,10,410.428533
41,9,410.443536
40,10,410.457539
42,8,410.469541
38,12,410.486545
-55,5,410.493546
40,10,410.509551
40,10,410.521553
-56,6,410.530556
40,10,410.543558
42,8,410.555561
40,10,410.570565
42,8,410.581567
39,11,410.598571
40,10,410.611573
42,8,410.623576
42,8,410.634579
39,11,410.650583
40,10,410.663585
41,9,410.679589
40,10,410.693592
42,8,410.705595
42,8,410.717597
40,10,410.734601
42,8,410.745604
36,14,410.763608
41,9,410.77461
40,10,410.789613
42,8,410.802735
42,8,410.813738
42,8,410.82474
42,8,410.835742
42,8,410.847745
-56,6,410.854747
42,8,410.86675
41,9,410.881753
40,10,410.894756
42,8,410.905758
-54,4,410.91176
42,8,410.923762
42,8,410.934765
-55,5,410.942767
42,8,410.952769
42,8,410.965772
40,10,410.980775
42,8,410.993778
-54,4,410.998779
-55,5,411.005781
42,8,411.016783
42,8,411.028786
39,11,411.043789
42,8,411.055792
42,8,411.067795
42,8,411.078797
41,9,411.0908
40,10,411.105803
42,8,411.117806
41,9,411.130809
-54,4,411.13581
42,8,411.147813
42,8,411.159816
40,10,411.172818
42,8,411.184821
40,10,411.199825
42,8,411.211827
-60,10,411.22483
42,8,411.236833
42,8,411.249836
42,8,411.261839
42,8,411.272841
42,8,411.284843
40,10,411.299847
42,8,411.31185
42,8,411.323852
40,10,411.335855
40,10,411.351859
-55,5,411.35886
-56,6,411.367862
41,9,411.381866
42,8,411.392868
42,8,411.405871
40,10,411.418874
42,8,411.429876
42,8,411.441881
40,10,411.457884
39,11,411.474888
38,12,411.490892
41,9,411.503895
42,8,411.514897
42,8,411.5259
42,8,411.537903
-55,5,411.543905
42,8,411.554906
42,8,411.567909
42,8,411.578912
39,11,411.594916
42,8,411.605918
38,12,411.621922
42,8,411.633924
42,8,411.645927
42,8,411.65793
42,8,411.670933
42,8,411.682935
40,10,411.695939
-55,5,411.70594
41,9,411.717944
38,12,411.734947
-56,6,411.741949
42,8,411.754952
42,8,411.765955
42,8,411.776956
42,8,411.788959
33,17,411.814965
40,10,411.827968
42,8,411.839971
-54,4,411.844972
40,10,411.859975
-66,16,411.88198
-59,9,411.893983
40,10,411.907986
42,8,411.919989
42,8,411.930991
42,8,411.943994
-54,4,411.949996
42,8,411.961998
42,8,411.974002
41,9,411.988004
40,10,412.002007
38,12,412.019011
37,13,412.036016
40,10,412.051018
42,8,412.063021
42,8,412.075024
41,9,412.087026
42,8,412.099029
42,8,412.110032
42,8,412.122034
-56,6,412.131036
38,12,412.14904
42,8,412.161043
-60,10,412.173045
42,8,412.186049
42,8,412.198051
40,10,412.213055
40,10,412.226058
40,10,412.242061
-55,5,412.249063
38,12,412.264066
39,11,412.278069
-58,8,412.290072
40,10,412.303075
41,9,412.315078
40,10,412.330207
42,8,412.341209
42,8,412.352211
40,10,412.366215
42,8,412.377217
-56,6,412.388219
42,8,412.399222
40,10,412.412225
-56,6,412.422227
42,8,412.43423
40,10,412.447236
41,9,412.46224
42,8,412.474241
41,9,412.487244
42,8,412.499247
-55,5,412.505249
42,8,412.517251
42,8,412.528253
36,14,412.549258
41,9,412.561261
42,8,412.572263
-54,4,412.578266
-56,6,412.585266
41,9,412.60027
36,14,412.618274
42,8,412.631277
42,8,412.64228
40,10,412.658283
-60,10,412.671286
41,9,412.684289
-56,6,412.694291
40,10,412.708294
36,14,412.729299
40,10,412.743302
42,8,412.755305
36,14,412.775309
42,8,412.787312
42,8,412.798315
42,8,412.810317
42,8,412.82132
42,8,412.833323
39,11,412.849327
42,8,412.860328
42,8,412.872331
-57,7,412.879333
42,8,412.892336
42,8,412.904338
42,8,412.915341
42,8,412.927343
-57,7,412.937346
-58,8,412.949348
-56,6,412.958351
40,10,412.972354
39,11,412.988357
41,9,413.00036
42,8,413.013363
40,10,413.027366
42,8,413.04037
40,10,413.052372
42,8,413.065374
40,10,413.080378
42,8,413.09238
38,12,413.109385
42,8,413.122387
42,8,413.13339
41,9,413.145392
42,8,413.157395
42,8,413.170398
40,10,413.183401
42,8,413.194404
42,8,413.206406
-60,10,413.22241
-54,4,413.227411
-55,5,413.235413
37,13,413.253417
40,10,413.26842
40,10,413.281424
31,19,413.307429
-56,6,413.316431
42,8,413.328434
40,10,413.340436
42,8,413.352439
40,10,413.367442
40,10,413.380446
-58,8,413.390448
-55,5,413.397449
40,10,413.413453
-53,3,413.418454
-58,8,413.429456
42,8,413.441459
42,8,413.453462
42,8,413.465464
-58,8,413.476467
40,10,413.48947
-54,4,413.495472
40,10,413.511475
40,10,413.524478
42,8,413.53548
40,10,413.550484
42,8,413.562486
42,8,413.574489
39,11,413.588492
42,8,413.599495
42,8,413.610497
42,8,413.6225
-58,8,413.633502
42,8,413.645505
38,12,413.662509
41,9,413.677512
-55,5,413.685514
-56,6,413.692516
42,8,413.703518
42,8,413.715521
40,10,413.732525
42,8,413.743527
42,8,413.75553
40,10,413.768533
40,10,413.784537
42,8,413.795539
40,10,413.809542
39,11,413.825546
42,8,413.837548
40,10,413.852552
-61,11,413.866555
40,10,413.881558
40,10,413.894561
42,8,413.907564
42,8,413.919567
42,8,413.931569
40,10,413.946573
-56,6,413.955575
42,8,413.967578
42,8,413.97858
42,8,413.990583
40,10,414.006586
42,8,414.017589
42,8,414.028591
41,9,414.041594
42,8,414.053597
40,10,414.0686
-54,4,414.074602
39,11,414.088605
36,14,414.108609
42,8,414.120612
-56,6,414.127614
-54,4,414.133615
41,9,414.148618
37,13,414.166622
38,12,414.182626
42,8,414.194629
40,10,414.206632
42,8,414.218634
42,8,414.231637
41,9,414.246641
-54,4,414.251642
42,8,414.262645
36,14,414.280648
42,8,414.292651
42,8,414.304654
-58,8,414.315656
42,8,414.328659
40,10,414.343662
41,9,414.355665
42,8,414.367668
42,8,414.378671
42,8,414.390673
42,8,414.401675
42,8,414.413678
40,10,414.427681
42,8,414.439684
36,14,414.460689
40,10,414.473692
42,8,414.484694
-60,10,414.500698
41,9,414.5137
42,8,414.523703
42,8,414.535706
42,8,414.547709
-60,10,414.560711
42,8,414.572714
42,8,414.584717
42,8,414.596719
42,8,414.607722
42,8,414.619725
40,10,414.632727
38,12,414.649731
36,14,414.671736
38,12,414.68874
42,8,414.701743
42,8,414.713746
40,10,414.727749
40,10,414.742752
42,8,414.755755
42,8,414.767758
42,8,414.77876
40,10,414.791763
42,8,414.803766
42,8,414.814768
42,8,414.825771
36,14,414.847776
42,8,414.858778
38,12,414.875782
42,8,414.886785
42,8,414.899788
39,11,414.912791
38,12,414.929794
41,9,414.944798
-54,4,414.950799
34,16,414.973804
40,10,414.986807
40,10,415.001811
40,10,415.015814
36,14,415.036819
42,8,415.048821
42,8,415.059824
39,11,415.072827
42,8,415.085829
-58,8,415.096832
41,9,415.111836
39,11,415.125839
36,14,415.145844
42,8,415.156846
42,8,415.168848
42,8,415.180851
42,8,415.191853
42,8,415.204857
40,10,415.217859
-54,4,415.223861
42,8,415.235863
40,10,415.252867
42,8,415.26487
-59,9,415.275872
42,8,415.286875
38,12,415.303879
-58,8,415.316882
40,10,415.331885
40,10,415.344888
41,9,415.35589
42,8,415.368893
42,8,415.379896
42,8,415.390898
42,8,415.402901
-58,8,415.413903
39,11,415.429907
42,8,415.441912
42,8,415.453914
40,10,415.468918
40,10,415.482921
42,8,415.494924
36,14,415.515928
42,8,415.527931
36,14,415.545936
40,10,415.561939
40,10,415.574941
42,8,415.586944
-60,10,415.601948
-60,10,415.614951
40,10,415.629954
42,8,415.641957
41,9,415.65396
33,17,415.676965
38,12,415.694968
42,8,415.707972
38,12,415.723975
42,8,415.735978
31,19,415.762984
40,10,415.774987
40,10,415.79099
40,10,415.803993
40,10,415.818996
40,10,415.834
40,10,415.848004
42,8,415.860006
41,9,415.872008
42,8,415.884012
40,10,415.899015
40,10,415.912018
42,8,415.92402
36,14,415.945025
42,8,415.956027
40,10,415.970031
38,12,415.987034
42,8,416.000037
-56,6,416.009039
42,8,416.021042
-53,3,416.023043
42,8,416.035045
42,8,416.046048
42,8,416.059051
40,10,416.074054
42,8,416.085164
40,10,416.098188
40,10,416.113191
42,8,416.125194
39,11,416.141197
40,10,416.154201
42,8,416.166203
42,8,416.177206
41,9,416.190208
42,8,416.202211
40,10,416.217215
39,11,416.234218
42,8,416.246222
38,12,416.263225
42,8,416.275228
42,8,416.28723
38,12,416.303234
42,8,416.316237
42,8,416.32724
42,8,416.339242
-61,11,416.351245
42,8,416.363248
42,8,416.37525
39,11,416.391254
40,10,416.407258
42,8,416.41826
42,8,416.429263
40,10,416.442266
42,8,416.455268
42,8,416.466271
42,8,416.479274
38,12,416.496278
42,8,416.50928
-52,2,416.513282
42,8,416.524284
42,8,416.536286
42,8,416.54829
42,8,416.559292
42,8,416.571294
38,12,416.588298
42,8,416.599301
42,8,416.610303
40,10,416.623306
39,11,416.63931
42,8,416.652313
42,8,416.664315
-56,6,416.671317
40,10,416.68732
42,8,416.699323
40,10,416.712326
42,8,416.724329
42,8,416.736331
-58,8,416.748334
41,9,416.762338
-57,7,416.77034
42,8,416.781342
41,9,416.796345
42,8,416.80835
40,10,416.822353
-58,8,416.833355
39,11,416.849359
40,10,416.862362
42,8,416.875365
42,8,416.887368
40,10,416.903371
-57,7,416.913374
38,12,416.931377
42,8,416.94338
42,8,416.955383
42,8,416.967386
42,8,416.979388
41,9,416.990391
42,8,417.003394
42,8,417.014396
40,10,417.027399
42,8,417.039402
38,12,417.055405
36,14,417.07641
-63,13,417.094414
40,10,417.109418
-55,5,417.117419
42,8,417.128422
40,10,417.142425
40,10,417.158429
38,12,417.174432
-56,6,417.181434
40,10,417.198438
42,8,417.20944
42,8,417.221443
42,8,417.233445
36,14,417.25145
42,8,417.263453
-58,8,417.274457
42,8,417.286459
41,9,417.301462
40,10,417.313466
38,12,417.33047
42,8,417.341472
38,12,417.357475
42,8,417.370605
42,8,417.381607
42,8,417.393611
42,8,417.404613
40,10,417.419616
40,10,417.432619
41,9,417.444621
41,9,417.460625
42,8,417.471627
-55,5,417.47863
-56,6,417.485631
42,8,417.497633
41,9,417.513638
40,10,417.52664
41,9,417.539643
-58,8,417.550646
42,8,417.562648
40,10,417.578651
40,10,417.591655
42,8,417.60366
42,8,417.613662
42,8,417.625664
42,8,417.637667
42,8,417.64967
-55,5,417.657672
42,8,417.668674
40,10,417.682678
40,10,417.698681
40,10,417.711685
42,8,417.722686
42,8,417.736689
42,8,417.747692
42,8,417.758694
42,8,417.770697
42,8,417.7837
40,10,417.798703
38,12,417.815707
42,8,417.82771
40,10,417.840713
42,8,417.851715
40,10,417.866719
42,8,417.877721
42,8,417.889724
36,14,417.907728
42,8,417.919731
39,11,417.936734
41,9,417.948737
40,10,417.96374
42,8,417.975744
42,8,417.987746
42,8,417.999749
40,10,418.012752
40,10,418.027755
42,8,418.040758
40,10,418.053761
-54,4,418.058762
42,8,418.070765
40,10,418.086768
36,14,418.104772
40,10,418.119776
42,8,418.131778
42,8,418.143781
42,8,418.154783
42,8,418.166786
39,11,418.180789
42,8,418.192792
41,9,418.207795
38,12,418.224799
42,8,418.236802
38,12,418.253806
40,10,418.267809
42,8,418.279812
40,10,418.294816
42,8,418.306818
42,8,418.319821
-55,5,418.325822
40,10,418.338825
42,8,418.350829
42,8,418.361831
41,9,418.375833
41,9,418.389836
42,8,418.400839
40,10,418.413843
37,13,418.433846
42,8,418.44585
40,10,418.458852
42,8,418.470855
40,10,418.486858
40,10,418.499861
-54,4,418.505863
42,8,418.517865
41,9,418.529868
42,8,418.540871
42,8,418.552873
-56,6,418.562876
40,10,418.575878
37,13,418.595884
-54,4,418.600884
42,8,418.612887
42,8,418.62489
-54,4,418.630891
36,14,418.648895
42,8,418.660897
42,8,418.6729
42,8,418.683903
42,8,418.695906
-55,5,418.701908
42,8,418.713909
38,12,418.730916
38,12,418.74892
42,8,418.760922
41,9,418.775926
42,8,418.787928
42,8,418.799931
42,8,418.811934
42,8,418.823066
40,10,418.836068
42,8,418.849072
42,8,418.860074
42,8,418.872077
42,8,418.88308
42,8,418.895082
40,10,418.910085
36,14,418.93009
42,8,418.941093
42,8,418.952095
42,8,418.965098
41,9,418.9771
42,8,418.989104
42,8,419.001106
42,8,419.013109
38,12,419.030113
-59,9,419.044115
-52,2,419.046116
42,8,419.057118
-59,9,419.069121
42,8,419.080124
42,8,419.093126
42,8,419.105129
42,8,419.117132
42,8,419.129135
42,8,419.141137
-57,7,419.15214
-55,5,419.158141
42,8,419.171144
42,8,419.182146
42,8,419.193149
-60,10,419.208153
42,8,419.222156
40,10,419.235158
35,15,419.256163
42,8,419.269166
42,8,419.280169
42,8,419.292171
40,10,419.308175
42,8,419.320178
-52,2,419.322178
42,8,419.33318
39,11,419.349184
42,8,419.361187
40,10,419.37519
42,8,419.387192
38,12,419.404197
42,8,419.416199
38,12,419.432203
42,8,419.443206
38,12,419.460209
40,10,419.475212
42,8,419.487215
40,10,419.500218
40,10,419.515222
42,8,419.526224
42,8,419.538227
42,8,419.549229
41,9,419.562232
42,8,419.573234
40,10,419.589238
34,16,419.611243
42,8,419.622246
42,8,419.634248
42,8,419.645251
38,12,419.663255
42,8,419.674257
42,8,419.68526
40,10,419.699263
42,8,419.710265
42,8,419.723268
36,14,419.743273
42,8,419.755275
42,8,419.767278
38,12,419.784283
42,8,419.796285
40,10,419.809288
42,8,419.82029
-60,10,419.835294
42,8,419.846296
42,8,419.858299
40,10,419.870302
40,10,419.885305
40,10,419.898308
42,8,419.910311
38,12,419.927314
42,8,419.938317
40,10,419.95332
42,8,419.966323
-60,10,419.979326
42,8,419.991329
41,9,420.002331
36,14,420.022336
40,10,420.035338
-58,8,420.046341
42,8,420.057343
40,10,420.073347
40,10,420.08635
42,8,420.097353
-55,5,420.106355
42,8,420.118357
42,8,420.13136
40,10,420.144363
40,10,420.160367
38,12,420.176371
-58,8,420.188373
42,8,420.201376
42,8,420.212379
41,9,420.224381
38,12,420.241385
42,8,420.253388
38,12,420.270392
40,10,420.283394
-61,11,420.299398
42,8,420.3104
40,10,420.325404
41,9,420.337407
42,8,420.348409
42,8,420.360412
40,10,420.373415
-56,6,420.382417
40,10,420.39542
36,14,420.416425
42,8,420.428427
38,12,420.444431
42,8,420.456434
42,8,420.467436
-54,4,420.474437
42,8,420.48644
39,11,420.501444
42,8,420.512446
40,10,420.526449
-54,4,420.53145
42,8,420.543453
42,8,420.555456
42,8,420.567459
42,8,420.578461
41,9,420.590464
42,8,420.602466
40,10,420.61747
-60,10,420.630473
40,10,420.646476
42,8,420.657479
42,8,420.669482
42,8,420.681484
-56,6,420.689486
42,8,420.700488
40,10,420.716492
-59,9,420.728495
42,8,420.740497
42,8,420.7535
42,8,420.764503
40,10,420.780506
42,8,420.791509
-55,5,420.799511
42,8,420.810513
42,8,420.822517
38,12,420.837519
40,10,420.850522
42,8,420.861525
42,8,420.873528
42,8,420.88453
40,10,420.900533
42,8,420.911536
42,8,420.923539
-58,8,420.933541
42,8,420.945544
42,8,420.958547
41,9,420.970549
38,12,420.986553
42,8,420.999556
-54,4,421.004557
42,8,421.01756
38,12,421.033563
41,9,421.045566
42,8,421.055568
40,10,421.071572
41,9,421.083575
38,12,421.100579
42,8,421.111581
40,10,421.126585
40,10,421.139587
42,8,421.15259
42,8,421.163593
42,8,421.175595
42,8,421.186598
40,10,421.201601
42,8,421.214604
42,8,421.225607
42,8,421.236609
42,8,421.248612
-55,5,421.255613
42,8,421.266616
40,10,421.279619
42,8,421.291622
40,10,421.306625
42,8,421.318628
36,14,421.336632
-55,5,421.344633
42,8,421.356638
-58,8,421.368641
-56,6,421.375643
42,8,421.387645
38,12,421.404649
42,8,421.417652
42,8,421.428655
42,8,421.440657
42,8,421.45266
42,8,421.463663
40,10,421.479666
40,10,421.492669
-55,5,421.499671
41,9,421.513674
42,8,421.525676
42,8,421.536679
42,8,421.548681
40,10,421.561685
40,10,421.575687
42,8,421.587691
42,8,421.598693
42,8,421.610695
42,8,421.621698
40,10,421.633701
42,8,421.646704
40,10,421.661707
42,8,421.67371
41,9,421.684712
42,8,421.696715
40,10,421.709718
42,8,421.72172
40,10,421.736724
42,8,421.747726
42,8,421.759729
40,10,421.771734
42,8,421.783736
42,8,421.794739
40,10,421.810742
42,8,421.822745
40,10,421.835748
42,8,421.847751
40,10,421.862754
42,8,421.873756
42,8,421.88676
42,8,421.898762
42,8,421.909765
42,8,421.921767
42,8,421.93277
42,8,421.944773
41,9,421.956775
-56,6,421.966777
42,8,421.978781
42,8,421.989783
40,10,422.002786
42,8,422.014788
42,8,422.026791
42,8,422.037794
36,14,422.057798
41,9,422.069802
42,8,422.080803
41,9,422.092806
40,10,422.108809
40,10,422.121812
42,8,422.133816
41,9,422.145818
42,8,422.156821
39,11,422.173824
42,8,422.185827
42,8,422.19783
42,8,422.208832
42,8,422.220835
42,8,422.232837
42,8,422.244841
41,9,422.255843
42,8,422.267845
42,8,422.278848
41,9,422.293851
40,10,422.306854
42,8,422.317857
38,12,422.33386
42,8,422.345863
42,8,422.357866
42,8,422.368868
40,10,422.384995
41,9,422.396997
42,8,422.409
38,12,422.426004
42,8,422.438006
42,8,422.450009
40,10,422.463012
40,10,422.478015
42,8,422.489018
40,10,422.503021
-54,4,422.508023
42,8,422.520025
42,8,422.531028
40,10,422.546032
40,10,422.559034
38,12,422.575037
38,12,422.592041
42,8,422.603044
-58,8,422.615047
42,8,422.62605
42,8,422.638052
39,11,422.654055
40,10,422.670059
42,8,422.682062
42,8,422.694064
-60,10,422.706068
42,8,422.71807
42,8,422.729072
-58,8,422.740074
42,8,422.751077
42,8,422.76308
42,8,422.774082
42,8,422.786086
42,8,422.797087
42,8,422.809092
-56,6,422.819094
40,10,422.832097
40,10,422.847101
38,12,422.863105
40,10,422.877107
42,8,422.88911
42,8,422.901113
42,8,422.913116
42,8,422.924118
42,8,422.936121
42,8,422.948123
40,10,422.964127
40,10,422.97713
42,8,422.989133
42,8,423.001135
39,11,423.017139
42,8,423.028142
42,8,423.039144
42,8,423.051147
40,10,423.064149
-60,10,423.079153
42,8,423.091156
42,8,423.103158
40,10,423.117162
42,8,423.129164
-56,6,423.139166
40,10,423.152169
42,8,423.164172
42,8,423.176175
42,8,423.188177
42,8,423.20018
42,8,423.212183
40,10,423.227186
37,13,423.244192
-58,8,423.255195
41,9,423.268197
42,8,423.279201
42,8,423.290202
42,8,423.302205
42,8,423.313208
42,8,423.32521
42,8,423.336213
42,8,423.348215
42,8,423.360218
40,10,423.374221
42,8,423.386224
40,10,423.399227
42,8,423.41123
40,10,423.427233
42,8,423.438236
42,8,423.449238
42,8,423.461241
39,11,423.478245
42,8,423.490247
40,10,423.50325
40,10,423.518254
40,10,423.531257
42,8,423.543259
42,8,423.555262
40,10,423.571265
40,10,423.584269
42,8,423.596271
40,10,423.610274
42,8,423.623277
38,12,423.640281
40,10,423.653284
42,8,423.665287
41,9,423.676289
42,8,423.688292
42,8,423.701295
41,9,423.715298
42,8,423.727301
42,8,423.738303
41,9,423.750306
42,8,423.762309
-58,8,423.772311
36,14,423.790315
40,10,423.805318
-56,6,423.81232
42,8,423.824322
40,10,423.838326
42,8,423.850328
-58,8,423.861331
42,8,423.873334
38,12,423.890337
-56,6,423.898339
40,10,423.914343
42,8,423.925345
40,10,423.938348
40,10,423.953352
42,8,423.965355
42,8,423.976357
42,8,423.989362
40,10,424.002365
40,10,424.017369
42,8,424.028371
42,8,424.039373
42,8,424.051376
42,8,424.063379
40,10,424.075382
42,8,424.087384
42,8,424.098387
42,8,424.11139
42,8,424.122392
42,8,424.133394
40,10,424.150398
42,8,424.162401
42,8,424.173404
42,8,424.184406
40,10,424.198409
42,8,424.210412
40,10,424.226415
40,10,424.239418
42,8,424.250421
42,8,424.262424
39,11,424.278427
40,10,424.293431
40,10,424.306433
42,8,424.318436
-55,5,424.324437
42,8,424.33644
42,8,424.348443
-56,6,424.357445
42,8,424.369448
42,8,424.38145
-56,6,424.388452
42,8,424.400455
42,8,424.412457
40,10,424.427461
40,10,424.440464
-58,8,424.451466
40,10,424.46747
40,10,424.479473
-55,5,424.488474
-58,8,424.500477
39,11,424.514481
-54,4,424.519482
-54,4,424.525483
40,10,424.540486
36,14,424.55949
42,8,424.572494
40,10,424.587497
36,14,424.605501
42,8,424.617504
-54,4,424.623505
40,10,424.638508
42,8,424.650512
42,8,424.662514
41,9,424.674516
42,8,424.686519
-54,4,424.69252
38,12,424.709524
38,12,424.725528
40,10,424.740531
42,8,424.751534
-60,10,424.764537
42,8,424.776539
42,8,424.787542
42,8,424.799545
42,8,424.811548
42,8,424.82355
-57,7,424.834552
42,8,424.846555
38,12,424.863559
42,8,424.875562
42,8,424.887564
42,8,424.899567
42,8,424.91057
42,8,424.922573
-54,4,424.928574
42,8,424.940576
42,8,424.951579
41,9,424.963581
42,8,424.974584
40,10,424.989587
42,8,425.00059
40,10,425.013593
42,8,425.025595
42,8,425.037598
42,8,425.048601
42,8,425.060603
42,8,425.071606
42,8,425.083608
40,10,425.099612
42,8,425.110615
40,10,425.124618
42,8,425.13562
40,10,425.151624
40,10,425.164627
40,10,425.179631
40,10,425.192633
42,8,425.204636
42,8,425.215638
42,8,425.227642
42,8,425.238643
42,8,425.250646
40,10,425.26765
39,11,425.280653
40,10,425.296656
42,8,425.308659
42,8,425.319662
42,8,425.331664
42,8,425.343667
42,8,425.35467
42,8,425.366672
42,8,425.378675
40,10,425.390678
-54,4,425.396679
42,8,425.407681
39,11,425.423685
42,8,425.4358
42,8,425.446803
38,12,425.461806
-59,9,425.474809
40,10,425.489813
42,8,425.501815
38,12,425.51882
41,9,425.530823
40,10,425.545825
40,10,425.558828
38,12,425.575832
42,8,425.588835
42,8,425.600838
40,10,425.616842
38,12,425.633845
42,8,425.644848
41,9,425.657851
40,10,425.670853
42,8,425.681856
40,10,425.696859
40,10,425.710863
42,8,425.721866
42,8,425.733867
38,12,425.749871
42,8,425.761874
42,8,425.772877
-56,6,425.782879
40,10,425.795882
38,12,425.811886
42,8,425.823888
-56,6,425.833891
42,8,425.845893
42,8,425.857896
42,8,425.869898
40,10,425.883901
40,10,425.898905
39,11,425.914908
42,8,425.925911
-60,10,425.939914
41,9,425.951917
42,8,425.96292
42,8,425.974922
42,8,425.986925
42,8,425.998928
42,8,426.00993
-52,2,426.013931
42,8,426.024933
42,8,426.036936
42,8,426.048939
41,9,426.060941
-56,6,426.069943
42,8,426.081946
42,8,426.093949
42,8,426.105952
-54,4,426.110953
-55,5,426.117954
36,14,426.135959
42,8,426.146961
-60,10,426.161964
42,8,426.173967
42,8,426.185975
40,10,426.198974
42,8,426.209977
40,10,426.22498
42,8,426.236983
42,8,426.248985
-56,6,426.255987
36,14,426.276992
-58,8,426.287994
42,8,426.299997
42,8,426.312001
42,8,426.323002
-57,7,426.334004
42,8,426.346007
42,8,426.357014
42,8,426.369017
40,10,426.38202
-57,7,426.392023
42,8,426.404024
42,8,426.416027
42,8,426.42703
42,8,426.438032
42,8,426.449034
42,8,426.462038
42,8,426.47304
42,8,426.485043
42,8,426.496046
42,8,426.508048
42,8,426.520051
40,10,426.533053
42,8,426.545057
42,8,426.556059
42,8,426.568061
40,10,426.584065
42,8,426.595068
35,15,426.617072
42,8,426.627074
41,9,426.640077
-54,4,426.645079
42,8,426.657081
38,12,426.674085
42,8,426.685088
40,10,426.699091
40,10,426.715095
42,8,426.726098
42,8,426.7381
40,10,426.751103
40,10,426.767106
39,11,426.78311
42,8,426.794112
30,20,426.821118
40,10,426.835121
41,9,426.847124
-56,6,426.857126
40,10,426.87013
-58,8,426.881132
42,8,426.892134
40,10,426.908138
41,9,426.921141
40,10,426.936144
41,9,426.948147
35,15,426.970152
42,8,426.981154
16,34,427.029165
41,9,427.041168
42,8,427.053171
40,10,427.069174
41,9,427.082177
42,8,427.09318
-54,4,427.099181
42,8,427.111184
42,8,427.122186
42,8,427.134189
42,8,427.146192
42,8,427.157194
-55,5,427.164196
42,8,427.176198
-56,6,427.1852
42,8,427.197203
42,8,427.208205
40,10,427.220208
42,8,427.232211
-58,8,427.242213
41,9,427.258217
42,8,427.27022
40,10,427.283222
40,10,427.298226
40,10,427.312229
41,9,427.324232
39,11,427.340235
-56,6,427.349237
42,8,427.36024
40,10,427.374243
42,8,427.386246
-58,8,427.397353
42,8,427.408375
40,10,427.424379
42,8,427.436381
42,8,427.448385
-56,6,427.455386
39,11,427.47139
42,8,427.482392
40,10,427.495396
38,12,427.512399
40,10,427.528402
41,9,427.540406
40,10,427.555409
42,8,427.567411
40,10,427.580414
42,8,427.593417
41,9,427.60542
42,8,427.615422
36,14,427.635427
40,10,427.64943
40,10,427.664433
42,8,427.675436
41,9,427.688441
40,10,427.703446
40,10,427.716448
42,8,427.727449
42,8,427.738452
42,8,427.750454
42,8,427.761458
42,8,427.77446
36,14,427.795465
42,8,427.806467
40,10,427.81947
-54,4,427.824471
42,8,427.837474
40,10,427.852477
41,9,427.86548
42,8,427.877483
40,10,427.889486
40,10,427.905489
-58,8,427.916492
-55,5,427.923493
40,10,427.939497
40,10,427.9515
42,8,427.963503
38,12,427.980506
42,8,427.991509
42,8,428.003511
42,8,428.015514
42,8,428.027517
-54,4,428.032518
42,8,428.044521
-56,6,428.054523
42,8,428.065526
40,10,428.078528
38,12,428.095532
42,8,428.108535
40,10,428.123538
42,8,428.135541
40,10,428.148547
42,8,428.159549
42,8,428.170551
42,8,428.182554
40,10,428.198557
42,8,428.208559
42,8,428.220562
42,8,428.232565
42,8,428.243568
40,10,428.256571
42,8,428.269573
41,9,428.281576
41,9,428.296579
42,8,428.307582
42,8,428.318584
40,10,428.332587
41,9,428.345591
-54,4,428.351592
41,9,428.36674
41,9,428.377743
-56,6,428.385745
38,12,428.40175
42,8,428.413752
42,8,428.424755
42,8,428.436758
42,8,428.447761
42,8,428.458762
42,8,428.470765
42,8,428.482768
40,10,428.498771
40,10,428.512775
39,11,428.527779
42,8,428.539781
42,8,428.552783
-55,5,428.558785
42,8,428.570788
42,8,428.58279
40,10,428.597794
40,10,428.610797
41,9,428.623801
-55,5,428.630801
40,10,428.642804
42,8,428.653807
42,8,428.665809
41,9,428.680813
42,8,428.691815
-56,6,428.698817
-60,10,428.71382
42,8,428.725823
42,8,428.737825
42,8,428.749828
42,8,428.760831
40,10,428.774834
42,8,428.785836
40,10,428.80284
42,8,428.812843
42,8,428.824845
42,8,428.836848
42,8,428.84885
40,10,428.861853
42,8,428.873856
42,8,428.884859
42,8,428.895862
42,8,428.906864
42,8,428.918866
42,8,428.930869
42,8,428.941871
42,8,428.953874
42,8,428.965877
35,15,428.986881
-56,6,428.994883
42,8,429.005886
42,8,429.017889
-52,2,429.021889
40,10,429.034892
-60,10,429.049896
42,8,429.062899
42,8,429.073901
42,8,429.085903
42,8,429.097906
42,8,429.109909
-54,4,429.115911
42,8,429.126913
40,10,429.139916
42,8,429.152919
42,8,429.163921
42,8,429.175924
42,8,429.187927
42,8,429.199929
40,10,429.215933
42,8,429.227936
42,8,429.239938
38,12,429.256942
42,8,429.269946
40,10,429.282948
42,8,429.294951
42,8,429.305953
42,8,429.318956
41,9,429.333959
39,11,429.347962
-54,4,429.353964
42,8,429.365967
42,8,429.37797
42,8,429.388972
42,8,429.399975
40,10,429.414978
42,8,429.42698
42,8,429.437984
35,15,429.459988
42,8,429.470991
40,10,429.483993
42,8,429.496996
-58,8,429.507998
42,8,429.520001
42,8,429.532004
42,8,429.544007
-60,10,429.55901
42,8,429.571013
42,8,429.583016
42,8,429.594018
42,8,429.606021
42,8,429.618024
42,8,429.629027
38,12,429.645029
42,8,429.657032
42,8,429.669035
40,10,429.682038
42,8,429.69304
42,8,429.705044
-55,5,429.712177
40,10,429.72818
40,10,429.741183
41,9,429.756187
42,8,429.768189
38,12,429.786193
42,8,429.798196
41,9,429.811199
40,10,429.825202
40,10,429.840205
40,10,429.854208
42,8,429.865211
40,10,429.881214
-55,5,429.888216
41,9,429.900219
42,8,429.911221
42,8,429.923224
42,8,429.935227
42,8,429.946229
42,8,429.958232
42,8,429.970235
42,8,429.982237
40,10,429.99824
40,10,430.011244
42,8,430.022246
42,8,430.035249
42,8,430.047252
42,8,430.059255
40,10,430.075258
40,10,430.087261
42,8,430.099263
40,10,430.115267
42,8,430.126269
40,10,430.139273
42,8,430.151275
42,8,430.163278
42,8,430.17428
41,9,430.189284
42,8,430.200286
42,8,430.212289
38,12,430.228293
42,8,430.239295
42,8,430.250298
42,8,430.2623
42,8,430.274303
40,10,430.288307
42,8,430.30031
42,8,430.312312
42,8,430.324314
42,8,430.336317
42,8,430.34732
40,10,430.361323
42,8,430.373325
40,10,430.387328
41,9,430.399331
42,8,430.410334
42,8,430.422337
38,12,430.43934
42,8,430.451343
-55,5,430.459344
42,8,430.470347
41,9,430.48435
42,8,430.496354
42,8,430.508356
41,9,430.520358
-56,6,430.53036
-58,8,430.540364
-56,6,430.549365
41,9,430.565369
40,10,430.584373
40,10,430.600377
42,8,430.61638
42,8,430.631383
42,8,430.645387
40,10,430.664391
-52,2,430.667392
42,8,430.682395
40,10,430.701401
41,9,430.716405
42,8,430.730408
41,9,430.746412
42,8,430.760415
42,8,430.776418
42,8,430.791424
42,8,430.807429
42,8,430.822434
40,10,430.840438
40,10,430.857442
42,8,430.872445
42,8,430.887449
39,11,430.904452
42,8,430.917456
39,11,430.935459
42,8,430.950463
-56,6,430.960465
42,8,430.976469
42,8,430.991472
-58,8,431.003475
42,8,431.017479
42,8,431.033482
-58,8,431.049485
42,8,431.065489
-55,5,431.077492
-52,2,431.079492
40,10,431.097496
42,8,431.111499
-55,5,431.120501
42,8,431.134504
40,10,431.149508
40,10,431.168512
40,10,431.184515
42,8,431.199519
42,8,431.213522
41,9,431.231526
40,10,431.24753
42,8,431.261533
40,10,431.280537
42,8,431.296541
40,10,431.313545
42,8,431.329548
42,8,431.343551
40,10,431.361556
42,8,431.376559
42,8,431.390562
42,8,431.406566
42,8,431.422571
-56,6,431.431573
-52,2,431.437575
38,12,431.45858
38,12,431.479585
42,8,431.493587
40,10,431.509591
40,10,431.529596
40,10,431.544599
42,8,431.558602
-54,4,431.567604
42,8,431.581607
42,8,431.595611
42,8,431.609614
42,8,431.623617
40,10,431.644621
-52,2,431.646622
42,8,431.663626
38,12,431.68463
-60,10,431.702635
39,11,431.719638
42,8,431.735642
42,8,431.751646
41,9,431.76965
38,12,431.790654
42,8,431.805658
42,8,431.820661
42,8,431.834665
-59,9,431.847667
40,10,431.863671
-56,6,431.875674
42,8,431.890677
42,8,431.906681
42,8,431.920684
40,10,431.936687
42,8,431.951691
40,10,431.972696
42,8,431.987699
42,8,432.002702
39,11,432.020706
40,10,432.03671
42,8,432.051713
42,8,432.064716
42,8,432.07872
-52,2,432.08372
42,8,432.097723
42,8,432.110726
42,8,432.12473
-55,5,432.132731
40,10,432.148735
40,10,432.167739
42,8,432.182743
40,10,432.199746
-52,2,432.205748
42,8,432.221751
42,8,432.236757
40,10,432.253761
42,8,432.269765
40,10,432.28777
42,8,432.301773
40,10,432.316778
42,8,432.331783
38,12,432.351788
38,12,432.371792
42,8,432.387796
42,8,432.401799
42,8,432.417924
42,8,432.432927
42,8,432.446931
40,10,432.465935
42,8,432.480938
42,8,432.493942
42,8,432.507945
38,12,432.528949
42,8,432.542953
42,8,432.556956
40,10,432.572959
42,8,432.587963
38,12,432.608969
42,8,432.622972
-56,6,432.634975
-54,4,432.640976
42,8,432.65898
40,10,432.674984
42,8,432.689987
40,10,432.707991
41,9,432.723995
40,10,432.745
-56,6,432.753001
42,8,432.768005
40,10,432.786009
38,12,432.807015
38,12,432.827018
-57,7,432.83602
41,9,432.855024
40,10,432.871028
40,10,432.889032
-54,4,432.897034
41,9,432.913038
42,8,432.929041
42,8,432.944044
40,10,432.959048
42,8,432.976052
42,8,432.990057
42,8,433.00306
40,10,433.022149
38,12,433.041153
42,8,433.056157
42,8,433.07016
-59,9,433.084163
42,8,433.099166
42,8,433.113169
42,8,433.129173
40,10,433.146177
40,10,433.161181
-58,8,433.176183
37,13,433.196188
42,8,433.211192
-56,6,433.224194
-55,5,433.232196
42,8,433.2482
42,8,433.263203
42,8,433.277206
40,10,433.29421
42,8,433.308213
42,8,433.322217
42,8,433.337219
42,8,433.353223
-54,4,433.359225
42,8,433.375228
41,9,433.390232
42,8,433.405235
42,8,433.420239
42,8,433.435242
-54,4,433.441243
38,12,433.463248
42,8,433.478252
-54,4,433.485253
40,10,433.501257
38,12,433.521261
42,8,433.535264
42,8,433.551268
-52,2,433.55727
41,9,433.571273
42,8,433.585276
42,8,433.600279
42,8,433.616283
-56,6,433.627285
42,8,433.642288
42,8,433.656291
42,8,433.672295
42,8,433.688299
42,8,433.702302
42,8,433.717306
38,12,433.73831
42,8,433.752313
40,10,433.768317
40,10,433.786321
42,8,433.801324
42,8,433.814327
42,8,433.828331
-55,5,433.836332
40,10,433.853336
38,12,433.874341
42,8,433.890344
40,10,433.909348
42,8,433.925352
42,8,433.939355
42,8,433.953359
40,10,433.969362
42,8,433.982365
42,8,433.997368
40,10,434.015373
42,8,434.029376
41,9,434.043379
42,8,434.059382
42,8,434.074388
42,8,434.089393
42,8,434.105401
40,10,434.122405
40,10,434.139409
42,8,434.154412
42,8,434.168415
42,8,434.182418
42,8,434.198422
38,12,434.219427
38,12,434.238431
40,10,434.257435
42,8,434.272439
42,8,434.285441
42,8,434.300445
42,8,434.314448
40,10,434.332452
-54,4,434.340454
42,8,434.354457
41,9,434.370461
42,8,434.385464
40,10,434.404469
-54,4,434.41147
41,9,434.424473
-57,7,434.436475
42,8,434.451481
42,8,434.467484
40,10,434.483488
42,8,434.495491
42,8,434.509494
42,8,434.524498
42,8,434.538501
-54,4,434.544502
40,10,434.563506
42,8,434.577509
42,8,434.591513
40,10,434.606516
42,8,434.622519
42,8,434.638523
-56,6,434.650526
42,8,434.665529
40,10,434.681533
40,10,434.699537
41,9,434.71654
42,8,434.731544
39,11,434.748548
42,8,434.762551
42,8,434.777555
40,10,434.792558
-55,5,434.80456
42,8,434.819566
42,8,434.835569
39,11,434.853574
42,8,434.867577
40,10,434.886581
42,8,434.901584
42,8,434.915588
42,8,434.929591
42,8,434.944594
42,8,434.958597
42,8,434.9726
42,8,434.986603
42,8,435.002607
42,8,435.017611
42,8,435.029613
42,8,435.044616
42,8,435.06062
42,8,435.075624
41,9,435.091627
38,12,435.113632
42,8,435.129636
42,8,435.144639
42,8,435.157642
42,8,435.171781
38,12,435.193789
42,8,435.209792
42,8,435.223795
42,8,435.237798
42,8,435.251801
42,8,435.267805
42,8,435.282809
39,11,435.301815
42,8,435.316818
42,8,435.331821
42,8,435.346824
42,8,435.362828
41,9,435.379832
42,8,435.393835
42,8,435.405838
40,10,435.424842
42,8,435.439845
40,10,435.455849
-58,8,435.469852
42,8,435.484856
42,8,435.498858
-56,6,435.509861
40,10,435.525867
-55,5,435.53487
42,8,435.549874
42,8,435.563878
40,10,435.583882
42,8,435.598885
42,8,435.615889
41,9,435.628892
42,8,435.642895
42,8,435.656898
42,8,435.670901
42,8,435.685905
42,8,435.701908
42,8,435.715911
-55,5,435.724913
42,8,435.738917
42,8,435.752919
42,8,435.766923
42,8,435.782927
35,15,435.807932
42,8,435.823936
42,8,435.838939
-56,6,435.849942
42,8,435.865948
42,8,435.87995
42,8,435.893953
-54,4,435.901956
42,8,435.91596
42,8,435.929963
-52,2,435.930964
42,8,435.945971
42,8,435.957973
40,10,435.975977
42,8,435.99098
42,8,436.004983
-61,11,436.021987
42,8,436.03699
42,8,436.051994
40,10,436.069998
42,8,436.086001
42,8,436.102005
-54,4,436.109007
40,10,436.12501
-55,5,436.135012
42,8,436.150016
42,8,436.165019
40,10,436.181023
40,10,436.200027
42,8,436.216033
40,10,436.233036
41,9,436.247039
42,8,436.262043
42,8,436.277049
-55,5,436.288051
42,8,436.304054
42,8,436.319058
40,10,436.335061
42,8,436.349065
40,10,436.368069
42,8,436.382072
40,10,436.398076
42,8,436.412079
42,8,436.424081
42,8,436.439085
42,8,436.455089
42,8,436.470092
-52,2,436.474093
42,8,436.488096
42,8,436.502099
42,8,436.518103
-52,2,436.520103
42,8,436.534106
38,12,436.555111
-56,6,436.567114
42,8,436.582117
-56,6,436.591119
39,11,436.610123
42,8,436.624127
40,10,436.64113
42,8,436.656134
-60,10,436.674138
42,8,436.690141
42,8,436.703145
40,10,436.721148
42,8,436.737154
42,8,436.751157
42,8,436.768161
42,8,436.784165
42,8,436.797168
36,14,436.821173
42,8,436.836176
42,8,436.85118
42,8,436.864183
42,8,436.877186
42,8,436.891189
42,8,436.904192
42,8,436.919195
41,9,436.935199
42,8,436.950202
42,8,436.966206
42,8,436.981209
-52,2,436.986211
42,8,437.000213
42,8,437.015217
42,8,437.02922
40,10,437.046224
42,8,437.060227
42,8,437.074233
40,10,437.092237
42,8,437.10824
42,8,437.122244
42,8,437.136246
42,8,437.15125
42,8,437.165253
42,8,437.182257
42,8,437.19726
42,8,437.212264
42,8,437.227267
40,10,437.244271
38,12,437.265276
-55,5,437.272278
42,8,437.287281
-58,8,437.301284
-57,7,437.313287
42,8,437.32829
40,10,437.346294
42,8,437.360297
-56,6,437.369299
42,8,437.382302
42,8,437.398305
42,8,437.413309
42,8,437.426312
42,8,437.440432
42,8,437.455436
42,8,437.471439
41,9,437.486444
38,12,437.506449
42,8,437.521452
42,8,437.536455
42,8,437.551459
42,8,437.564462
-54,4,437.571463
42,8,437.585467
42,8,437.60047
42,8,437.613473
42,8,437.628477
-52,2,437.632477
-56,6,437.640479
42,8,437.656482
42,8,437.672486
42,8,437.68749
42,8,437.702493
42,8,437.719497
42,8,437.7345
40,10,437.752504
42,8,437.766508
42,8,437.782511
-52,2,437.784512
40,10,437.805516
-56,6,437.814518
41,9,437.831522
42,8,437.846525
40,10,437.86253
42,8,437.878533
42,8,437.893536
36,14,437.918544
42,8,437.935547
40,10,437.951551
-56,6,437.965554
40,10,437.980558
38,12,438.000562
40,10,438.020567
42,8,438.03557
42,8,438.050574
42,8,438.063576
39,11,438.08058
42,8,438.095584
42,8,438.108587
-62,12,438.127591
42,8,438.140594
42,8,438.155597
40,10,438.174602
42,8,438.191605
42,8,438.206609
40,10,438.224613
42,8,438.241617
41,9,438.259621
-56,6,438.269631
42,8,438.283628
42,8,438.297632
-54,4,438.303633
42,8,438.319638
42,8,438.333641
41,9,438.347644
40,10,438.367653
40,10,438.383654
42,8,438.400658
42,8,438.414661
42,8,438.427665
42,8,438.442668
40,10,438.462672
40,10,438.477676
42,8,438.492679
40,10,438.512683
42,8,438.526687
40,10,438.54269
41,9,438.558694
42,8,438.573697
38,12,438.592701
38,12,438.612706
42,8,438.626709
40,10,438.643713
41,9,438.657716
42,8,438.67272
39,11,438.692726
40,10,438.709857
42,8,438.724862
42,8,438.740868
42,8,438.754873
39,11,438.772877
40,10,438.789881
42,8,438.804884
42,8,438.819887
42,8,438.834891
-54,4,438.840892
40,10,438.855895
42,8,438.869899
40,10,438.888904
40,10,438.905907
40,10,438.924911
-58,8,438.939914
42,8,438.955918
42,8,438.970922
40,10,438.985924
42,8,439.000928
42,8,439.013931
42,8,439.028937
42,8,439.042939
40,10,439.061944
42,8,439.075947
42,8,439.09095
42,8,439.106954
-54,4,439.114955
42,8,439.129959
42,8,439.142962
40,10,439.159966
-56,6,439.171969
-54,4,439.17997
42,8,439.193974
42,8,439.209977
42,8,439.225981
42,8,439.239984
42,8,439.253987
40,10,439.269991
41,9,439.287995
-56,6,439.296997
42,8,439.31
42,8,439.324003
42,8,439.340006
40,10,439.35701
42,8,439.372014
40,10,439.388017
40,10,439.407023
42,8,439.423027
39,11,439.440033
40,10,439.458037
38,12,439.480042
42,8,439.494046
42,8,439.507048
40,10,439.523052
42,8,439.538055
42,8,439.553059
42,8,439.567062
42,8,439.581065
42,8,439.596069
42,8,439.612072
42,8,439.627076
39,11,439.64808
42,8,439.662084
42,8,439.675086
42,8,439.69109
42,8,439.706093
40,10,439.724097
42,8,439.738101
-54,4,439.744102
42,8,439.758106
-55,5,439.765106
42,8,439.779112
41,9,439.795116
40,10,439.81312
41,9,439.827123
-54,4,439.834125
42,8,439.849128
42,8,439.862132
42,8,439.876134
-56,6,439.885136
40,10,439.90414
40,10,439.919144
40,10,439.938148
42,8,439.953151
40,10,439.970155
42,8,439.985159
42,8,439.999162
42,8,440.013165
40,10,440.032169
42,8,440.047173
42,8,440.060176
42,8,440.075179
41,9,440.091182
42,8,440.106186
42,8,440.12319
42,8,440.138193
41,9,440.153197
42,8,440.1682
42,8,440.182204
42,8,440.196206
42,8,440.21021
42,8,440.225213
-55,5,440.236215
42,8,440.250218
40,10,440.266222
-54,4,440.273224
-52,2,440.277225
42,8,440.291227
42,8,440.305231
42,8,440.320234
40,10,440.336238
-58,8,440.350241
40,10,440.368245
42,8,440.384248
42,8,440.399252
41,9,440.415256
42,8,440.430259
42,8,440.444262
40,10,440.459265
40,10,440.47927
41,9,440.493273
-56,6,440.504276
42,8,440.520286
40,10,440.535284
40,10,440.553288
42,8,440.568292
42,8,440.583299
42,8,440.597302
42,8,440.611412
42,8,440.625437
42,8,440.63944
41,9,440.655444
42,8,440.671448
41,9,440.685451
42,8,440.700454
40,10,440.717458
42,8,440.731461
42,8,440.744464
42,8,440.759467
41,9,440.77347
42,8,440.787474
40,10,440.803477
40,10,440.822481
40,10,440.838485
42,8,440.853489
42,8,440.868492
41,9,440.886496
40,10,440.902501
42,8,440.917505
42,8,440.932508
42,8,440.946512
40,10,440.965516
42,8,440.979519
40,10,440.995523
42,8,441.008525
40,10,441.02653
39,11,441.041533
42,8,441.055536
42,8,441.070539
42,8,441.085543
40,10,441.103547
42,8,441.119551
42,8,441.134554
42,8,441.150558
42,8,441.167562
-55,5,441.176563
41,9,441.191567
-52,2,441.196568
42,8,441.210571
42,8,441.224574
40,10,441.240577
-55,5,441.252581
41,9,441.268199
42,8,441.28159
41,9,441.295593
42,8,441.308595
42,8,441.325599
39,11,441.345604
40,10,441.361608
42,8,441.375611
42,8,441.391614
38,12,441.41562
38,12,441.434624
42,8,441.448627
42,8,441.46363
42,8,441.476633
42,8,441.490637
42,8,441.503639
-54,4,441.512642
42,8,441.526645
42,8,441.541648
41,9,441.558652
42,8,441.573655
40,10,441.590659
-58,8,441.605664
42,8,441.620668
39,11,441.639672
42,8,441.654181
42,8,441.668184
39,11,441.688194
42,8,441.702197
40,10,441.7182
-55,5,441.725202
42,8,441.740205
41,9,441.757209
42,8,441.770212
42,8,441.785215
42,8,441.799219
42,8,441.812222
42,8,441.827225
40,10,441.842228
41,9,441.856231
42,8,441.871235
42,8,441.88424
42,8,441.899243
42,8,441.914246
42,8,441.926249
41,9,441.945253
42,8,441.959257
-56,6,441.970259
42,8,441.984262
38,12,442.003266
42,8,442.01927
42,8,442.033273
42,8,442.046277
42,8,442.060279
42,8,442.075283
40,10,442.096287
42,8,442.112291
42,8,442.125294
42,8,442.139297
-56,6,442.147299
42,8,442.165303
42,8,442.181307
42,8,442.19531
42,8,442.210313
42,8,442.224316
42,8,442.23932
42,8,442.253323
42,8,442.266325
40,10,442.286331
42,8,442.300333
-58,8,442.314337
42,8,442.32934
42,8,442.343343
41,9,442.357346
42,8,442.37335
40,10,442.389354
42,8,442.40536
42,8,442.420363
-54,4,442.426364
-52,2,442.433366
42,8,442.446369
42,8,442.459373
42,8,442.474493
42,8,442.490497
42,8,442.5055
42,8,442.520504
40,10,442.537507
42,8,442.552511
40,10,442.570515
40,10,442.587519
42,8,442.601522
-56,6,442.613524
42,8,442.628528
38,12,442.648532
42,8,442.662536
42,8,442.675538
42,8,442.690542
-54,4,442.697543
40,10,442.714547
42,8,442.727551
42,8,442.740553
40,10,442.758557
42,8,442.773561
42,8,442.787564
42,8,442.803568
41,9,442.819572
42,8,442.834577
40,10,442.853581
42,8,442.867584
42,8,442.882588
42,8,442.898592
42,8,442.914595
42,8,442.926598
42,8,442.940601
42,8,442.954604
42,8,442.969607
40,10,442.984611
40,10,443.000614
42,8,443.016618
42,8,443.031621
42,8,443.045624
40,10,443.062629
42,8,443.076631
-61,11,443.093635
42,8,443.107639
42,8,443.122642
40,10,443.139645
42,8,443.155649
42,8,443.169652
42,8,443.185656
-55,5,443.19466
42,8,443.208663
-56,6,443.218665
40,10,443.23667
42,8,443.249672
40,10,443.266676
39,11,443.285681
34,16,443.313687
42,8,443.327691
42,8,443.342694
40,10,443.357697
38,12,443.376701
40,10,443.395705
40,10,443.410709
-55,5,443.421711
42,8,443.435714
-54,4,443.442716
42,8,443.456719
42,8,443.470722
42,8,443.484725
40,10,443.498729
42,8,443.513732
42,8,443.528737
40,10,443.548741
42,8,443.563745
42,8,443.576748
40,10,443.593751
42,8,443.609755
42,8,443.625759
41,9,443.641762
40,10,443.659766
42,8,443.67377
42,8,443.688773
-56,6,443.698775
38,12,443.717779
36,14,443.740784
42,8,443.754788
42,8,443.768791
40,10,443.785795
42,8,443.801798
42,8,443.817802
42,8,443.831805
42,8,443.846809
40,10,443.865813
42,8,443.882817
-56,6,443.891819
42,8,443.906822
42,8,443.920825
42,8,443.934828
42,8,443.948834
42,8,443.962837
42,8,443.97684
41,9,443.994846
40,10,444.008849
38,12,444.032854
-55,5,444.039856
42,8,444.053859
40,10,444.072863
42,8,444.087868
42,8,444.103874
41,9,444.119878
41,9,444.133881
42,8,444.147884
42,8,444.163888
40,10,444.181892
40,10,444.195895
38,12,444.2179
40,10,444.235904
40,10,444.250907
42,8,444.264911
42,8,444.279914
42,8,444.292917
38,12,444.313921
41,9,444.329925
42,8,444.343929
42,8,444.359934
42,8,444.373937
42,8,444.389941
40,10,444.406948
42,8,444.420951
41,9,444.435955
42,8,444.450958
40,10,444.467962
38,12,444.487967
42,8,444.50297
38,12,444.521974
40,10,444.537978
-55,5,444.54998
38,12,444.569985
42,8,444.584988
40,10,444.601992
42,8,444.616996
42,8,444.631999
42,8,444.647003
39,11,444.667007
36,14,444.687011
42,8,444.702015
42,8,444.716019
42,8,444.730021
-58,8,444.743024
40,10,444.762028
42,8,444.776031
42,8,444.792035
40,10,444.807039
40,10,444.826043
42,8,444.841046
42,8,444.856049
42,8,444.870052
42,8,444.882056
42,8,444.894058
41,9,444.905061
42,8,444.917063
42,8,444.929066
42,8,444.940068
42,8,444.952071
42,8,444.964074
38,12,444.980078
40,10,444.996081
42,8,445.007083
-54,4,445.013085
42,8,445.026088
36,14,445.044092
42,8,445.056094
42,8,445.068097
42,8,445.0801
41,9,445.092103
38,12,445.109106
42,8,445.121109
40,10,445.136112
42,8,445.148115
40,10,445.160118
40,10,445.176124
40,10,445.189127
42,8,445.20113
42,8,445.213132
40,10,445.229137
42,8,445.243139
42,8,445.254142
42,8,445.267145
42,8,445.278147
40,10,445.29215
42,8,445.304153
42,8,445.316156
42,8,445.327158
42,8,445.340161
42,8,445.351163
40,10,445.366167
40,10,445.38017
41,9,445.394173
42,8,445.406176
42,8,445.417178
42,8,445.429182
42,8,445.441184
42,8,445.452186
42,8,445.464189
41,9,445.476192
41,9,445.488363
40,10,445.504367
-55,5,445.510368
42,8,445.522371
42,8,445.534373
40,10,445.547376
42,8,445.558379
41,9,445.573382
40,10,445.586385
42,8,445.597388
42,8,445.609391
42,8,445.620393
-55,5,445.627394
42,8,445.638397
42,8,445.650399
42,8,445.662402
42,8,445.674405
42,8,445.685407
40,10,445.700411
42,8,445.713414
42,8,445.725417
42,8,445.73642
42,8,445.747421
40,10,445.761425
42,8,445.773427
42,8,445.78543
42,8,445.795432
40,10,445.810436
42,8,445.822441
42,8,445.834444
42,8,445.845446
40,10,445.858449
40,10,445.873452
38,12,445.890456
42,8,445.902459
42,8,445.914461
40,10,445.926464
40,10,445.942468
42,8,445.95447
42,8,445.966473
42,8,445.978476
42,8,445.990479
40,10,446.003482
42,8,446.014484
42,8,446.026487
42,8,446.038489
42,8,446.050492
42,8,446.062495
42,8,446.073626
42,8,446.084629
38,12,446.101633
42,8,446.113636
41,9,446.128639
38,12,446.145643
41,9,446.156645
42,8,446.168648
42,8,446.180651
42,8,446.192655
42,8,446.204658
-52,2,446.206659
40,10,446.220662
42,8,446.232764
40,10,446.246668
42,8,446.25767
42,8,446.269673
42,8,446.281676
42,8,446.291678
41,9,446.306681
42,8,446.318684
40,10,446.331687
42,8,446.342689
42,8,446.354692
42,8,446.366695
40,10,446.380698
40,10,446.394701
42,8,446.406704
42,8,446.418706
42,8,446.430709
41,9,446.442712
42,8,446.454715
40,10,446.470718
-55,5,446.476719
40,10,446.491723
42,8,446.503726
-56,6,446.509727
41,9,446.52273
42,8,446.533732
42,8,446.545735
42,8,446.557738
42,8,446.569741
40,10,446.585744
42,8,446.596746
42,8,446.608749
42,8,446.619752
40,10,446.632755
-52,2,446.637756
42,8,446.650268
42,8,446.661282
42,8,446.673285
42,8,446.685287
42,8,446.698291
42,8,446.709293
41,9,446.721295
42,8,446.733298
42,8,446.745301
42,8,446.756303
42,8,446.768306
40,10,446.784309
41,9,446.796312
42,8,446.808315
42,8,446.819318
-56,6,446.827319
40,10,446.843323
-54,4,446.848324
42,8,446.860327
40,10,446.87333
42,8,446.884332
42,8,446.897335
38,12,446.914339
42,8,446.926341
42,8,446.939347
42,8,446.95135
42,8,446.962352
42,8,446.974355
38,12,446.991359
40,10,447.006362
42,8,447.018365
42,8,447.029368
40,10,447.04237
40,10,447.058374
42,8,447.070377
42,8,447.081379
40,10,447.094382
42,8,447.106385
40,10,447.122388
42,8,447.134391
41,9,447.146394
42,8,447.159397
42,8,447.170399
39,11,447.187403
42,8,447.200406
38,12,447.216409
42,8,447.228412
40,10,447.241415
40,10,447.257419
40,10,447.270422
42,8,447.281424
37,13,447.301429
42,8,447.313431
42,8,447.324434
42,8,447.335436
42,8,447.346438
40,10,447.359442
40,10,447.375445
42,8,447.388448
40,10,447.401451
42,8,447.413454
42,8,447.425456
-54,4,447.431458
38,12,447.448462
42,8,447.460465
38,12,447.477595
38,12,447.493599
42,8,447.505601
42,8,447.515604
42,8,447.528607
42,8,447.539609
42,8,447.550611
38,12,447.567616
42,8,447.578619
42,8,447.591621
42,8,447.602624
42,8,447.613626
42,8,447.625628
39,11,447.642632
42,8,447.654635
40,10,447.667638
40,10,447.683642
42,8,447.694644
42,8,447.706646
40,10,447.71965
42,8,447.730653
42,8,447.742655
40,10,447.757658
42,8,447.769661
42,8,447.781663
42,8,447.791666
-54,4,447.797667
42,8,447.80867
42,8,447.820673
42,8,447.832675
42,8,447.844678
42,8,447.856681
42,8,447.867683
-56,6,447.875684
36,14,447.89769
42,8,447.910693
42,8,447.921695
42,8,447.933698
42,8,447.945701
38,12,447.961704
42,8,447.973707
42,8,447.984709
40,10,447.997712
42,8,448.010716
42,8,448.022718
34,16,448.043723
42,8,448.055725
42,8,448.067728
40,10,448.083732
38,12,448.101736
41,9,448.113739
42,8,448.124741
42,8,448.137744
39,11,448.153748
42,8,448.16575
42,8,448.176753
42,8,448.188755
42,8,448.200758
42,8,448.211761
42,8,448.222763
40,10,448.236766
41,9,448.250769
42,8,448.262772
42,8,448.273775
42,8,448.286777
42,8,448.29778
42,8,448.309783
36,14,448.327787
42,8,448.34079
42,8,448.351792
38,12,448.368796
42,8,448.380799
38,12,448.396802
42,8,448.408805
40,10,448.424809
38,12,448.440814
42,8,448.453817
42,8,448.46482
42,8,448.475822
42,8,448.488827
42,8,448.50083
42,8,448.511832
42,8,448.523835
42,8,448.535838
40,10,448.548841
40,10,448.564844
42,8,448.575847
-56,6,448.583848
42,8,448.596852
40,10,448.612855
42,8,448.623857
42,8,448.63586
42,8,448.647863
42,8,448.660866
42,8,448.671868
42,8,448.683871
42,8,448.695874
40,10,448.708877
42,8,448.72088
42,8,448.731882
42,8,448.742884
42,8,448.754887
38,12,448.771891
42,8,448.782894
38,12,448.799897
41,9,448.8129
42,8,448.824903
42,8,448.835905
42,8,448.847908
40,10,448.864912
38,12,448.882916
42,8,448.894919
42,8,448.906921
42,8,448.917924
37,13,448.934928
42,8,448.94693
42,8,448.957933
36,14,448.978938
42,8,448.99094
40,10,449.003943
42,8,449.014946
42,8,449.026948
40,10,449.042952
40,10,449.055955
40,10,449.071958
41,9,449.083961
42,8,449.096964
42,8,449.107966
42,8,449.119969
39,11,449.136973
42,8,449.148976
42,8,449.160979
42,8,449.172981
42,8,449.183984
42,8,449.194987
-52,2,449.196986
42,8,449.207989
41,9,449.220992
-52,2,449.224993
40,10,449.238996
-58,8,449.249999
42,8,449.262002
42,8,449.274004
42,8,449.286007
-53,3,449.291008
42,8,449.30301
42,8,449.315013
40,10,449.331017
42,8,449.343019
42,8,449.355022
41,9,449.368025
42,8,449.380028
40,10,449.393031
42,8,449.404033
38,12,449.420037
40,10,449.43604
42,8,449.448043
37,13,449.466047
42,8,449.47705
42,8,449.489053
42,8,449.501055
42,8,449.512058
40,10,449.527061
36,14,449.547065
42,8,449.559068
42,8,449.571071
42,8,449.583074
40,10,449.599077
28,22,449.628084
42,8,449.640086
40,10,449.655092
42,8,449.668095
42,8,449.679097
-58,8,449.690099
42,8,449.702102
42,8,449.714105
-54,4,449.720106
42,8,449.731109
42,8,449.742111
42,8,449.755114
42,8,449.766117
40,10,449.77912
40,10,449.795123
42,8,449.806126
42,8,449.818128
40,10,449.831131
42,8,449.843134
41,9,449.855137
42,8,449.867139
42,8,449.879143
42,8,449.890145
40,10,449.906148
42,8,449.91715
39,11,449.933154
42,8,449.945157
41,9,449.95716
41,9,449.971163
40,10,449.986166
-58,8,449.997169
42,8,450.009171
40,10,450.022174
42,8,450.034177
42,8,450.04618
42,8,450.058182
-54,4,450.064184
40,10,450.080188
40,10,450.09319
42,8,450.106193
42,8,450.119196
42,8,450.131199
42,8,450.142201
40,10,450.158205
42,8,450.170208
39,11,450.18321
42,8,450.196213
42,8,450.208217
42,8,450.219219
42,8,450.231221
40,10,450.247225
42,8,450.258227
42,8,450.27023
42,8,450.282233
42,8,450.293235
-55,5,450.300237
42,8,450.31324
42,8,450.325243
42,8,450.336246
42,8,450.348248
-55,5,450.355249
42,8,450.368253
-54,4,450.373253
40,10,450.389373
40,10,450.402376
42,8,450.413378
41,9,450.428382
40,10,450.441385
41,9,450.453387
42,8,450.46539
42,8,450.477393
42,8,450.489395
42,8,450.501398
42,8,450.512401
42,8,450.524403
42,8,450.536406
40,10,450.551409
42,8,450.563412
42,8,450.575415
42,8,450.587417
40,10,450.60042
-54,4,450.606421
42,8,450.618424
-54,4,450.624426
42,8,450.636429
42,8,450.647431
40,10,450.663435
42,8,450.675437
42,8,450.68644
38,12,450.704444
-58,8,450.714446
40,10,450.728449
-54,4,450.73445
42,8,450.746454
40,10,450.762457
40,10,450.77646
42,8,450.788463
41,9,450.803466
42,8,450.814468
42,8,450.826471
42,8,450.839474
42,8,450.851477
42,8,450.862479
42,8,450.873482
42,8,450.885484
42,8,450.897487
40,10,450.90949
42,8,450.922493
41,9,450.934495
41,9,450.949499
42,8,450.960502
42,8,450.971504
42,8,450.983506
42,8,450.995509
42,8,451.006512
42,8,451.019515
42,8,451.031518
42,8,451.04352
42,8,451.054523
42,8,451.066526
42,8,451.078528
40,10,451.090531
-54,4,451.096532
40,10,451.112535
42,8,451.123538
42,8,451.136541
40,10,451.148543
41,9,451.160547
40,10,451.17655
42,8,451.187553
42,8,451.199555
42,8,451.211558
42,8,451.223561
41,9,451.235563
42,8,451.246566
42,8,451.258568
40,10,451.274572
42,8,451.287575
38,12,451.303579
42,8,451.316582
42,8,451.328584
42,8,451.340587
42,8,451.35259
42,8,451.364592
-56,6,451.371594
42,8,451.382596
40,10,451.3986
42,8,451.410603
42,8,451.420605
42,8,451.432608
42,8,451.445611
42,8,451.456613
42,8,451.468616
42,8,451.480618
42,8,451.492621
41,9,451.505624
40,10,451.518628
42,8,451.53063
42,8,451.542752
42,8,451.554754
40,10,451.569758
40,10,451.583761
42,8,451.594764
42,8,451.606766
40,10,451.62277
42,8,451.633772
42,8,451.644774
40,10,451.657777
40,10,451.673781
42,8,451.685784
42,8,451.696786
40,10,451.709789
-52,2,451.71479
42,8,451.725793
41,9,451.737796
42,8,451.748798
42,8,451.761801
-55,5,451.767802
-55,5,451.776804
42,8,451.788807
42,8,451.80081
-54,4,451.807811
42,8,451.818814
42,8,451.830817
40,10,451.84382
42,8,451.855822
42,8,451.867825
-56,6,451.876827
42,8,451.888829
42,8,451.899832
42,8,451.911835
41,9,451.923837
42,8,451.93584
38,12,451.953849
42,8,451.965852
42,8,451.976854
42,8,451.989859
40,10,452.002862
42,8,452.014864
-54,4,452.020866
42,8,452.032869
42,8,452.043871
42,8,452.054874
40,10,452.070877
42,8,452.08288
40,10,452.095882
42,8,452.107885
42,8,452.119888
-55,5,452.12889
42,8,452.139893
42,8,452.151895
42,8,452.163898
42,8,452.174901
38,12,452.192905
42,8,452.203907
40,10,452.21691
41,9,452.229913
40,10,452.246917
41,9,452.258919
41,9,452.272923
42,8,452.284925
42,8,452.295928
42,8,452.307931
42,8,452.320935
40,10,452.335939
40,10,452.349942
41,9,452.364945
42,8,452.376948
42,8,452.38795
42,8,452.399953
40,10,452.412956
42,8,452.424959
42,8,452.436961
42,8,452.447964
42,8,452.459967
42,8,452.470969
42,8,452.482972
-55,5,452.488973
42,8,452.501976
40,10,452.51798
42,8,452.529122
42,8,452.542125
42,8,452.554129
42,8,452.56513
42,8,452.577133
42,8,452.589135
-55,5,452.596137
-56,6,452.605139
42,8,452.617142
40,10,452.630145
42,8,452.641147
42,8,452.65415
42,8,452.665153
-54,4,452.671154
40,10,452.687157
42,8,452.69916
42,8,452.711163
-54,4,452.717164
42,8,452.728167
40,10,452.74217
41,9,452.754173
42,8,452.767175
42,8,452.779178
40,10,452.796182
42,8,452.807185
38,12,452.823188
42,8,452.835191
38,12,452.852195
42,8,452.864197
42,8,452.8752
42,8,452.887203
40,10,452.900206
42,8,452.912208
42,8,452.924211
42,8,452.936214
42,8,452.948216
42,8,452.96022
40,10,452.975222
40,10,452.989225
42,8,453.001228
42,8,453.012231
42,8,453.025234
42,8,453.037236
40,10,453.05224
40,10,453.066243
42,8,453.077246
42,8,453.089248
41,9,453.104251
42,8,453.115254
42,8,453.127257
42,8,453.138259
42,8,453.151262
42,8,453.163265
38,12,453.180269
42,8,453.192272
42,8,453.204274
42,8,453.215276
-60,10,453.22928
42,8,453.240283
42,8,453.252285
41,9,453.265288
42,8,453.277291
42,8,453.288294
42,8,453.300295
42,8,453.312298
42,8,453.324301
40,10,453.339304
42,8,453.350307
42,8,453.362309
42,8,453.374312
42,8,453.386315
42,8,453.398318
42,8,453.40932
40,10,453.422323
42,8,453.435326
40,10,453.450329
39,11,453.467333
40,10,453.479336
42,8,453.491339
40,10,453.507343
38,12,453.524346
42,8,453.536349
40,10,453.549352
-55,5,453.555353
42,8,453.567356
40,10,453.581359
40,10,453.595363
40,10,453.611366
42,8,453.622368
42,8,453.634371
40,10,453.647374
-54,4,453.653375
42,8,453.665378
42,8,453.678381
42,8,453.690383
40,10,453.706387
42,8,453.71839
40,10,453.731393
38,12,453.748396
42,8,453.7604
42,8,453.771402
40,10,453.787405
42,8,453.798408
42,8,453.81041
42,8,453.821413
41,9,453.834416
42,8,453.845418
40,10,453.861423
42,8,453.873425
42,8,453.884427
42,8,453.89643
42,8,453.908432
-59,9,453.920435
42,8,453.932438
40,10,453.946441
42,8,453.958444
42,8,453.970447
42,8,453.981449
42,8,453.993452
40,10,454.009455
40,10,454.022458
42,8,454.034461
38,12,454.051465
40,10,454.067469
42,8,454.078471
42,8,454.090473
32,18,454.114479
42,8,454.126482
42,8,454.137484
42,8,454.148487
42,8,454.16049
40,10,454.176493
42,8,454.188496
40,10,454.201499
42,8,454.212501
40,10,454.228505
42,8,454.241507
41,9,454.254657
42,8,454.265659
40,10,454.281662
42,8,454.293666
42,8,454.304668
42,8,454.31667
42,8,454.327673
42,8,454.338675
42,8,454.350678
42,8,454.362681
42,8,454.374683
42,8,454.385686
42,8,454.397688
41,9,454.409691
42,8,454.421695
42,8,454.432696
40,10,454.4467
40,10,454.462703
40,10,454.475708
42,8,454.487711
42,8,454.499714
42,8,454.510717
34,16,454.534722
40,10,454.551725
42,8,454.562728
42,8,454.574731
41,9,454.586733
40,10,454.602737
40,10,454.61574
42,8,454.627743
42,8,454.639745
40,10,454.654749
-55,5,454.66075
42,8,454.671753
42,8,454.684755
40,10,454.697758
42,8,454.709762
41,9,454.724764
42,8,454.736767
42,8,454.74877
42,8,454.760773
42,8,454.771775
42,8,454.784778
42,8,454.796781
-56,6,454.803783
42,8,454.814785
42,8,454.826788
42,8,454.83879
42,8,454.849792
42,8,454.861796
40,10,454.877799
42,8,454.889802
40,10,454.902805
42,8,454.913808
42,8,454.92581
42,8,454.937814
42,8,454.949817
42,8,454.96082
42,8,454.972822
42,8,454.984825
42,8,454.996828
42,8,455.010832
40,10,455.025834
42,8,455.038837
42,8,455.049839
-54,4,455.055841
42,8,455.067844
42,8,455.079846
40,10,455.091849
42,8,455.103852
42,8,455.115855
40,10,455.131858
42,8,455.142861
42,8,455.154864
40,10,455.167866
38,12,455.18487
40,10,455.200874
42,8,455.212876
42,8,455.224879
42,8,455.236882
42,8,455.248884
42,8,455.259887
-56,6,455.267889
42,8,455.279894
42,8,455.291897
42,8,455.303899
42,8,455.316179
40,10,455.330905
42,8,455.341908
42,8,455.353911
42,8,455.365914
40,10,455.377916
41,9,455.389919
41,9,455.404923
42,8,455.417925
42,8,455.428928
42,8,455.44093
42,8,455.452933
42,8,455.464936
40,10,455.477939
40,10,455.493943
42,8,455.504945
42,8,455.516948
42,8,455.52995
42,8,455.540953
42,8,455.552955
42,8,455.563958
42,8,455.575961
42,8,455.588964
42,8,455.598966
42,8,455.610969
42,8,455.621971
38,12,455.639975
42,8,455.651983
40,10,455.664984
42,8,455.676986
42,8,455.689989
42,8,455.700991
42,8,455.712995
40,10,455.728998
42,8,455.742
42,8,455.754003
42,8,455.766006
40,10,455.780009
42,8,455.791011
40,10,455.806015
42,8,455.818017
42,8,455.831021
42,8,455.842023
42,8,455.853025
42,8,455.864028
42,8,455.876031
42,8,455.887033
42,8,455.899036
41,9,455.912039
42,8,455.923041
42,8,455.935045
42,8,455.947047
42,8,455.959049
42,8,455.971052
42,8,455.983055
42,8,455.994058
42,8,456.00706
42,8,456.019063
42,8,456.030065
42,8,456.042068
42,8,456.054071
42,8,456.065073
42,8,456.077076
40,10,456.090079
42,8,456.102082
40,10,456.117085
42,8,456.129087
40,10,456.14109
42,8,456.153093
42,8,456.165096
40,10,456.181099
42,8,456.193102
42,8,456.205105
42,8,456.216107
42,8,456.22911
42,8,456.241112
42,8,456.252115
42,8,456.265118
40,10,456.278121
-54,4,456.284123
42,8,456.296125
42,8,456.307128
42,8,456.319132
41,9,456.335136
-52,2,456.336136
-58,8,456.348139
42,8,456.359141
42,8,456.371144
41,9,456.383147
42,8,456.39515
42,8,456.407152
40,10,456.423156
42,8,456.436159
42,8,456.448161
42,8,456.460165
42,8,456.471167
40,10,456.48517
42,8,456.497172
42,8,456.509175
42,8,456.521178
42,8,456.532181
42,8,456.544183
40,10,456.560187
42,8,456.572189
42,8,456.583192
40,10,456.597195
42,8,456.609198
42,8,456.6202
42,8,456.632203
42,8,456.643205
40,10,456.659209
42,8,456.671212
42,8,456.683214
42,8,456.694217
42,8,456.70722
42,8,456.719223
42,8,456.731225
40,10,456.744228
42,8,456.756231
42,8,456.767233
42,8,456.779236
40,10,456.79524
42,8,456.806242
42,8,456.819245
42,8,456.831248
42,8,456.84225
42,8,456.853253
42,8,456.866256
42,8,456.877259
42,8,456.889261
42,8,456.901264
42,8,456.915267
42,8,456.92727
38,12,456.943273
40,10,456.957276
42,8,456.96928
-56,6,456.979281
-54,4,456.984282
-55,5,456.991284
42,8,457.003286
42,8,457.015289
42,8,457.027292
42,8,457.038294
42,8,457.050297
42,8,457.0613
42,8,457.073302
42,8,457.085305
42,8,457.097309
42,8,457.10831
42,8,457.120312
42,8,457.132315
-56,6,457.141318
42,8,457.15432
-56,6,457.161323
41,9,457.173325
42,8,457.185328
42,8,457.199331
40,10,457.214334
42,8,457.226337
42,8,457.23834
42,8,457.251342
42,8,457.262345
38,12,457.279348
42,8,457.291352
42,8,457.303354
42,8,457.314357
40,10,457.32736
42,8,457.339362
42,8,457.351365
42,8,457.363368
40,10,457.378371
42,8,457.390374
42,8,457.403377
40,10,457.41638
41,9,457.431383
42,8,457.443386
42,8,457.456389
42,8,457.467391
42,8,457.478394
42,8,457.490396
-56,6,457.498398
42,8,457.5084
40,10,457.524404
42,8,457.536521
41,9,457.548523
42,8,457.560527
40,10,457.573529
42,8,457.584532
42,8,457.596534
42,8,457.607537
42,8,457.618539
42,8,457.630542
42,8,457.642545
42,8,457.653547
42,8,457.66555
40,10,457.680553
-54,4,457.686555
42,8,457.698557
41,9,457.710561
42,8,457.722563
42,8,457.733565
42,8,457.746568
42,8,457.757571
42,8,457.769574
42,8,457.781576
42,8,457.793579
42,8,457.804581
42,8,457.816585
40,10,457.831587
42,8,457.84259
42,8,457.855593
42,8,457.867595
42,8,457.879598
42,8,457.890601
-52,2,457.892601
42,8,457.904604
42,8,457.916607
42,8,457.92861
42,8,457.939612
42,8,457.951614
42,8,457.963617
40,10,457.979623
42,8,457.990626
42,8,458.002628
40,10,458.014631
42,8,458.026634
42,8,458.038636
40,10,458.05364
40,10,458.066643
42,8,458.078645
40,10,458.093649
-54,4,458.09965
42,8,458.111654
42,8,458.123655
42,8,458.13466
42,8,458.146664
42,8,458.158667
42,8,458.17067
42,8,458.181672
42,8,458.192675
42,8,458.204678
40,10,458.218681
40,10,458.234684
-58,8,458.244688
42,8,458.256691
42,8,458.268694
42,8,458.279696
42,8,458.290699
42,8,458.302701
38,12,458.319705
42,8,458.331708
42,8,458.34271
-77,27,458.379873
42,8,458.391876
42,8,458.403878
41,9,458.418882
42,8,458.430884
42,8,458.442887
42,8,458.453889
42,8,458.464892
42,8,458.475894
42,8,458.488898
-56,6,458.496899
42,8,458.507902
40,10,458.522905
38,12,458.539909
42,8,458.550911
40,10,458.563914
42,8,458.576917
42,8,458.58892
42,8,458.599923
42,8,458.610925
42,8,458.622928
42,8,458.63493
42,8,458.645932
42,8,458.657935
42,8,458.670938
42,8,458.681941
42,8,458.693944
42,8,458.705946
42,8,458.716949
42,8,458.727952
-55,5,458.734953
42,8,458.746955
42,8,458.757958
42,8,458.76896
42,8,458.779964
42,8,458.791966
42,8,458.803968
42,8,458.815971
42,8,458.827974
40,10,458.843977
42,8,458.854981
40,10,458.868983
42,8,458.881988
40,10,458.896992
40,10,458.909995
42,8,458.921998
39,11,458.939001
40,10,458.954005
42,8,458.965007
42,8,458.97701
42,8,458.989014
42,8,459.000017
42,8,459.012019
42,8,459.023022
-55,5,459.029023
42,8,459.041026
42,8,459.052028
42,8,459.064031
42,8,459.076034
-52,2,459.078035
42,8,459.090037
42,8,459.10204
42,8,459.113042
40,10,459.130046
42,8,459.141048
42,8,459.153051
42,8,459.165054
42,8,459.177057
42,8,459.188059
42,8,459.199062
40,10,459.213065
42,8,459.224067
-56,6,459.23407
42,8,459.245072
42,8,459.257075
42,8,459.268077
42,8,459.279079
42,8,459.290082
42,8,459.302085
41,9,459.314087
40,10,459.330091
42,8,459.342094
42,8,459.354096
42,8,459.365099
42,8,459.376102
42,8,459.389104
42,8,459.401107
-58,8,459.412109
42,8,459.424112
42,8,459.436115
42,8,459.449118
42,8,459.45912
42,8,459.471123
42,8,459.483125
42,8,459.494128
40,10,459.507131
42,8,459.520134
42,8,459.532136
40,10,459.54814
42,8,459.560143
40,10,459.573146
42,8,459.585148
42,8,459.596151
42,8,459.607153
42,8,459.619156
42,8,459.631159
42,8,459.642161
42,8,459.654165
42,8,459.665167
42,8,459.676169
42,8,459.688172
42,8,459.700174
42,8,459.712299
-54,4,459.717301
42,8,459.729303
42,8,459.740306
42,8,459.751308
37,13,459.768312
42,8,459.780315
42,8,459.791317
42,8,459.80432
40,10,459.819324
42,8,459.831326
42,8,459.843329
42,8,459.855332
42,8,459.868335
42,8,459.880337
42,8,459.89134
42,8,459.903342
42,8,459.914346
40,10,459.928349
-55,5,459.93635
40,10,459.950353
40,10,459.965356
42,8,459.976359
42,8,459.988361
42,8,460.000365
41,9,460.012367
42,8,460.02437
42,8,460.035372
40,10,460.048375
40,10,460.064378
42,8,460.077382
42,8,460.088384
42,8,460.100388
42,8,460.111389
42,8,460.123392
-54,4,460.128394
42,8,460.141396
38,12,460.1584
41,9,460.170403
-56,6,460.179404
42,8,460.191407
42,8,460.20341
42,8,460.214412
40,10,460.228416
42,8,460.240418
41,9,460.252421
42,8,460.264424
40,10,460.279427
42,8,460.29143
42,8,460.303433
42,8,460.314435
42,8,460.326438
38,12,460.344442
42,8,460.356445
42,8,460.367447
42,8,460.37945
42,8,460.391452
42,8,460.403455
-55,5,460.409457
-55,5,460.415458
39,11,460.431461
42,8,460.443466
42,8,460.455469
42,8,460.467472
42,8,460.478475
42,8,460.489478
40,10,460.505482
40,10,460.519485
42,8,460.530488
42,8,460.54249
42,8,460.554493
42,8,460.567496
39,11,460.583499
42,8,460.595502
42,8,460.607505
-56,6,460.615507
40,10,460.63051
42,8,460.641513
40,10,460.654516
42,8,460.666518
42,8,460.678521
-56,6,460.687523
40,10,460.700526
42,8,460.712529
40,10,460.728533
42,8,460.740535
38,12,460.757539
42,8,460.770542
42,8,460.781544
42,8,460.793547
42,8,460.80555
42,8,460.816553
42,8,460.828555
42,8,460.840557
42,8,460.85256
40,10,460.865563
42,8,460.876566
42,8,460.888568
40,10,460.904572
42,8,460.915575
40,10,460.927577
42,8,460.94058
42,8,460.951582
40,10,460.966586
42,8,460.978588
40,10,460.990592
42,8,461.003594
42,8,461.014597
42,8,461.0266
40,10,461.041604
42,8,461.053605
42,8,461.066608
40,10,461.079736
42,8,461.091739
42,8,461.103742
42,8,461.114744
42,8,461.126747
42,8,461.138749
42,8,461.149752
42,8,461.161755
42,8,461.173757
42,8,461.18576
42,8,461.196763
42,8,461.207765
42,8,461.219768
42,8,461.23077
42,8,461.243775
42,8,461.254777
38,12,461.271781
42,8,461.283784
40,10,461.299788
-60,10,461.31279
42,8,461.324793
42,8,461.336796
40,10,461.351799
42,8,461.362802
-55,5,461.369803
42,8,461.380806
40,10,461.39681
42,8,461.407812
42,8,461.418814
42,8,461.430817
40,10,461.44282
34,16,461.463824
42,8,461.475827
42,8,461.48783
42,8,461.498833
35,15,461.520838
42,8,461.53284
-56,6,461.539842
41,9,461.555845
42,8,461.566848
42,8,461.578851
42,8,461.589853
42,8,461.601856
42,8,461.612861
42,8,461.624863
42,8,461.635866
42,8,461.647869
42,8,461.658871
41,9,461.671874
42,8,461.682877
42,8,461.693879
42,8,461.705882
40,10,461.717884
42,8,461.730887
-56,6,461.739889
42,8,461.751892
41,9,461.764895
42,8,461.776898
40,10,461.792902
42,8,461.804904
41,9,461.817907
-56,6,461.824909
42,8,461.836911
40,10,461.851914
42,8,461.864918
42,8,461.87592
42,8,461.887923
42,8,461.898925
42,8,461.910928
42,8,461.92293
42,8,461.933933
42,8,461.945935
42,8,461.956939
42,8,461.968941
42,8,461.980944
40,10,461.993947
40,10,462.009951
42,8,462.020952
38,12,462.037956
42,8,462.048959
42,8,462.061962
42,8,462.073965
42,8,462.084967
40,10,462.09897
40,10,462.114974
40,10,462.126976
38,12,462.143981
42,8,462.154983
42,8,462.165985
42,8,462.178988
42,8,462.189991
40,10,462.204994
42,8,462.217997
42,8,462.228999
29,21,462.258006
42,8,462.270009
40,10,462.286013
42,8,462.298015
40,10,462.311018
42,8,462.32202
42,8,462.333024
42,8,462.345026
42,8,462.357028
42,8,462.369031
42,8,462.381034
42,8,462.392036
42,8,462.404039
42,8,462.416042
42,8,462.427044
42,8,462.439047
42,8,462.45205
42,8,462.464052
42,8,462.476055
40,10,462.491058
42,8,462.503061
41,9,462.516064
42,8,462.528068
40,10,462.54107
42,8,462.553072
42,8,462.564594
42,8,462.576597
42,8,462.587599
40,10,462.603603
42,8,462.614605
40,10,462.627608
42,8,462.639611
42,8,462.651613
42,8,462.662616
42,8,462.674619
40,10,462.689622
40,10,462.703626
42,8,462.715628
42,8,462.727631
42,8,462.738633
42,8,462.750636
42,8,462.761639
42,8,462.774642
42,8,462.785644
42,8,462.797647
42,8,462.808649
42,8,462.820652
42,8,462.832654
42,8,462.843657
42,8,462.855659
42,8,462.866662
42,8,462.878665
42,8,462.889667
42,8,462.90167
42,8,462.913673
42,8,462.925675
42,8,462.936678
-56,6,462.94768
42,8,462.959683
42,8,462.970685
42,8,462.982688
40,10,462.996691
42,8,463.008694
42,8,463.020697
41,9,463.035701
42,8,463.047703
42,8,463.058706
42,8,463.071708
-54,4,463.07671
42,8,463.087712
42,8,463.099715
-56,6,463.105716
42,8,463.117718
42,8,463.129721
42,8,463.141724
42,8,463.153727
42,8,463.164729
40,10,463.179733
42,8,463.192735
40,10,463.205739
42,8,463.216741
42,8,463.228744
42,8,463.239746
42,8,463.251749
42,8,463.263752
42,8,463.275755
42,8,463.286757
40,10,463.30176
42,8,463.313763
42,8,463.326766
42,8,463.337768
42,8,463.348771
42,8,463.359773
42,8,463.371776
42,8,463.383779
40,10,463.396781
40,10,463.411785
42,8,463.424788
40,10,463.438791
-54,4,463.443792
42,8,463.455795
42,8,463.467798
42,8,463.4798
42,8,463.491803
40,10,463.507806
-54,4,463.513808
42,8,463.524811
-55,5,463.530812
38,12,463.547816
42,8,463.558818
38,12,463.575822
42,8,463.588825
42,8,463.599827
42,8,463.61083
42,8,463.622832
40,10,463.635835
42,8,463.647838
42,8,463.659841
42,8,463.670843
42,8,463.683846
42,8,463.695849
-56,6,463.704851
40,10,463.717854
39,11,463.733858
42,8,463.74686
41,9,463.758863
42,8,463.770866
42,8,463.781868
42,8,463.792871
42,8,463.805874
42,8,463.816877
42,8,463.827879
42,8,463.839881
41,9,463.853884
42,8,463.865887
42,8,463.87689
42,8,463.888892
42,8,463.900895
42,8,463.911898
42,8,463.9229
42,8,463.935903
42,8,463.947906
42,8,463.958908
-56,6,463.96691
42,8,463.978913
42,8,463.989915
42,8,464.001918
-54,4,464.007919
-55,5,464.013921
42,8,464.025923
42,8,464.037926
42,8,464.049928
42,8,464.061931
42,8,464.073934
42,8,464.084936
42,8,464.095939
42,8,464.107941
42,8,464.119945
40,10,464.13495
40,10,464.147953
40,10,464.163956
40,10,464.17696
42,8,464.188962
42,8,464.200965
40,10,464.216969
42,8,464.227971
41,9,464.239976
40,10,464.255979
42,8,464.266981
42,8,464.277984
42,8,464.289987
41,9,464.301989
40,10,464.314992
42,8,464.325995
42,8,464.337998
38,12,464.356002
42,8,464.368004
41,9,464.383008
42,8,464.39501
42,8,464.407014
42,8,464.419016
42,8,464.431018
42,8,464.443021
42,8,464.454023
42,8,464.466027
42,8,464.478029
42,8,464.489031
42,8,464.501034
-54,4,464.506035
42,8,464.518038
41,9,464.530043
42,8,464.542045
42,8,464.553048
42,8,464.565051
41,9,464.576053
42,8,464.589056
42,8,464.601059
42,8,464.613062
39,11,464.629066
40,10,464.642068
42,8,464.654071
42,8,464.666073
42,8,464.678077
42,8,464.689079
42,8,464.701081
42,8,464.713084
42,8,464.724087
42,8,464.736089
42,8,464.748092
42,8,464.759094
42,8,464.770097
42,8,464.782099
40,10,464.798103
42,8,464.809105
42,8,464.821108
42,8,464.832111
42,8,464.843114
42,8,464.855116
42,8,464.866118
40,10,464.879121
42,8,464.891124
40,10,464.90613
42,8,464.918133
33,17,464.942138
40,10,464.957141
42,8,464.970145
-54,4,464.975146
42,8,464.987148
42,8,464.999151
42,8,465.010154
-56,6,465.018156
42,8,465.029158
42,8,465.04016
42,8,465.051163
41,9,465.064166
42,8,465.076169
42,8,465.087171
42,8,465.099174
42,8,465.111177
42,8,465.123179
42,8,465.134182
40,10,465.149185
42,8,465.161188
41,9,465.17419
42,8,465.185193
42,8,465.197196
42,8,465.208345
42,8,465.220348
42,8,465.231351
41,9,465.244354
40,10,465.260357
42,8,465.27336
42,8,465.284363
42,8,465.295365
42,8,465.307368
42,8,465.319371
42,8,465.331373
41,9,465.343376
42,8,465.356379
42,8,465.368382
42,8,465.379384
40,10,465.394388
40,10,465.40839
42,8,465.420393
42,8,465.432396
42,8,465.443399
41,9,465.455401
42,8,465.467404
42,8,465.478406
42,8,465.49041
40,10,465.505412
42,8,465.516415
42,8,465.527417
42,8,465.54042
42,8,465.551423
42,8,465.563426
42,8,465.575428
42,8,465.587431
42,8,465.599433
41,9,465.612437
39,11,465.62944
42,8,465.640443
42,8,465.653445
42,8,465.664448
42,8,465.676451
42,8,465.687454
42,8,465.699456
42,8,465.710459
42,8,465.722461
42,8,465.734464
42,8,465.745466
42,8,465.756469
42,8,465.767471
40,10,465.780474
42,8,465.792477
42,8,465.80448
42,8,465.816483
42,8,465.827485
41,9,465.843489
42,8,465.855491
42,8,465.867494
42,8,465.879497
42,8,465.8915
42,8,465.902502
42,8,465.914505
42,8,465.925507
42,8,465.936509
42,8,465.948512
-55,5,465.955513
42,8,465.966516
42,8,465.978519
40,10,465.991522
42,8,466.003524
42,8,466.014527
42,8,466.025529
40,10,466.040533
42,8,466.052536
-55,5,466.059537
42,8,466.07154
42,8,466.083543
42,8,466.094545
42,8,466.106548
42,8,466.118551
42,8,466.129553
42,8,466.140556
-55,5,466.147557
42,8,466.15956
42,8,466.171562
-55,5,466.180564
40,10,466.193568
42,8,466.20557
42,8,466.217573
42,8,466.229575
42,8,466.240578
42,8,466.25158
42,8,466.263583
42,8,466.274586
42,8,466.286588
40,10,466.302592
42,8,466.314595
42,8,466.326597
42,8,466.3376
42,8,466.349602
38,12,466.366606
42,8,466.378609
42,8,466.390612
41,9,466.402615
42,8,466.414617
-57,7,466.424619
42,8,466.437622
40,10,466.450626
42,8,466.461627
42,8,466.47263
42,8,466.484639
42,8,466.496637
38,12,466.513641
42,8,466.525644
39,11,466.540648
40,10,466.555651
42,8,466.568654
42,8,466.580657
41,9,466.59466
42,8,466.606662
42,8,466.618665
-56,6,466.625667
40,10,466.64067
42,8,466.652673
42,8,466.664675
42,8,466.675678
42,8,466.68768
42,8,466.699683
42,8,466.711686
42,8,466.723689
40,10,466.736692
42,8,466.747694
42,8,466.759697
42,8,466.771699
42,8,466.782702
42,8,466.794705
42,8,466.806707
42,8,466.81771
42,8,466.828712
42,8,466.840715
42,8,466.853718
42,8,466.864721
42,8,466.875723
42,8,466.887726
40,10,466.903729
42,8,466.915732
42,8,466.926735
42,8,466.937737
42,8,466.949739
42,8,466.961743
42,8,466.973745
40,10,466.986748
42,8,466.99775
42,8,467.009753
42,8,467.021756
42,8,467.034759
42,8,467.047762
42,8,467.059765
42,8,467.070767
42,8,467.08377
-56,6,467.092772
42,8,467.104775
42,8,467.116777
42,8,467.12878
42,8,467.140783
42,8,467.152785
42,8,467.163788
42,8,467.175791
42,8,467.187793
41,9,467.199796
38,12,467.2168
42,8,467.228802
42,8,467.240805
42,8,467.253808
42,8,467.264811
42,8,467.277815
42,8,467.289816
42,8,467.301819
42,8,467.313822
-54,4,467.319823
42,8,467.331826
42,8,467.344829
42,8,467.354831
39,11,467.370834
40,10,467.383837
41,9,467.39684
42,8,467.407843
42,8,467.419846
42,8,467.430848
-54,4,467.436849
42,8,467.448852
40,10,467.464855
42,8,467.475858
42,8,467.488861
42,8,467.500864
42,8,467.512866
42,8,467.524869
40,10,467.536872
42,8,467.548875
42,8,467.560878
42,8,467.57388
42,8,467.585013
42,8,467.597015
42,8,467.609018
42,8,467.620021
-54,4,467.625022
-54,4,467.632023
42,8,467.644026
42,8,467.656029
42,8,467.668032
42,8,467.680034
42,8,467.692037
42,8,467.703039
42,8,467.715042
42,8,467.727045
42,8,467.738047
42,8,467.75005
42,8,467.761053
41,9,467.777056
42,8,467.789059
42,8,467.800061
42,8,467.812064
42,8,467.825067
42,8,467.83707
40,10,467.850073
42,8,467.861075
42,8,467.873077
42,8,467.88521
42,8,467.896213
42,8,467.907216
40,10,467.922219
42,8,467.935222
40,10,467.947224
42,8,467.958227
42,8,467.97123
42,8,467.984233
42,8,467.995235
40,10,468.01124
40,10,468.024242
-54,4,468.030243
42,8,468.042246
42,8,468.053248
42,8,468.065251
42,8,468.077254
-55,5,468.084255
42,8,468.095258
42,8,468.10726
42,8,468.118263
42,8,468.130266
42,8,468.142269
42,8,468.154271
42,8,468.165274
42,8,468.177276
-56,6,468.18728
42,8,468.199283
-55,5,468.206285
41,9,468.219288
42,8,468.23029
42,8,468.243296
40,10,468.258299
42,8,468.271302
40,10,468.284305
40,10,468.300308
42,8,468.311311
38,12,468.329315
40,10,468.341317
-52,2,468.346318
42,8,468.358321
42,8,468.369324
42,8,468.381327
42,8,468.393329
42,8,468.404331
42,8,468.416334
15,35,468.466346
42,8,468.480349
42,8,468.491351
42,8,468.503354
42,8,468.514356
40,10,468.52836
41,9,468.540362
42,8,468.552366
42,8,468.563367
42,8,468.57437
42,8,468.586373
42,8,468.598375
42,8,468.609378
42,8,468.621381
42,8,468.634383
42,8,468.644386
42,8,468.656388
42,8,468.669391
42,8,468.681394
42,8,468.692397
42,8,468.704399
40,10,468.720403
42,8,468.733406
42,8,468.745409
42,8,468.756411
40,10,468.770416
42,8,468.782419
42,8,468.795422
42,8,468.806425
42,8,468.817427
42,8,468.82943
42,8,468.841432
42,8,468.852435
42,8,468.864438
-52,2,468.868438
42,8,468.880441
42,8,468.891444
42,8,468.903446
42,8,468.915449
42,8,468.926452
42,8,468.938454
42,8,468.951457
42,8,468.96246
42,8,468.974463
42,8,468.986465
42,8,468.998468
42,8,469.010471
42,8,469.022473
42,8,469.034476
42,8,469.046479
42,8,469.058481
38,12,469.075485
42,8,469.086488
42,8,469.09849
42,8,469.110494
42,8,469.121495
42,8,469.133498
41,9,469.144501
42,8,469.157503
42,8,469.168506
42,8,469.181509
42,8,469.192512
42,8,469.203514
42,8,469.215517
-54,4,469.222518
42,8,469.233521
42,8,469.245523
42,8,469.257526
42,8,469.269529
42,8,469.281531
42,8,469.293535
-56,6,469.302536
42,8,469.314539
42,8,469.325541
42,8,469.337544
42,8,469.349546
42,8,469.360549
-54,4,469.36655
42,8,469.378554
41,9,469.390556
42,8,469.403559
42,8,469.41469
42,8,469.426693
42,8,469.438696
42,8,469.451699
42,8,469.463701
-55,5,469.469703
42,8,469.481705
-54,4,469.486707
40,10,469.50271
-54,4,469.509712
42,8,469.521715
42,8,469.533717
42,8,469.54572
42,8,469.557723
42,8,469.569726
42,8,469.580728
42,8,469.593731
42,8,469.604733
42,8,469.615736
42,8,469.627739
42,8,469.640741
42,8,469.653744
42,8,469.665748
41,9,469.67875
42,8,469.691753
42,8,469.703756
42,8,469.715758
42,8,469.727761
42,8,469.739763
-54,4,469.745765
42,8,469.756767
42,8,469.76877
42,8,469.781773
42,8,469.792776
42,8,469.803778
42,8,469.81478
42,8,469.826784
40,10,469.839786
42,8,469.852789
42,8,469.863792
40,10,469.879795
42,8,469.891798
42,8,469.9038
42,8,469.916804
42,8,469.928806
42,8,469.940809
42,8,469.952811
42,8,469.964816
42,8,469.976819
42,8,469.988822
40,10,470.002825
42,8,470.013827
40,10,470.028831
42,8,470.040833
42,8,470.053836
42,8,470.064839
42,8,470.075843
42,8,470.087846
42,8,470.099849
42,8,470.110852
42,8,470.122854
42,8,470.135857
40,10,470.148859
42,8,470.160862
42,8,470.171865
42,8,470.183868
41,9,470.198872
42,8,470.210875
40,10,470.222876
42,8,470.234879
42,8,470.247882
42,8,470.258884
42,8,470.270887
42,8,470.28189
42,8,470.293892
42,8,470.304895
42,8,470.316898
42,8,470.327901
42,8,470.340903
38,12,470.357907
42,8,470.368909
42,8,470.380912
42,8,470.392915
42,8,470.404917
42,8,470.41692
42,8,470.428923
42,8,470.440927
42,8,470.45293
42,8,470.463933
42,8,470.475935
42,8,470.487938
42,8,470.498941
-54,4,470.505942
42,8,470.518945
42,8,470.529948
42,8,470.542951
42,8,470.555954
42,8,470.567956
40,10,470.58296
42,8,470.594963
42,8,470.606965
42,8,470.618968
42,8,470.631971
-52,2,470.633971
39,11,470.649975
42,8,470.660977
40,10,470.67498
42,8,470.686983
42,8,470.698986
42,8,470.710988
-55,5,470.719991
40,10,470.732993
42,8,470.745996
42,8,470.756999
40,10,470.773002
42,8,470.785005
42,8,470.796008
42,8,470.80801
42,8,470.820013
42,8,470.831015
42,8,470.842018
42,8,470.855021
42,8,470.867024
42,8,470.879026
42,8,470.890029
-54,4,470.896031
42,8,470.908032
42,8,470.919035
40,10,470.932038
42,8,470.944042
40,10,470.960045
42,8,470.971047
42,8,470.98305
40,10,470.996053
40,10,471.012056
42,8,471.024059
42,8,471.035062
42,8,471.048064
42,8,471.059067
42,8,471.071069
42,8,471.083072
42,8,471.096075
42,8,471.108078
42,8,471.120081
42,8,471.132083
42,8,471.143086
42,8,471.155088
42,8,471.167091
42,8,471.178093
40,10,471.191097
42,8,471.203099
42,8,471.215102
42,8,471.226104
-52,2,471.230106
42,8,471.242108
40,10,471.255111
42,8,471.267113
41,9,471.280117
42,8,471.291119
40,10,471.307123
42,8,471.320126
42,8,471.332128
42,8,471.344131
42,8,471.355133
42,8,471.367136
40,10,471.381139
40,10,471.397143
42,8,471.409145
40,10,471.422149
40,10,471.438153
42,8,471.449155
42,8,471.461158
42,8,471.47316
42,8,471.485163
42,8,471.496165
42,8,471.509168
40,10,471.523172
42,8,471.534175
42,8,471.546176
42,8,471.558179
42,8,471.570182
42,8,471.582185
42,8,471.593187
42,8,471.60619
42,8,471.618193
42,8,471.630195
42,8,471.642198
40,10,471.658201
42,8,471.670204
42,8,471.681207
42,8,471.69321
42,8,471.705212
42,8,471.717215
42,8,471.729218
42,8,471.741221
42,8,471.752223
42,8,471.764225
42,8,471.776228
42,8,471.788231
42,8,471.799233
40,10,471.813236
-56,6,471.823239
42,8,471.835242
42,8,471.847244
42,8,471.860248
42,8,471.87225
41,9,471.884254
42,8,471.895255
-55,5,471.902259
42,8,471.914262
42,8,471.926265
42,8,471.938267
42,8,471.95027
42,8,471.961272
42,8,471.973275
42,8,471.985277
42,8,471.99728
42,8,472.008283
42,8,472.020285
42,8,472.031288
42,8,472.044291
38,12,472.061295
42,8,472.073298
42,8,472.0853
42,8,472.097303
42,8,472.109306
42,8,472.121308
42,8,472.133311
42,8,472.145313
42,8,472.157316
42,8,472.168319
42,8,472.180321
42,8,472.192324
42,8,472.203326
42,8,472.215329
42,8,472.227332
42,8,472.239335
42,8,472.250337
42,8,472.26234
42,8,472.274343
42,8,472.286345
42,8,472.298348
42,8,472.310351
42,8,472.322353
42,8,472.334356
42,8,472.346359
42,8,472.359362
42,8,472.371364
42,8,472.382367
42,8,472.39437
42,8,472.405372
42,8,472.417375
42,8,472.429378
42,8,472.44138
42,8,472.453383
42,8,472.465386
41,9,472.479389
42,8,472.491391
42,8,472.502394
42,8,472.514397
42,8,472.5274
42,8,472.539402
42,8,472.551405
42,8,472.563408
40,10,472.576411
42,8,472.588414
42,8,472.599416
42,8,472.611538
42,8,472.62354
42,8,472.634543
42,8,472.646545
40,10,472.661549
42,8,472.673552
42,8,472.686555
42,8,472.697558
42,8,472.708561
42,8,472.720564
42,8,472.732872
42,8,472.743569
42,8,472.756572
42,8,472.770575
42,8,472.782578
42,8,472.79458
42,8,472.806583
42,8,472.818586
42,8,472.831589
42,8,472.843592
42,8,472.854594
42,8,472.866597
42,8,472.8786
40,10,472.892603
42,8,472.903605
-54,4,472.909607
42,8,472.921609
42,8,472.932612
41,9,472.945614
42,8,472.957617
42,8,472.96962
42,8,472.980622
42,8,472.992625
-56,6,473.003628
42,8,473.01563
42,8,473.027633
-55,5,473.034635
42,8,473.046637
42,8,473.05764
40,10,473.073643
42,8,473.085646
42,8,473.098649
42,8,473.109652
42,8,473.121654
40,10,473.133657
42,8,473.145659
42,8,473.157662
42,8,473.168666
42,8,473.179667
42,8,473.19167
41,9,473.204673
42,8,473.216676
42,8,473.228678
42,8,473.241681
42,8,473.252683
42,8,473.265687
39,11,473.28169
42,8,473.292693
42,8,473.305696
42,8,473.316698
42,8,473.329701
42,8,473.341833
38,12,473.358839
42,8,473.370841
42,8,473.382845
38,12,473.400848
42,8,473.411853
42,8,473.423856
42,8,473.436858
40,10,473.451861
42,8,473.463864
42,8,473.475867
42,8,473.48787
42,8,473.499872
42,8,473.511875
36,14,473.53188
42,8,473.542883
42,8,473.554885
41,9,473.566887
42,8,473.57789
40,10,473.594894
40,10,473.607897
42,8,473.6199
42,8,473.631902
42,8,473.643905
42,8,473.654908
40,10,473.670911
-54,4,473.676913
38,12,473.692916
42,8,473.704919
41,9,473.717922
42,8,473.729924
42,8,473.741927
40,10,473.757931
40,10,473.771934
42,8,473.783937
42,8,473.79594
42,8,473.806942
42,8,473.819945
42,8,473.830947
42,8,473.84195
42,8,473.853952
42,8,473.865955
42,8,473.876957
42,8,473.88896
42,8,473.901963
40,10,473.916966
40,10,473.929969
42,8,473.941973
42,8,473.952975
42,8,473.963977
42,8,473.97598
42,8,473.988983
42,8,474.000985
42,8,474.013988
42,8,474.024991
40,10,474.040995
42,8,474.052997
42,8,474.063999
42,8,474.077003
42,8,474.088005
42,8,474.100008
-56,6,474.107009
42,8,474.119012
42,8,474.131015
40,10,474.146018
42,8,474.15802
42,8,474.170023
42,8,474.181026
42,8,474.193029
42,8,474.204031
42,8,474.217034
42,8,474.228036
42,8,474.241039
40,10,474.254042
42,8,474.266045
42,8,474.278049
42,8,474.290051
40,10,474.306054
42,8,474.319057
42,8,474.33106
42,8,474.342062
42,8,474.354065
42,8,474.365067
42,8,474.37707
42,8,474.389073
42,8,474.400075
42,8,474.412078
42,8,474.424081
42,8,474.435083
42,8,474.446085
40,10,474.460089
40,10,474.476093
42,8,474.488095
42,8,474.500098
42,8,474.512101
42,8,474.524103
42,8,474.536106
42,8,474.548109
42,8,474.560111
42,8,474.572114
40,10,474.584117
42,8,474.59712
42,8,474.608122
42,8,474.620125
42,8,474.632128
42,8,474.644131
42,8,474.655133
42,8,474.667135
42,8,474.679138
42,8,474.691141
42,8,474.702143
42,8,474.714146
39,11,474.73115
42,8,474.742152
42,8,474.754155
42,8,474.766158
42,8,474.778161
42,8,474.790163
42,8,474.802167
42,8,474.814168
42,8,474.825171
42,8,474.838174
42,8,474.849176
41,9,474.861179
42,8,474.874182
42,8,474.886184
42,8,474.898188
42,8,474.90919
42,8,474.921193
42,8,474.933195
-56,6,474.942198
42,8,474.9542
41,9,474.966202
42,8,474.978206
42,8,474.990208
42,8,475.002211
42,8,475.014213
42,8,475.026217
42,8,475.038219
42,8,475.049221
42,8,475.061225
42,8,475.072227
42,8,475.084229
42,8,475.096232
42,8,475.108234
41,9,475.120237
42,8,475.13124
42,8,475.143243
42,8,475.155245
42,8,475.166248
40,10,475.181251
42,8,475.193254
42,8,475.205257
42,8,475.217259
42,8,475.229262
42,8,475.241265
-54,4,475.247266
41,9,475.259269
42,8,475.271271
40,10,475.284274
42,8,475.296277
42,8,475.30828
42,8,475.320282
-56,6,475.329285
42,8,475.341287
42,8,475.35429
40,10,475.367293
42,8,475.379296
40,10,475.3953
42,8,475.406302
42,8,475.419305
42,8,475.430307
40,10,475.444311
40,10,475.460314
42,8,475.472317
42,8,475.484319
42,8,475.495324
42,8,475.507326
42,8,475.519329
42,8,475.531332
42,8,475.542335
42,8,475.554338
42,8,475.56534
42,8,475.577343
40,10,475.590345
42,8,475.602349
40,10,475.618352
42,8,475.629354
42,8,475.641356
42,8,475.653359
42,8,475.665362
42,8,475.676365
42,8,475.688367
40,10,475.70137
42,8,475.713373
42,8,475.725376
-55,5,475.735378
40,10,475.749381
42,8,475.761384
42,8,475.773386
42,8,475.784389
42,8,475.797392
-56,6,475.806394
42,8,475.818396
42,8,475.830399
42,8,475.841402
40,10,475.854405
42,8,475.866408
42,8,475.87841
42,8,475.890414
42,8,475.901415
40,10,475.917419
42,8,475.929422
42,8,475.941424
42,8,475.953428
42,8,475.96543
42,8,475.978432
42,8,475.990435
42,8,476.002438
40,10,476.015441
40,10,476.031445
42,8,476.043447
42,8,476.05545
42,8,476.067576
42,8,476.07858
42,8,476.089582
41,9,476.103585
42,8,476.116589
42,8,476.127591
42,8,476.138593
42,8,476.151596
42,8,476.163599
42,8,476.173601
42,8,476.185604
42,8,476.198607
40,10,476.21161
42,8,476.223613
42,8,476.235615
-56,6,476.244617
42,8,476.25762
42,8,476.268623
42,8,476.280626
42,8,476.291628
42,8,476.303631
42,8,476.314633
-52,2,476.316634
42,8,476.329636
42,8,476.341639
42,8,476.353642
37,13,476.372646
40,10,476.385649
42,8,476.397652
42,8,476.411655
42,8,476.423658
42,8,476.43566
42,8,476.447663
42,8,476.459666
42,8,476.471668
42,8,476.484672
42,8,476.495674
42,8,476.506676
42,8,476.518679
42,8,476.530682
40,10,476.546685
42,8,476.557688
42,8,476.56869
42,8,476.580693
42,8,476.592696
40,10,476.604699
42,8,476.616701
40,10,476.632705
42,8,476.644707
42,8,476.65671
41,9,476.667713
42,8,476.680716
42,8,476.692719
42,8,476.705721
42,8,476.716724
42,8,476.728726
42,8,476.739729
42,8,476.751732
42,8,476.762734
41,9,476.774739
-54,4,476.78074
42,8,476.792743
42,8,476.803745
-52,2,476.807746
41,9,476.820749
-56,6,476.827751
42,8,476.839753
42,8,476.851756
42,8,476.862759
42,8,476.873761
42,8,476.885764
42,8,476.897767
42,8,476.90977
42,8,476.920772
42,8,476.932774
42,8,476.944777
42,8,476.95578
42,8,476.967782
42,8,476.979785
42,8,476.992788
42,8,477.007791
42,8,477.021794
42,8,477.037798
42,8,477.052801
42,8,477.067805
42,8,477.083808
42,8,477.099812
42,8,477.114815
42,8,477.130819
40,10,477.151824
42,8,477.168829
42,8,477.185069
42,8,477.199838
-56,6,477.20884
42,8,477.224844
42,8,477.239847
42,8,477.25385
42,8,477.268853
42,8,477.283857
42,8,477.29886
42,8,477.313864
42,8,477.327867
40,10,477.346871
42,8,477.362875
42,8,477.377878
42,8,477.393882
42,8,477.407885
-54,4,477.415887
40,10,477.43189
42,8,477.445893
42,8,477.460897
42,8,477.4769
42,8,477.491904
42,8,477.504907
42,8,477.51991
42,8,477.533914
42,8,477.547916
42,8,477.56192
42,8,477.575924
42,8,477.590928
42,8,477.606932
42,8,477.622064
-58,8,477.635067
42,8,477.651071
42,8,477.666074
42,8,477.680077
42,8,477.695081
-52,2,477.701082
42,8,477.716085
42,8,477.730088
42,8,477.744092
40,10,477.760096
42,8,477.774098
42,8,477.789102
42,8,477.802104
-55,5,477.814108
42,8,477.829111
42,8,477.843114
42,8,477.858117
42,8,477.873121
42,8,477.888124
42,8,477.904128
-57,7,477.91413
42,8,477.929133
42,8,477.946137
42,8,477.96014
42,8,477.976144
42,8,477.992147
42,8,478.005151
42,8,478.019153
42,8,478.034157
42,8,478.04816
42,8,478.061163
42,8,478.076167
42,8,478.09017
42,8,478.104173
42,8,478.120176
-58,8,478.13518
42,8,478.151183
42,8,478.167187
42,8,478.182191
42,8,478.197194
42,8,478.212197
42,8,478.2252
42,8,478.240204
42,8,478.255207
-58,8,478.27021
42,8,478.285216
42,8,478.299219
42,8,478.313222
42,8,478.328226
42,8,478.344229
42,8,478.359233
42,8,478.374236
42,8,478.390239
42,8,478.406243
42,8,478.421247
42,8,478.435249
42,8,478.450253
42,8,478.465256
42,8,478.478259
42,8,478.492262
42,8,478.506266
42,8,478.520269
42,8,478.536272
42,8,478.552276
-56,6,478.566279
42,8,478.582283
42,8,478.597286
42,8,478.61329
42,8,478.629293
42,8,478.644297
42,8,478.657301
42,8,478.671305
42,8,478.687308
42,8,478.701312
42,8,478.716315
42,8,478.730318
42,8,478.744322
42,8,478.758324
42,8,478.772327
42,8,478.788331
42,8,478.804335
42,8,478.819338
-52,2,478.821339
42,8,478.837342
42,8,478.852345
42,8,478.867349
42,8,478.881352
42,8,478.896355
42,8,478.910358
42,8,478.925362
42,8,478.939365
42,8,478.953368
42,8,478.968373
42,8,478.981375
42,8,478.996378
42,8,479.012381
-54,4,479.019383
42,8,479.034387
42,8,479.04839
42,8,479.062393
42,8,479.078398
42,8,479.094403
42,8,479.110406
42,8,479.125409
42,8,479.141412
42,8,479.155416
42,8,479.170419
42,8,479.183422
42,8,479.197425
42,8,479.211428
42,8,479.224432
42,8,479.238434
42,8,479.253438
42,8,479.269441
42,8,479.283444
-55,5,479.293447
42,8,479.309451
42,8,479.324454
-55,5,479.332455
42,8,479.347459
42,8,479.362463
42,8,479.375465
42,8,479.389468
40,10,479.405474
42,8,479.421478
42,8,479.438481
42,8,479.452484
42,8,479.466488
42,8,479.481491
42,8,479.496495
42,8,479.509498
42,8,479.524501
42,8,479.539504
42,8,479.554507
42,8,479.569511
42,8,479.583514
42,8,479.598518
-58,8,479.61252
42,8,479.630525
40,10,479.648529
42,8,479.662532
42,8,479.675535
42,8,479.691538
42,8,479.706542
42,8,479.722546
42,8,479.738549
40,10,479.754553
40,10,479.773557
42,8,479.786562
42,8,479.802565
42,8,479.817569
42,8,479.831572
42,8,479.844575
42,8,479.858578
42,8,479.873582
42,8,479.889585
42,8,479.904588
42,8,479.919592
42,8,479.934595
42,8,479.951599
-55,5,479.960601
42,8,479.976604
42,8,479.991608
42,8,480.006612
42,8,480.023616
42,8,480.038619
42,8,480.053622
42,8,480.068626
42,8,480.082629
42,8,480.097632
42,8,480.112637
42,8,480.127641
42,8,480.140643
42,8,480.154647
42,8,480.17065
42,8,480.187654
42,8,480.202657
42,8,480.218661
42,8,480.233664
42,8,480.248667
42,8,480.262673
40,10,480.282677
42,8,480.297681
42,8,480.311684
42,8,480.326688
42,8,480.340691
40,10,480.354694
-55,5,480.362849
42,8,480.377851
42,8,480.392855
40,10,480.411859
42,8,480.425862
-52,2,480.428863
42,8,480.442868
42,8,480.457871
42,8,480.473875
42,8,480.488878
42,8,480.503881
40,10,480.522886
42,8,480.534889
42,8,480.545891
42,8,480.556893
42,8,480.567896
42,8,480.580899
42,8,480.591901
42,8,480.603904
42,8,480.614906
42,8,480.62691
42,8,480.638912
42,8,480.650914
42,8,480.661917
42,8,480.672919
37,13,480.690924
42,8,480.701926
42,8,480.715929
42,8,480.726931
42,8,480.737934
40,10,480.753937
42,8,480.76494
40,10,480.777943
42,8,480.789946
42,8,480.800948
42,8,480.811951
40,10,480.826954
42,8,480.839957
42,8,480.851959
42,8,480.862964
42,8,480.873967
40,10,480.88697
42,8,480.898973
42,8,480.910976
42,8,480.923979
42,8,480.935981
42,8,480.947983
42,8,480.958986
42,8,480.971989
42,8,480.983992
42,8,480.994994
41,9,481.006997
42,8,481.018999
42,8,481.031002
42,8,481.043005
41,9,481.057008
-52,2,481.059008
42,8,481.070011
41,9,481.083014
42,8,481.095016
40,10,481.11102
42,8,481.122023
42,8,481.133025
42,8,481.146028
42,8,481.15703
42,8,481.169033
42,8,481.180036
42,8,481.192038
42,8,481.204041
42,8,481.215044
42,8,481.227046
42,8,481.238049
42,8,481.250051
42,8,481.261054
42,8,481.273059
42,8,481.285061
42,8,481.297064
42,8,481.308066
42,8,481.320069
42,8,481.332072
42,8,481.343074
42,8,481.355077
42,8,481.36608
42,8,481.378083
40,10,481.391085
42,8,481.404088
42,8,481.41509
42,8,481.427094
40,10,481.443097
42,8,481.4561
42,8,481.467102
42,8,481.479105
42,8,481.491107
42,8,481.50211
42,8,481.514113
42,8,481.525115
42,8,481.536118
42,8,481.54812
42,8,481.559232
42,8,481.572236
42,8,481.583238
42,8,481.595241
42,8,481.606243
42,8,481.618246
42,8,481.630249
42,8,481.642251
42,8,481.653254
42,8,481.665257
42,8,481.67626
42,8,481.688261
42,8,481.700264
42,8,481.712267
42,8,481.72427
42,8,481.736272
42,8,481.748275
21,29,481.788285
42,8,481.800287
-52,2,481.804288
42,8,481.81529
42,8,481.826293
42,8,481.838295
42,8,481.851298
41,9,481.863301
42,8,481.874304
42,8,481.885306
42,8,481.898309
42,8,481.909312
42,8,481.921314
42,8,481.932316
42,8,481.944319
42,8,481.956322
42,8,481.967324
42,8,481.979327
42,8,481.99033
42,8,482.002333
42,8,482.013335
42,8,482.025339
42,8,482.037342
42,8,482.048345
42,8,482.059347
42,8,482.07135
42,8,482.083352
40,10,482.096355
42,8,482.109359
42,8,482.120361
42,8,482.132363
42,8,482.144367
42,8,482.157369
42,8,482.168372
42,8,482.179374
40,10,482.195377
42,8,482.207381
42,8,482.219383
42,8,482.231385
42,8,482.242389
42,8,482.254391
42,8,482.265393
42,8,482.277396
42,8,482.289399
40,10,482.302402
42,8,482.313404
42,8,482.325407
42,8,482.336409
42,8,482.348412
-60,10,482.363415
42,8,482.375418
42,8,482.387421
42,8,482.399423
42,8,482.411426
40,10,482.424429
42,8,482.436432
42,8,482.448434
42,8,482.459437
42,8,482.47144
42,8,482.483442
42,8,482.494445
42,8,482.506448
42,8,482.519451
42,8,482.530454
42,8,482.541456
42,8,482.553458
42,8,482.564461
42,8,482.576464
42,8,482.587466
42,8,482.599469
42,8,482.611471
42,8,482.623474
40,10,482.638477
40,10,482.652594
42,8,482.664597
42,8,482.6766
42,8,482.687602
42,8,482.699605
42,8,482.711607
42,8,482.722611
42,8,482.734613
42,8,482.745615
42,8,482.757618
42,8,482.76862
42,8,482.780623
42,8,482.791625
42,8,482.803628
42,8,482.814631
42,8,482.826634
42,8,482.838636
42,8,482.850639
42,8,482.861641
42,8,482.873644
42,8,482.885761
42,8,482.896764
42,8,482.908767
42,8,482.921769
42,8,482.933772
42,8,482.944774
42,8,482.956777
42,8,482.96778
42,8,482.979782
42,8,482.990785
42,8,483.002788
42,8,483.01479
42,8,483.025793
42,8,483.037795
42,8,483.048798
42,8,483.0618
42,8,483.072803
42,8,483.084806
41,9,483.098809
42,8,483.110812
42,8,483.122815
42,8,483.134817
42,8,483.14782
42,8,483.158822
40,10,483.172826
-58,8,483.183828
42,8,483.195831
42,8,483.207834
42,8,483.219836
42,8,483.230839
42,8,483.242842
42,8,483.254844
42,8,483.265847
42,8,483.276849
41,9,483.289852
42,8,483.302855
42,8,483.314858
42,8,483.325861
42,8,483.338863
42,8,483.349866
42,8,483.361868
36,14,483.382873
42,8,483.394876
42,8,483.406879
42,8,483.417881
42,8,483.429884
42,8,483.440887
42,8,483.451888
42,8,483.463892
42,8,483.475894
42,8,483.486897
42,8,483.498899
42,8,483.509902
42,8,483.521904
42,8,483.532907
42,8,483.54591
42,8,483.556912
-56,6,483.563914
40,10,483.579918
42,8,483.592921
42,8,483.603923
42,8,483.615926
42,8,483.627928
42,8,483.639931
42,8,483.650933
42,8,483.661936
42,8,483.673939
42,8,483.684941
42,8,483.696944
42,8,483.707946
-52,2,483.709947
42,8,483.720949
41,9,483.735952
42,8,483.747955
42,8,483.758959
42,8,483.77096
42,8,483.782963
42,8,483.794966
42,8,483.805968
42,8,483.816971
42,8,483.827973
42,8,483.839976
42,8,483.851979
42,8,483.863981
42,8,483.875984
42,8,483.887987
42,8,483.89999
42,8,483.911992
42,8,483.922995
42,8,483.935997
42,8,483.948102
42,8,483.959105
42,8,483.971107
42,8,483.983455
42,8,483.994114
42,8,484.006117
42,8,484.01912
42,8,484.030123
42,8,484.042125
42,8,484.055128
40,10,484.06713
42,8,484.079133
42,8,484.091136
42,8,484.102138
42,8,484.114141
42,8,484.125144
42,8,484.137146
42,8,484.149149
42,8,484.161151
40,10,484.176155
42,8,484.188158
42,8,484.19916
42,8,484.210163
42,8,484.222166
42,8,484.233168
42,8,484.245316
42,8,484.257318
42,8,484.268321
42,8,484.280323
42,8,484.292326
42,8,484.303329
40,10,484.317332
42,8,484.329334
42,8,484.341337
-56,6,484.351339
42,8,484.362342
42,8,484.374344
42,8,484.386347
42,8,484.39735
42,8,484.408352
42,8,484.419355
42,8,484.432357
40,10,484.445361
42,8,484.456363
42,8,484.469366
42,8,484.481368
42,8,484.493372
-54,4,484.499372
42,8,484.510376
42,8,484.521378
42,8,484.53438
42,8,484.546383
42,8,484.557385
42,8,484.568388
42,8,484.581391
42,8,484.592394
42,8,484.604397
-56,6,484.613398
42,8,484.625401
42,8,484.637404
42,8,484.649406
42,8,484.660408
42,8,484.671411
42,8,484.683414
42,8,484.694417
42,8,484.707419
42,8,484.719422
42,8,484.730425
42,8,484.742428
42,8,484.75443
42,8,484.767433
42,8,484.778435
42,8,484.790438
42,8,484.80144
42,8,484.813443
40,10,484.826446
42,8,484.837449
40,10,484.852452
42,8,484.864455
42,8,484.876458
42,8,484.88746
42,8,484.899463
42,8,484.910465
42,8,484.922468
42,8,484.93447
42,8,484.945473
42,8,484.957476
42,8,484.970479
42,8,484.982481
42,8,484.994485
40,10,485.008487
42,8,485.020491
42,8,485.032493
42,8,485.044495
42,8,485.056498
42,8,485.068501
42,8,485.079503
42,8,485.091506
-54,4,485.096507
42,8,485.108511
42,8,485.120515
42,8,485.132518
42,8,485.14352
-6,56,485.223538
42,8,485.23554
42,8,485.247543
42,8,485.258546
42,8,485.270548
42,8,485.282551
42,8,485.294554
42,8,485.305556
42,8,485.318559
42,8,485.329562
42,8,485.341564
42,8,485.352567
42,8,485.36457
42,8,485.376572
42,8,485.388575
42,8,485.399577
42,8,485.41158
42,8,485.423583
42,8,485.435585
42,8,485.446588
42,8,485.45759
42,8,485.469593
42,8,485.480596
42,8,485.492599
42,8,485.505601
42,8,485.516604
42,8,485.528607
42,8,485.540609
42,8,485.553612
42,8,485.564615
42,8,485.576617
42,8,485.58762
42,8,485.599622
42,8,485.610625
42,8,485.622627
42,8,485.63363
42,8,485.645633
42,8,485.656635
42,8,485.668638
42,8,485.67964
42,8,485.691643
42,8,485.703646
42,8,485.715648
42,8,485.727651
42,8,485.738654
42,8,485.750656
42,8,485.76266
-56,6,485.772661
40,10,485.785664
42,8,485.797667
42,8,485.81067
42,8,485.822673
41,9,485.834676
40,10,485.85109
42,8,485.861681
42,8,485.873684
27,23,485.907692
42,8,485.918694
-54,4,485.923695
42,8,485.935698
42,8,485.946701
42,8,485.958703
42,8,485.970706
42,8,485.982709
42,8,485.994712
42,8,486.006714
42,8,486.018717
28,22,486.049724
42,8,486.061726
42,8,486.073729
42,8,486.084732
42,8,486.096735
42,8,486.107737
40,10,486.12374
42,8,486.134743
42,8,486.146746
42,8,486.158748
8,42,486.218762
41,9,486.230765
42,8,486.242767
42,8,486.25577
40,10,486.270774
42,8,486.282776
40,10,486.29678
42,8,486.308783
42,8,486.320785
40,10,486.336788
42,8,486.347791
42,8,486.359794
42,8,486.371796
42,8,486.383799
42,8,486.395802
42,8,486.406906
42,8,486.417927
42,8,486.42893
42,8,486.441932
42,8,486.452935
42,8,486.465938
42,8,486.476941
42,8,486.488943
42,8,486.500946
42,8,486.512949
42,8,486.524951
42,8,486.536954
42,8,486.548957
42,8,486.559959
42,8,486.571962
42,8,486.583964
42,8,486.594967
42,8,486.60797
42,8,486.618972
40,10,486.632976
42,8,486.643978
42,8,486.655981
35,15,486.677986
42,8,486.689989
-52,2,486.69399
42,8,486.705992
42,8,486.717995
42,8,486.729998
42,8,486.743
42,8,486.754003
42,8,486.766006
42,8,486.778008
42,8,486.791011
42,8,486.803014
42,8,486.815017
42,8,486.827019
42,8,486.839022
42,8,486.850024
42,8,486.862027
42,8,486.87403
42,8,486.886034
42,8,486.897035
42,8,486.909038
42,8,486.921041
42,8,486.932043
42,8,486.944046
42,8,486.956048
42,8,486.968051
42,8,486.980054
42,8,486.992057
42,8,487.005059
42,8,487.017062
42,8,487.028065
42,8,487.040067
42,8,487.05307
42,8,487.065073
42,8,487.076076
42,8,487.088078
42,8,487.099081
42,8,487.111201
42,8,487.123203
42,8,487.134206
42,8,487.146209
42,8,487.157211
41,9,487.169214
42,8,487.181216
42,8,487.194219
42,8,487.205222
42,8,487.217225
42,8,487.229227
42,8,487.24123
42,8,487.253232
42,8,487.265235
42,8,487.278238
42,8,487.289241
42,8,487.301243
42,8,487.312246
40,10,487.325249
42,8,487.337251
42,8,487.350255
42,8,487.361257
42,8,487.37326
42,8,487.385262
42,8,487.396265
-54,4,487.402266
42,8,487.414269
42,8,487.425271
42,8,487.437274
42,8,487.450277
42,8,487.462279
42,8,487.473282
42,8,487.485285
42,8,487.498288
42,8,487.509291
42,8,487.521293
42,8,487.533296
42,8,487.545298
42,8,487.557301
42,8,487.568304
42,8,487.580306
42,8,487.592309
42,8,487.604311
42,8,487.615314
42,8,487.627317
42,8,487.639319
42,8,487.651322
42,8,487.662324
42,8,487.675328
42,8,487.687462
42,8,487.699465
42,8,487.710468
42,8,487.72247
42,8,487.734473
42,8,487.746475
42,8,487.757478
42,8,487.770481
42,8,487.782483
-54,4,487.787484
42,8,487.799487
42,8,487.81149
40,10,487.827494
42,8,487.839496
42,8,487.850498
42,8,487.862501
42,8,487.874504
42,8,487.885507
42,8,487.897509
42,8,487.909513
42,8,487.921515
42,8,487.932517
40,10,487.946521
42,8,487.959523
42,8,487.971526
42,8,487.983529
41,9,487.997532
42,8,488.009534
42,8,488.022537
42,8,488.03454
42,8,488.045543
42,8,488.056545
42,8,488.068548
42,8,488.080551
42,8,488.092553
42,8,488.104556
42,8,488.116559
42,8,488.127751
42,8,488.141567
42,8,488.154569
42,8,488.167572
42,8,488.179575
42,8,488.191578
42,8,488.20258
42,8,488.215583
42,8,488.227586
42,8,488.238588
42,8,488.250591
42,8,488.262594
42,8,488.275597
42,8,488.286599
42,8,488.297601
42,8,488.309605
42,8,488.321607
42,8,488.332609
42,8,488.344752
42,8,488.356755
42,8,488.368757
42,8,488.38076
42,8,488.392763
42,8,488.404765
42,8,488.416768
42,8,488.428771
42,8,488.440774
42,8,488.453776
42,8,488.466779
42,8,488.477782
42,8,488.489784
40,10,488.502788
42,8,488.51479
42,8,488.526793
42,8,488.537795
42,8,488.549798
42,8,488.561801
42,8,488.573803
42,8,488.584806
42,8,488.596809
42,8,488.607812
42,8,488.619814
42,8,488.631817
42,8,488.64382
-54,4,488.648821
42,8,488.660823
42,8,488.673826
41,9,488.685829
42,8,488.697832
42,8,488.709834
42,8,488.721837
42,8,488.73384
42,8,488.744842
41,9,488.758846
42,8,488.771848
42,8,488.782851
42,8,488.794853
42,8,488.806856
42,8,488.818859
42,8,488.829861
42,8,488.840864
42,8,488.853867
42,8,488.865869
42,8,488.876872
42,8,488.888875
42,8,488.900877
42,8,488.91288
42,8,488.924882
42,8,488.936885
42,8,488.948888
42,8,488.960891
42,8,488.971893
42,8,488.983896
42,8,488.994898
42,8,489.006901
42,8,489.018903
42,8,489.030907
42,8,489.042909
42,8,489.054912
42,8,489.066915
42,8,489.077917
42,8,489.08992
42,8,489.102923
42,8,489.113925
42,8,489.125928
42,8,489.138931
42,8,489.150934
42,8,489.161938
42,8,489.173941
42,8,489.186944
42,8,489.198946
42,8,489.209949
42,8,489.221952
42,8,489.232954
42,8,489.244957
40,10,489.25796
42,8,489.268962
42,8,489.281965
42,8,489.292969
42,8,489.304971
42,8,489.315973
42,8,489.327976
42,8,489.338978
42,8,489.350981
42,8,489.362983
41,9,489.375986
42,8,489.387989
42,8,489.398992
42,8,489.410994
40,10,489.427998
42,8,489.440001
42,8,489.451003
42,8,489.463006
42,8,489.475009
42,8,489.487011
42,8,489.499015
42,8,489.510017
42,8,489.522019
42,8,489.535022
42,8,489.547026
42,8,489.558027
42,8,489.57003
42,8,489.583033
42,8,489.594035
40,10,489.607038
42,8,489.620041
42,8,489.632044
42,8,489.644047
42,8,489.656049
42,8,489.668052
42,8,489.680055
42,8,489.692176
42,8,489.703178
42,8,489.715181
42,8,489.727184
42,8,489.738187
42,8,489.749189
42,8,489.760191
42,8,489.773195
42,8,489.784197
42,8,489.7962
42,8,489.808202
42,8,489.820205
42,8,489.831208
42,8,489.84321
42,8,489.856213
42,8,489.868216
42,8,489.879218
40,10,489.896222
42,8,489.908225
42,8,489.919227
42,8,489.93123
42,8,489.943233
42,8,489.955235
42,8,489.966238
42,8,489.979241
42,8,489.990243
42,8,490.002246
42,8,490.014249
42,8,490.026252
40,10,490.039254
42,8,490.052257
42,8,490.06426
42,8,490.076263
42,8,490.088265
42,8,490.100268
42,8,490.112271
42,8,490.124273
42,8,490.136277
42,8,490.147279
42,8,490.159282
42,8,490.171284
42,8,490.182287
42,8,490.194291
40,10,490.210295
41,9,490.222298
42,8,490.235301
42,8,490.246303
42,8,490.257306
42,8,490.270308
40,10,490.285312
42,8,490.297314
42,8,490.308317
42,8,490.32132
42,8,490.333323
42,8,490.345325
42,8,490.357328
42,8,490.369331
42,8,490.381333
42,8,490.393337
42,8,490.405339
42,8,490.417341
42,8,490.428344
42,8,490.439346
42,8,490.450349
40,10,490.464352
42,8,490.476355
42,8,490.488358
42,8,490.49936
42,8,490.511363
42,8,490.523365
42,8,490.535369
42,8,490.547371
42,8,490.559374
42,8,490.571376
40,10,490.58738
42,8,490.598382
40,10,490.611385
42,8,490.624388
42,8,490.635391
42,8,490.646393
42,8,490.658396
42,8,490.669398
42,8,490.681401
42,8,490.692404
42,8,490.704406
42,8,490.716409
42,8,490.728411
42,8,490.740414
42,8,490.752417
42,8,490.763419
42,8,490.776423
42,8,490.787425
42,8,490.800428
42,8,490.813431
42,8,490.825434
42,8,490.836436
42,8,490.848439
42,8,490.861441
42,8,490.873444
42,8,490.884447
42,8,490.896449
42,8,490.907452
42,8,490.919454
42,8,490.931457
42,8,490.943462
42,8,490.955464
42,8,490.967467
42,8,490.978469
-56,6,490.988473
42,8,491.001477
42,8,491.012479
42,8,491.024482
42,8,491.036484
41,9,491.048487
42,8,491.060489
42,8,491.072618
42,8,491.085621
42,8,491.097624
42,8,491.108626
42,8,491.119628
42,8,491.131631
42,8,491.143634
42,8,491.154636
42,8,491.166639
42,8,491.178642
42,8,491.189645
42,8,491.200647
42,8,491.21365
42,8,491.224652
40,10,491.238655
42,8,491.249658
42,8,491.262661
42,8,491.273663
-56,6,491.282665
42,8,491.294668
42,8,491.306671
42,8,491.319674
42,8,491.330676
42,8,491.342679
42,8,491.354681
41,9,491.366684
-55,5,491.373686
42,8,491.385688
42,8,491.397691
42,8,491.408694
42,8,491.420696
42,8,491.432699
42,8,491.444702
42,8,491.456704
40,10,491.472708
42,8,491.484711
42,8,491.496713
42,8,491.509716
42,8,491.520719
42,8,491.533722
42,8,491.545724
42,8,491.557727
42,8,491.56973
42,8,491.581732
42,8,491.593735
42,8,491.605738
42,8,491.61674
42,8,491.627743
42,8,491.639745
42,8,491.651749
42,8,491.662751
42,8,491.674753
42,8,491.686763
42,8,491.698761
42,8,491.709763
42,8,491.721766
42,8,491.734897
42,8,491.745901
42,8,491.756904
42,8,491.770907
42,8,491.78291
42,8,491.793912
42,8,491.805915
42,8,491.817917
42,8,491.82992
42,8,491.840923
42,8,491.851925
42,8,491.863928
42,8,491.87593
42,8,491.886933
42,8,491.898936
42,8,491.910938
42,8,491.922941
42,8,491.934944
42,8,491.945946
42,8,491.957949
42,8,491.969951
42,8,491.981954
42,8,491.993957
42,8,492.00596
42,8,492.016963
42,8,492.028965
41,9,492.040968
42,8,492.05397
42,8,492.064974
42,8,492.075976
42,8,492.087978
42,8,492.099981
42,8,492.110983
42,8,492.122986
42,8,492.133989
42,8,492.145991
42,8,492.156994
42,8,492.168997
42,8,492.181
42,8,492.193003
42,8,492.204005
42,8,492.217007
42,8,492.22901
42,8,492.241013
42,8,492.253015
42,8,492.265018
42,8,492.277022
42,8,492.288023
42,8,492.300026
42,8,492.312029
42,8,492.324032
40,10,492.340035
40,10,492.353038
42,8,492.36504
42,8,492.376043
42,8,492.388046
42,8,492.399687
42,8,492.411051
42,8,492.422176
42,8,492.434179
42,8,492.446182
42,8,492.458184
42,8,492.470187
42,8,492.48219
42,8,492.493192
42,8,492.506195
42,8,492.518198
42,8,492.5302
42,8,492.541203
42,8,492.553205
42,8,492.564208
42,8,492.576211
42,8,492.588213
42,8,492.600216
42,8,492.611219
42,8,492.622221
42,8,492.634224
40,10,492.650228
40,10,492.66323
42,8,492.675366
40,10,492.69137
42,8,492.704373
42,8,492.715376
42,8,492.727378
42,8,492.739383
40,10,492.752386
42,8,492.763389
42,8,492.775392
42,8,492.787394
42,8,492.800397
42,8,492.8114
42,8,492.822402
42,8,492.834405
42,8,492.846407
42,8,492.85741
42,8,492.869413
42,8,492.881415
42,8,492.892519
42,8,492.903544
42,8,492.916547
42,8,492.92855
42,8,492.940553
42,8,492.951555
42,8,492.964558
42,8,492.976561
40,10,492.992565
42,8,493.004567
42,8,493.01657
42,8,493.028573
42,8,493.040575
42,8,493.052578
40,10,493.065581
42,8,493.076586
42,8,493.088588
42,8,493.101591
42,8,493.111593
40,10,493.127597
42,8,493.1396
42,8,493.151602
42,8,493.163604
42,8,493.174607
42,8,493.18761
42,8,493.199613
42,8,493.210616
42,8,493.222618
42,8,493.235621
42,8,493.247624
42,8,493.259626
42,8,493.271629
42,8,493.283632
42,8,493.294635
42,8,493.306637
42,8,493.31864
42,8,493.330642
42,8,493.341645
42,8,493.353648
42,8,493.36565
42,8,493.376654
42,8,493.388656
42,8,493.400659
42,8,493.412661
42,8,493.424664
42,8,493.437667
42,8,493.449669
42,8,493.460672
42,8,493.473675
42,8,493.486678
42,8,493.49868
42,8,493.509683
42,8,493.520685
42,8,493.532688
42,8,493.543691
42,8,493.555693
42,8,493.567696
42,8,493.579699
42,8,493.590701
42,8,493.601703
42,8,493.613706
42,8,493.62571
42,8,493.637712
42,8,493.649715
42,8,493.660717
42,8,493.67372
42,8,493.685722
42,8,493.697725
42,8,493.709728
42,8,493.72173
42,8,493.733733
42,8,493.744736
42,8,493.756738
42,8,493.768741
42,8,493.779746
42,8,493.791749
42,8,493.803751
42,8,493.814754
42,8,493.826756
42,8,493.837759
40,10,493.850762
42,8,493.862765
42,8,493.874767
42,8,493.88677
42,8,493.898772
42,8,493.910776
42,8,493.922778
42,8,493.935781
42,8,493.946784
42,8,493.958787
42,8,493.970789
42,8,493.982792
42,8,493.994794
42,8,494.005797
42,8,494.017799
42,8,494.028802
42,8,494.041805
42,8,494.052807
42,8,494.06481
42,8,494.075813
42,8,494.088815
42,8,494.099818
42,8,494.111821
42,8,494.123823
5,45,494.189976
42,8,494.201979
42,8,494.213981
42,8,494.224984
42,8,494.236987
42,8,494.248989
42,8,494.259993
42,8,494.270994
42,8,494.282997
42,8,494.296
42,8,494.307003
42,8,494.318005
42,8,494.330008
42,8,494.34101
42,8,494.353013
42,8,494.365015
42,8,494.377018
42,8,494.390021
42,8,494.401023
42,8,494.414026
42,8,494.425029
42,8,494.437032
42,8,494.449034
42,8,494.461037
42,8,494.47304
30,20,494.502046
42,8,494.513049
42,8,494.525051
42,8,494.537054
42,8,494.549057
42,8,494.56006
42,8,494.572062
42,8,494.584065
42,8,494.596068
41,9,494.611071
42,8,494.623074
42,8,494.636076
42,8,494.647079
42,8,494.660082
42,8,494.672085
42,8,494.684088
42,8,494.69509
42,8,494.707093
40,10,494.720095
40,10,494.735099
42,8,494.748102
42,8,494.759104
42,8,494.771107
42,8,494.782109
42,8,494.794112
42,8,494.806115
42,8,494.817117
42,8,494.82812
42,8,494.841123
42,8,494.853125
42,8,494.865128
42,8,494.876131
42,8,494.889133
42,8,494.901136
42,8,494.912138
42,8,494.924141
42,8,494.937144
42,8,494.949147
42,8,494.96015
42,8,494.972152
42,8,494.984155
42,8,494.995157
42,8,495.00616
42,8,495.018163
42,8,495.030165
42,8,495.041168
42,8,495.053171
42,8,495.065173
42,8,495.076176
42,8,495.088178
42,8,495.100181
42,8,495.112184
42,8,495.124187
42,8,495.135189
42,8,495.147192
42,8,495.160195
42,8,495.172197
42,8,495.1832
42,8,495.195202
42,8,495.207205
42,8,495.218209
42,8,495.230211
42,8,495.242213
40,10,495.255216
42,8,495.267219
42,8,495.278222
42,8,495.290224
42,8,495.302226
42,8,495.31423
41,9,495.326232
42,8,495.338235
42,8,495.352238
42,8,495.36324
42,8,495.375243
42,8,495.387246
42,8,495.399366
42,8,495.411368
42,8,495.423371
34,16,495.447376
42,8,495.458379
42,8,495.469381
42,8,495.481384
42,8,495.493387
42,8,495.50539
-55,5,495.514391
42,8,495.525394
42,8,495.537397
42,8,495.549399
42,8,495.561402
42,8,495.573405
42,8,495.585407
42,8,495.59741
42,8,495.608413
42,8,495.620415
42,8,495.632418
42,8,495.643421
42,8,495.655423
42,8,495.667426
42,8,495.679429
42,8,495.690431
42,8,495.702434
42,8,495.714436
42,8,495.725439
42,8,495.737442
42,8,495.749444
42,8,495.760447
42,8,495.772449
42,8,495.784452
42,8,495.796455
42,8,495.807458
42,8,495.81946
42,8,495.831463
42,8,495.843466
42,8,495.854468
42,8,495.86647
42,8,495.878473
42,8,495.889476
42,8,495.900478
42,8,495.912481
42,8,495.924484
42,8,495.937489
42,8,495.948491
42,8,495.959493
42,8,495.971496
42,8,495.983499
42,8,495.994501
42,8,496.006504
42,8,496.018507
42,8,496.03151
40,10,496.044513
42,8,496.055515
42,8,496.068518
42,8,496.081521
42,8,496.092525
42,8,496.103526
42,8,496.115529
42,8,496.127532
42,8,496.138534
42,8,496.150537
42,8,496.161539
42,8,496.174542
42,8,496.185545
42,8,496.196547
42,8,496.20855
42,8,496.220552
42,8,496.232555
42,8,496.243558
42,8,496.25556
42,8,496.267563
41,9,496.278565
42,8,496.291568
42,8,496.303571
42,8,496.314574
42,8,496.326576
42,8,496.338579
42,8,496.350582
42,8,496.361585
42,8,496.372586
42,8,496.38459
42,8,496.396592
42,8,496.408595
42,8,496.419597
42,8,496.4306
42,8,496.443603
42,8,496.454605
40,10,496.470609
42,8,496.482611
42,8,496.494614
42,8,496.506617
42,8,496.51862
42,8,496.530622
42,8,496.541625
42,8,496.554628
42,8,496.56563
42,8,496.577633
42,8,496.588635
42,8,496.600639
17,33,496.646648
20,30,496.689779
42,8,496.702782
42,8,496.714784
42,8,496.725788
42,8,496.73679
40,10,496.750793
42,8,496.762795
42,8,496.773798
12,38,496.830811
42,8,496.842813
40,10,496.854816
42,8,496.866819
42,8,496.877821
42,8,496.889824
42,8,496.901827
42,8,496.91383
42,8,496.924832
42,8,496.936835
42,8,496.947837
42,8,496.959841
42,8,496.971843
42,8,496.983845
42,8,496.994848
42,8,497.00685
42,8,497.018853
42,8,497.030856
42,8,497.041858
42,8,497.053861
42,8,497.065863
42,8,497.076866
42,8,497.088869
42,8,497.099871
42,8,497.111874
42,8,497.123877
42,8,497.13588
42,8,497.147882
42,8,497.158885
42,8,497.170887
42,8,497.18189
42,8,497.193892
42,8,497.205895
42,8,497.217898
42,8,497.229901
42,8,497.241903
40,10,497.256907
32,18,497.281912
42,8,497.293915
42,8,497.305918
42,8,497.317921
42,8,497.328923
42,8,497.339926
42,8,497.352928
40,10,497.367934
42,8,497.378937
36,14,497.397942
42,8,497.409945
32,18,497.43795
42,8,497.449953
42,8,497.460955
42,8,497.471958
42,8,497.483961
42,8,497.496963
42,8,497.507966
42,8,497.520969
42,8,497.532972
42,8,497.544974
42,8,497.554976
42,8,497.566979
42,8,497.577982
42,8,497.589985
42,8,497.600987
42,8,497.612989
42,8,497.623992
42,8,497.635995
42,8,497.646997
42,8,497.659
42,8,497.671003
42,8,497.683005
42,8,497.695008
42,8,497.707138
42,8,497.719141
42,8,497.730143
42,8,497.742146
42,8,497.754148
42,8,497.766151
42,8,497.777153
42,8,497.789156
42,8,497.801159
42,8,497.812162
42,8,497.824164
42,8,497.836167
42,8,497.847169
40,10,497.861173
42,8,497.872175
42,8,497.885178
42,8,497.89618
42,8,497.908183
42,8,497.920186
42,8,497.931189
42,8,497.943324
42,8,497.955327
-54,4,497.960328
42,8,497.973331
42,8,497.984333
42,8,497.996336
42,8,498.007339
42,8,498.019341
42,8,498.030343
42,8,498.041346
42,8,498.053349
42,8,498.064351
42,8,498.076354
42,8,498.088357
42,8,498.100359
42,8,498.111362
42,8,498.122364
42,8,498.134367
42,8,498.146369
42,8,498.157372
42,8,498.170375
42,8,498.181378
42,8,498.193381
42,8,498.205383
42,8,498.218386
42,8,498.229388
42,8,498.241392
42,8,498.252393
42,8,498.263396
42,8,498.275399
42,8,498.287401
42,8,498.299404
42,8,498.310407
42,8,498.321409
42,8,498.333412
42,8,498.345414
42,8,498.358418
42,8,498.369421
42,8,498.381423
42,8,498.393426
42,8,498.405428
42,8,498.417431
42,8,498.428433
42,8,498.440436
42,8,498.452438
42,8,498.463441
42,8,498.475444
42,8,498.487447
42,8,498.498449
42,8,498.509451
42,8,498.521454
42,8,498.533457
42,8,498.54446
42,8,498.556462
42,8,498.568465
42,8,498.579467
42,8,498.59047
42,8,498.603473
42,8,498.616475
42,8,498.627478
42,8,498.639481
40,10,498.655484
42,8,498.667487
42,8,498.68049
42,8,498.692493
42,8,498.703495
42,8,498.715498
42,8,498.7275
42,8,498.739503
42,8,498.750506
42,8,498.762508
42,8,498.773513
42,8,498.785516
42,8,498.797518
42,8,498.808521
42,8,498.820524
42,8,498.832527
42,8,498.843529
42,8,498.856532
42,8,498.868534
42,8,498.879537
42,8,498.89154
42,8,498.903542
42,8,498.915545
42,8,498.926547
42,8,498.93855
42,8,498.951553
42,8,498.963556
42,8,498.973558
42,8,498.985561
42,8,498.997563
42,8,499.008567
41,9,499.020569
42,8,499.031571
42,8,499.043575
42,8,499.054576
42,8,499.066579
42,8,499.078582
42,8,499.090585
42,8,499.102587
42,8,499.11459
42,8,499.125592
42,8,499.138595
42,8,499.148597
42,8,499.161601
42,8,499.172603
42,8,499.184606
42,8,499.195608
42,8,499.207731
42,8,499.219734
42,8,499.230737
42,8,499.242739
42,8,499.253742
42,8,499.265744
42,8,499.276747
42,8,499.288749
42,8,499.300752
42,8,499.312755
42,8,499.324758
42,8,499.336761
42,8,499.348763
42,8,499.359766
42,8,499.371768
42,8,499.383771
42,8,499.395774
42,8,499.406776
42,8,499.417779
42,8,499.430781
42,8,499.441785
42,8,499.452787
42,8,499.464789
42,8,499.475792
42,8,499.487795
42,8,499.498797
40,10,499.5118
42,8,499.523803
42,8,499.534805
42,8,499.546808
42,8,499.558811
42,8,499.570813
42,8,499.580816
42,8,499.592818
42,8,499.604821
42,8,499.616824
42,8,499.627826
42,8,499.640829
42,8,499.652832
42,8,499.663835
42,8,499.675837
42,8,499.686839
42,8,499.698842
42,8,499.709845
42,8,499.721847
42,8,499.73385
42,8,499.745853
42,8,499.756855
42,8,499.769858
-52,2,499.77386
42,8,499.784861
42,8,499.797864
42,8,499.809867
42,8,499.820869
42,8,499.832872
42,8,499.844875
42,8,499.855877
42,8,499.86788
40,10,499.880883
42,8,499.891886
42,8,499.903888
42,8,499.915891
42,8,499.927893
42,8,499.938896
42,8,499.950899
42,8,499.961901
40,10,499.977905
42,8,499.989908
42,8,500.00191
42,8,500.012913
42,8,500.024915
42,8,500.036918
42,8,500.048921
42,8,500.060923
42,8,500.072926
42,8,500.084929
42,8,500.096931
42,8,500.108934
42,8,500.119937
42,8,500.131939
42,8,500.142943
42,8,500.154944
42,8,500.166947
42,8,500.17895
42,8,500.189954
42,8,500.200955
40,10,500.214958
42,8,500.225961
42,8,500.237964
42,8,500.249966
42,8,500.261969
42,8,500.274972
42,8,500.286974
42,8,500.297977
42,8,500.30998
42,8,500.321982
42,8,500.333986
42,8,500.344987
42,8,500.35699
42,8,500.368993
42,8,500.379995
42,8,500.390998
42,8,500.403001
40,10,500.418004
42,8,500.430007
42,8,500.441009
42,8,500.453012
42,8,500.464014
42,8,500.476017
42,8,500.488019
42,8,500.501022
42,8,500.512025
42,8,500.524028
42,8,500.536031
42,8,500.547033
42,8,500.559036
42,8,500.571038
42,8,500.583041
42,8,500.595194
42,8,500.606196
42,8,500.617198
40,10,500.631202
42,8,500.642204
42,8,500.654207
42,8,500.665209
42,8,500.677212
42,8,500.689217
42,8,500.700219
42,8,500.711221
40,10,500.727225
42,8,500.739228
42,8,500.75123
42,8,500.763233
42,8,500.775237
42,8,500.786238
42,8,500.799241
42,8,500.810244
42,8,500.822246
42,8,500.834249
42,8,500.846252
40,10,500.858255
42,8,500.870258
42,8,500.88226
42,8,500.893263
42,8,500.905265
41,9,500.919269
42,8,500.932271
42,8,500.944274
42,8,500.955276
42,8,500.967279
40,10,500.980282
42,8,500.992285
42,8,501.004287
42,8,501.01529
42,8,501.028293
42,8,501.040296
40,10,501.055299
42,8,501.066301
42,8,501.078304
40,10,501.091307
42,8,501.103317
42,8,501.114315
42,8,501.126318
42,8,501.13732
42,8,501.149323
42,8,501.160325
42,8,501.172328
42,8,501.18333
42,8,501.194333
42,8,501.206336
42,8,501.217338
42,8,501.23034
42,8,501.241343
42,8,501.253346
42,8,501.264349
42,8,501.276352
42,8,501.288354
42,8,501.300356
42,8,501.312359
42,8,501.324363
42,8,501.335364
42,8,501.346367
42,8,501.35937
40,10,501.375374
42,8,501.386376
42,8,501.398378
42,8,501.410381
42,8,501.421384
42,8,501.433387
42,8,501.444389
42,8,501.456391
42,8,501.467394
42,8,501.479397
42,8,501.4924
42,8,501.504402
42,8,501.515405
42,8,501.527408
42,8,501.53941
42,8,501.551413
42,8,501.562416
42,8,501.574418
42,8,501.586421
42,8,501.598423
42,8,501.609427
42,8,501.621429
42,8,501.632431
42,8,501.644435
30,20,501.67244
42,8,501.685443
42,8,501.696573
42,8,501.709576
42,8,501.720578
42,8,501.732581
42,8,501.744583
42,8,501.757586
42,8,501.768589
42,8,501.780591
14,36,501.831603
42,8,501.842606
42,8,501.854608
42,8,501.865611
42,8,501.876613
42,8,501.888616
42,8,501.901619
20,30,501.942628
42,8,501.954631
42,8,501.966633
42,8,501.978637
42,8,501.990639
42,8,502.003642
12,38,502.058655
42,8,502.070657
42,8,502.082659
42,8,502.094662
42,8,502.105665
34,16,502.12867
42,8,502.141674
42,8,502.152676
42,8,502.163678
42,8,502.175681
40,10,502.189684
42,8,502.200686
42,8,502.212689
42,8,502.223691
41,9,502.236694
42,8,502.247697
42,8,502.259699
42,8,502.272702
42,8,502.284705
42,8,502.295708
42,8,502.30771
42,8,502.319713
42,8,502.331716
42,8,502.342718
42,8,502.354721
42,8,502.366723
42,8,502.377727
42,8,502.388729
42,8,502.400731
42,8,502.411734
42,8,502.423737
42,8,502.435739
42,8,502.447742
42,8,502.459745
42,8,502.470747
42,8,502.48375
42,8,502.494752
42,8,502.506755
42,8,502.518758
42,8,502.530761
42,8,502.542763
42,8,502.554766
42,8,502.565768
42,8,502.576771
42,8,502.588774
42,8,502.599776
42,8,502.611779
42,8,502.623781
42,8,502.634784
42,8,502.645787
42,8,502.657791
42,8,502.670794
42,8,502.682797
42,8,502.693799
42,8,502.706802
42,8,502.719805
42,8,502.73093
42,8,502.742933
42,8,502.755935
42,8,502.766937
42,8,502.77894
42,8,502.789943
42,8,502.801946
42,8,502.813948
42,8,502.825952
42,8,502.836954
42,8,502.848956
42,8,502.860959
42,8,502.872962
42,8,502.883964
42,8,502.895967
42,8,502.907969
42,8,502.918972
42,8,502.930975
-56,6,502.940977
42,8,502.95298
42,8,502.964983
-55,5,502.971984
42,8,502.982986
42,8,502.994989
41,9,503.006992
42,8,503.018994
42,8,503.029997
42,8,503.042
42,8,503.054003
42,8,503.066005
40,10,503.081009
42,8,503.092011
42,8,503.104014
42,8,503.117017
42,8,503.127019
42,8,503.139022
42,8,503.152025
42,8,503.164027
42,8,503.17503
40,10,503.188032
42,8,503.200035
42,8,503.212038
42,8,503.223041
42,8,503.236043
42,8,503.248046
42,8,503.260049
42,8,503.271051
42,8,503.282054
42,8,503.294057
42,8,503.305059
42,8,503.317062
42,8,503.329221
42,8,503.340223
42,8,503.352226
42,8,503.363228
42,8,503.376231
42,8,503.388234
42,8,503.399973
42,8,503.411239
42,8,503.423242
42,8,503.435245
42,8,503.447248
40,10,503.46225
42,8,503.474253
42,8,503.486256
42,8,503.498259
42,8,503.509261
42,8,503.520263
42,8,503.532266
41,9,503.544269
42,8,503.555271
42,8,503.567274
42,8,503.579277
42,8,503.590279
42,8,503.602282
42,8,503.613285
42,8,503.625288
42,8,503.63729
42,8,503.649292
42,8,503.660295
42,8,503.673298
42,8,503.684301
42,8,503.696303
42,8,503.707306
42,8,503.719309
42,8,503.731311
42,8,503.743314
42,8,503.754316
42,8,503.76632
42,8,503.777322
42,8,503.789324
42,8,503.801327
42,8,503.812329
42,8,503.824332
42,8,503.835334
42,8,503.847337
42,8,503.85834
-54,4,503.864341
42,8,503.875344
42,8,503.888347
42,8,503.900349
42,8,503.912352
42,8,503.924355
42,8,503.935357
42,8,503.94736
42,8,503.959362
42,8,503.970365
40,10,503.985368
42,8,503.997371
42,8,504.009374
42,8,504.020376
42,8,504.032379
42,8,504.043382
42,8,504.055384
42,8,504.066386
42,8,504.078389
40,10,504.090392
42,8,504.103395
42,8,504.114398
42,8,504.1264
42,8,504.138403
42,8,504.150406
42,8,504.161408
42,8,504.173411
42,8,504.185413
38,12,504.202417
42,8,504.214421
42,8,504.225423
42,8,504.237425
40,10,504.253429
42,8,504.264431
42,8,504.275434
42,8,504.287436
40,10,504.300439
42,8,504.312442
41,9,504.325445
42,8,504.337448
42,8,504.349451
42,8,504.361453
42,8,504.373456
42,8,504.385458
42,8,504.397461
42,8,504.408464
42,8,504.420467
42,8,504.431469
42,8,504.443472
42,8,504.455474
42,8,504.466476
42,8,504.478479
42,8,504.489482
42,8,504.501484
42,8,504.512487
42,8,504.523489
42,8,504.536492
42,8,504.547495
42,8,504.558497
42,8,504.571501
42,8,504.582503
42,8,504.594506
42,8,504.606508
42,8,504.618511
42,8,504.629514
42,8,504.641516
42,8,504.653519
42,8,504.666522
42,8,504.678524
42,8,504.689527
42,8,504.70153
42,8,504.713532
42,8,504.725535
42,8,504.735537
42,8,504.74754
42,8,504.759543
42,8,504.770545
42,8,504.783548
42,8,504.79455
42,8,504.806553
42,8,504.817556
42,8,504.829559
42,8,504.841561
42,8,504.853564
42,8,504.865566
42,8,504.877569
42,8,504.889572
42,8,504.901575
42,8,504.912577
42,8,504.923579
42,8,504.935582
42,8,504.946585
42,8,504.958587
41,9,504.972591
42,8,504.984593
42,8,504.995595
42,8,505.006598
42,8,505.019601
42,8,505.031604
42,8,505.042607
42,8,505.054609
42,8,505.066612
42,8,505.077614
42,8,505.090617
42,8,505.10262
42,8,505.113622
40,10,505.127625
42,8,505.139629
40,10,505.153631
42,8,505.165634
42,8,505.177637
42,8,505.18964
42,8,505.201642
42,8,505.212645
42,8,505.224648
42,8,505.23665
42,8,505.247653
42,8,505.259655
42,8,505.27166
42,8,505.284663
42,8,505.295666
42,8,505.307668
42,8,505.320671
42,8,505.332674
41,9,505.345677
42,8,505.356679
42,8,505.368682
42,8,505.380685
42,8,505.391687
42,8,505.404691
42,8,505.415693
42,8,505.427696
42,8,505.438698
42,8,505.4497
42,8,505.461703
42,8,505.473706
42,8,505.484708
42,8,505.496711
42,8,505.507714
-56,6,505.515715
42,8,505.527718
42,8,505.539721
42,8,505.551723
42,8,505.563726
42,8,505.575729
40,10,505.591732
42,8,505.603736
42,8,505.615738
40,10,505.628741
42,8,505.640743
42,8,505.652746
42,8,505.663748
42,8,505.675751
42,8,505.687755
42,8,505.69976
42,8,505.710762
42,8,505.722764
42,8,505.734767
42,8,505.745769
42,8,505.758773
42,8,505.770775
42,8,505.782778
42,8,505.79378
42,8,505.805783
42,8,505.817786
42,8,505.830788
-58,8,505.841791
42,8,505.853794
42,8,505.865796
42,8,505.877799
42,8,505.888801
42,8,505.900804
42,8,505.912807
42,8,505.92381
42,8,505.935812
42,8,505.947815
40,10,505.962818
42,8,505.974821
42,8,505.986823
42,8,505.998826
40,10,506.01283
42,8,506.024833
42,8,506.036835
42,8,506.048838
42,8,506.060952
42,8,506.072954
42,8,506.085957
42,8,506.09696
42,8,506.108966
42,8,506.120968
42,8,506.132971
42,8,506.143973
41,9,506.157976
42,8,506.170979
42,8,506.182982
42,8,506.193984
42,8,506.205987
42,8,506.217989
-56,6,506.224992
42,8,506.237994
42,8,506.249997
42,8,506.262
42,8,506.273002
42,8,506.286005
42,8,506.298008
42,8,506.310011
42,8,506.322013
42,8,506.333016
42,8,506.345018
42,8,506.357021
42,8,506.368023
42,8,506.380026
42,8,506.392029
42,8,506.404032
42,8,506.416034
42,8,506.428037
42,8,506.439039
42,8,506.451042
42,8,506.463045
42,8,506.476048
42,8,506.488051
42,8,506.500053
42,8,506.512056
42,8,506.524059
42,8,506.536061
42,8,506.548064
42,8,506.559066
42,8,506.571069
42,8,506.583072
42,8,506.595075
42,8,506.606077
42,8,506.61908
42,8,506.631083
42,8,506.642086
42,8,506.654088
42,8,506.66609
42,8,506.678093
42,8,506.690097
41,9,506.702099
42,8,506.714102
42,8,506.726104
42,8,506.738107
42,8,506.750109
42,8,506.762112
42,8,506.774115
42,8,506.785117
42,8,506.79612
42,8,506.808123
42,8,506.820125
42,8,506.831128
42,8,506.84313
42,8,506.855133
42,8,506.867136
42,8,506.878138
42,8,506.890141
42,8,506.902144
42,8,506.913146
42,8,506.926149
42,8,506.938152
42,8,506.950155
42,8,506.961157
42,8,506.97316
42,8,506.986163
42,8,506.998165
42,8,507.009168
42,8,507.021171
42,8,507.033173
42,8,507.046176
42,8,507.057178
42,8,507.068181
42,8,507.079184
42,8,507.091186
42,8,507.103189
42,8,507.115192
42,8,507.127194
42,8,507.139197
42,8,507.1502
42,8,507.162202
42,8,507.174205
42,8,507.187208
42,8,507.19921
42,8,507.211213
42,8,507.223216
42,8,507.235219
42,8,507.246221
42,8,507.258224
42,8,507.271227
42,8,507.282229
42,8,507.293233
41,9,507.308235
42,8,507.320238
42,8,507.332241
42,8,507.343244
42,8,507.355246
42,8,507.367248
42,8,507.379251
42,8,507.389253
40,10,507.404257
42,8,507.41626
42,8,507.428262
42,8,507.440265
42,8,507.452268
42,8,507.46327
42,8,507.476273
42,8,507.487276
42,8,507.499284
42,8,507.511283
42,8,507.523286
42,8,507.534288
42,8,507.546291
42,8,507.558294
40,10,507.574297
42,8,507.5873
42,8,507.598303
40,10,507.611306
42,8,507.623308
42,8,507.635311
42,8,507.646314
42,8,507.658316
42,8,507.670319
42,8,507.682322
42,8,507.694324
42,8,507.706327
42,8,507.71733
42,8,507.729332
42,8,507.741336
40,10,507.756338
42,8,507.768473
42,8,507.780475
40,10,507.792479
42,8,507.804481
40,10,507.819484
42,8,507.831487
42,8,507.843489
42,8,507.854492
40,10,507.867495
42,8,507.880498
42,8,507.891501
42,8,507.903504
41,9,507.915506
42,8,507.927508
42,8,507.939511
42,8,507.951515
42,8,507.963516
42,8,507.975519
42,8,507.987522
42,8,507.999525
42,8,508.010527
42,8,508.02253
42,8,508.034533
42,8,508.046536
42,8,508.057538
42,8,508.06954
42,8,508.081543
42,8,508.092546
42,8,508.104548
42,8,508.116551
42,8,508.128554
42,8,508.140557
42,8,508.152559
42,8,508.164562
42,8,508.176565
42,8,508.187567
42,8,508.20057
42,8,508.211572
42,8,508.223575
42,8,508.236578
42,8,508.24758
42,8,508.259583
42,8,508.270594
42,8,508.282591
42,8,508.294594
42,8,508.305596
42,8,508.317599
40,10,508.333605
42,8,508.344607
42,8,508.35661
42,8,508.368612
42,8,508.379615
42,8,508.391618
42,8,508.404621
-58,8,508.416623
42,8,508.427626
42,8,508.439628
42,8,508.452631
42,8,508.464634
42,8,508.475636
42,8,508.486639
42,8,508.498641
42,8,508.511644
42,8,508.522647
42,8,508.533649
42,8,508.545652
42,8,508.557655
42,8,508.569658
42,8,508.58066
42,8,508.592663
42,8,508.604666
42,8,508.616668
42,8,508.628671
42,8,508.640674
42,8,508.653677
42,8,508.664679
42,8,508.676682
42,8,508.688684
42,8,508.700687
42,8,508.71269
42,8,508.724693
42,8,508.736696
42,8,508.748698
42,8,508.7597
42,8,508.771703
42,8,508.783706
42,8,508.794709
42,8,508.805711
42,8,508.817713
42,8,508.830716
42,8,508.841719
42,8,508.853722
42,8,508.866724
42,8,508.878727
42,8,508.89073
42,8,508.901733
42,8,508.915736
42,8,508.927739
42,8,508.939741
42,8,508.950743
42,8,508.962746
41,9,508.974749
42,8,508.986752
42,8,508.998754
42,8,509.009757
42,8,509.021761
42,8,509.033765
42,8,509.044767
42,8,509.056769
42,8,509.068772
42,8,509.081776
42,8,509.092777
42,8,509.10578
40,10,509.121784
42,8,509.132786
42,8,509.144789
42,8,509.156792
42,8,509.168794
42,8,509.180797
42,8,509.1918
42,8,509.203802
42,8,509.215805
42,8,509.227808
42,8,509.23881
42,8,509.250813
42,8,509.261815
42,8,509.273819
42,8,509.285821
42,8,509.297823
42,8,509.309827
42,8,509.32183
42,8,509.333832
42,8,509.346835
42,8,509.358838
42,8,509.36984
41,9,509.382843
42,8,509.394845
42,8,509.406848
40,10,509.419851
42,8,509.431854
42,8,509.444857
-56,6,509.454859
42,8,509.466861
42,8,509.477864
42,8,509.489867
42,8,509.500869
42,8,509.512872
42,8,509.524875
42,8,509.536877
42,8,509.54888
42,8,509.561884
42,8,509.573886
42,8,509.585888
42,8,509.597891
42,8,509.609895
42,8,509.621897
42,8,509.634899
42,8,509.646902
42,8,509.658905
42,8,509.669907
42,8,509.68291
42,8,509.694913
42,8,509.706916
42,8,509.717918
42,8,509.729921
42,8,509.740923
42,8,509.753926
42,8,509.764929
-56,6,509.772931
42,8,509.784933
42,8,509.795936
42,8,509.808939
42,8,509.820941
42,8,509.833944
42,8,509.844947
42,8,509.857951
42,8,509.869952
42,8,509.881955
42,8,509.892958
42,8,509.90496
42,8,509.916963
42,8,509.927966
42,8,509.938968
42,8,509.950971
42,8,509.962973
42,8,509.973976
42,8,509.985979
42,8,509.996981
42,8,510.009984
42,8,510.020987
42,8,510.03399
42,8,510.044992
42,8,510.057995
40,10,510.072998
42,8,510.085001
42,8,510.096004
42,8,510.108006
42,8,510.120009
42,8,510.132011
42,8,510.143014
42,8,510.155019
42,8,510.168021
42,8,510.179024
42,8,510.191027
42,8,510.202029
42,8,510.214033
42,8,510.226035
42,8,510.238038
42,8,510.25004
42,8,510.261042
40,10,510.274046
42,8,510.287048
42,8,510.299051
38,12,510.315055
42,8,510.328058
42,8,510.33906
42,8,510.352063
42,8,510.363065
42,8,510.376069
42,8,510.387071
42,8,510.399074
42,8,510.411076
42,8,510.423079
42,8,510.434081
42,8,510.446084
42,8,510.458087
42,8,510.47009
42,8,510.481092
42,8,510.493095
42,8,510.505097
42,8,510.5171
42,8,510.529103
42,8,510.541106
42,8,510.553108
42,8,510.564111
42,8,510.578117
42,8,510.59012
42,8,510.602123
42,8,510.614126
42,8,510.625128
42,8,510.63713
42,8,510.648133
42,8,510.660136
42,8,510.671138
42,8,510.683141
42,8,510.695143
42,8,510.706146
42,8,510.718149
42,8,510.730152
42,8,510.742155
42,8,510.754157
42,8,510.766159
42,8,510.779163
42,8,510.792166
42,8,510.803168
42,8,510.816171
42,8,510.828174
42,8,510.840176
40,10,510.85618
42,8,510.867182
42,8,510.879185
42,8,510.890188
42,8,510.902191
42,8,510.914193
42,8,510.926196
42,8,510.938198
42,8,510.950202
42,8,510.961203
42,8,510.973206
42,8,510.986209
42,8,510.997212
42,8,511.008214
42,8,511.021217
42,8,511.03422
42,8,511.045222
42,8,511.056225
42,8,511.069228
42,8,511.082231
42,8,511.093234
42,8,511.104236
42,8,511.116382
42,8,511.128385
42,8,511.139387
42,8,511.15139
42,8,511.162392
42,8,511.174395
42,8,511.186398
42,8,511.1974
42,8,511.209403
42,8,511.221406
42,8,511.233408
42,8,511.245411
42,8,511.257414
42,8,511.270423
42,8,511.281422
42,8,511.293425
42,8,511.305428
42,8,511.31743
42,8,511.329435
42,8,511.340438
42,8,511.35244
42,8,511.363444
42,8,511.375446
42,8,511.387448
42,8,511.398451
42,8,511.409454
40,10,511.423456
42,8,511.435459
42,8,511.446461
42,8,511.458465
42,8,511.469467
42,8,511.48247
42,8,511.494473
42,8,511.506475
42,8,511.518478
42,8,511.52948
42,8,511.541483
42,8,511.553486
42,8,511.565602
42,8,511.577605
42,8,511.589608
42,8,511.60161
42,8,511.612613
42,8,511.624616
42,8,511.636618
42,8,511.647621
42,8,511.659624
42,8,511.671626
42,8,511.683629
42,8,511.694632
42,8,511.706634
42,8,511.718637
42,8,511.72964
42,8,511.741642
42,8,511.753645
42,8,511.766648
42,8,511.778651
42,8,511.790653
42,8,511.802656
42,8,511.814659
42,8,511.826661
42,8,511.837664
42,8,511.848666
42,8,511.861669
42,8,511.872671
42,8,511.884675
42,8,511.895677
42,8,511.90768
42,8,511.918682
42,8,511.930685
42,8,511.942687
42,8,511.95569
42,8,511.967693
42,8,511.978695
42,8,511.990698
42,8,512.002701
42,8,512.014704
42,8,512.027707
42,8,512.039709
42,8,512.051712
42,8,512.062714
42,8,512.074717
42,8,512.08672
42,8,512.097722
42,8,512.109725
42,8,512.121728
42,8,512.133731
42,8,512.145733
42,8,512.156735
42,8,512.167738
42,8,512.180741
42,8,512.192744
42,8,512.204746
42,8,512.21775
42,8,512.230752
42,8,512.242755
42,8,512.253757
42,8,512.26676
42,8,512.278763
42,8,512.290766
42,8,512.301769
42,8,512.313771
42,8,512.325774
42,8,512.336776
42,8,512.347779
40,10,512.362784
42,8,512.374787
42,8,512.386789
42,8,512.398792
42,8,512.409794
42,8,512.421797
42,8,512.433915
42,8,512.444917
42,8,512.45692
42,8,512.469923
42,8,512.480925
42,8,512.492928
42,8,512.506931
42,8,512.518934
42,8,512.531937
42,8,512.542939
42,8,512.554942
42,8,512.566945
42,8,512.577947
42,8,512.58995
42,8,512.600953
42,8,512.612955
42,8,512.624958
42,8,512.636961
42,8,512.647963
42,8,512.660966
42,8,512.673969
42,8,512.685972
42,8,512.697974
42,8,512.709977
42,8,512.721979
42,8,512.733983
42,8,512.745985
42,8,512.757988
42,8,512.76999
42,8,512.780993
42,8,512.791995
42,8,512.804998
42,8,512.816001
42,8,512.827003
42,8,512.839006
42,8,512.850008
42,8,512.862141
42,8,512.87414
42,8,512.886142
42,8,512.897145
42,8,512.910148
42,8,512.92215
42,8,512.934153
42,8,512.946156
42,8,512.958158
42,8,512.969161
42,8,512.982164
42,8,512.993167
42,8,513.006169
42,8,513.017172
42,8,513.029175
42,8,513.040177
42,8,513.052181
42,8,513.064183
42,8,513.076185
42,8,513.088188
42,8,513.100191
42,8,513.111193
42,8,513.123196
42,8,513.136199
42,8,513.147201
42,8,513.159204
42,8,513.171206
42,8,513.183209
42,8,513.195212
42,8,513.207215
42,8,513.219218
42,8,513.23122
42,8,513.243223
42,8,513.255226
42,8,513.266228
-55,5,513.27323
42,8,513.284232
42,8,513.296235
42,8,513.308238
42,8,513.31924
42,8,513.331243
42,8,513.343245
42,8,513.354248
42,8,513.36625
42,8,513.378253
42,8,513.390256
42,8,513.402259
42,8,513.414261
42,8,513.425264
42,8,513.438267
42,8,513.449269
42,8,513.462272
42,8,513.473274
42,8,513.486277
42,8,513.49728
42,8,513.509283
42,8,513.521285
42,8,513.533288
42,8,513.544291
42,8,513.556293
42,8,513.568296
42,8,513.5803
40,10,513.596302
42,8,513.608305
42,8,513.620308
42,8,513.633311
42,8,513.645313
42,8,513.656318
42,8,513.66832
42,8,513.681324
42,8,513.692326
42,8,513.704329
42,8,513.717332
42,8,513.728334
42,8,513.739336
42,8,513.751339
42,8,513.763342
42,8,513.775345
42,8,513.786347
42,8,513.79835
42,8,513.810353
42,8,513.821355
42,8,513.833358
42,8,513.84536
40,10,513.859364
42,8,513.872366
42,8,513.884369
42,8,513.895372
42,8,513.908375
42,8,513.920377
40,10,513.93538
42,8,513.947384
42,8,513.958386
42,8,513.970388
40,10,513.983392
42,8,513.995394
42,8,514.006397
42,8,514.018399
42,8,514.030402
42,8,514.044405
42,8,514.057408
42,8,514.07041
42,8,514.084417
42,8,514.098423
42,8,514.112426
42,8,514.125429
42,8,514.138432
42,8,514.151434
42,8,514.163437
40,10,514.181441
42,8,514.194444
42,8,514.207447
42,8,514.22145
42,8,514.234621
42,8,514.246626
42,8,514.258628
42,8,514.271631
42,8,514.284635
42,8,514.297639
42,8,514.309644
42,8,514.321646
42,8,514.333649
42,8,514.345652
42,8,514.357654
42,8,514.369657
42,8,514.38166
42,8,514.393662
42,8,514.404665
42,8,514.417668
42,8,514.429671
42,8,514.441674
42,8,514.453676
42,8,514.464678
42,8,514.476681
42,8,514.487684
42,8,514.499686
42,8,514.510689
42,8,514.523692
42,8,514.533694
42,8,514.546697
42,8,514.557699
42,8,514.570702
42,8,514.581705
42,8,514.593708
42,8,514.60571
42,8,514.617713
42,8,514.628715
42,8,514.640718
42,8,514.653721
-55,5,514.659722
42,8,514.672725
42,8,514.684728
42,8,514.696731
42,8,514.708734
42,8,514.720736
42,8,514.731739
42,8,514.742741
42,8,514.754744
42,8,514.766746
42,8,514.778749
42,8,514.789752
42,8,514.801754
42,8,514.813757
42,8,514.82476
42,8,514.835762
42,8,514.848765
42,8,514.859768
42,8,514.87077
42,8,514.882773
42,8,514.895776
42,8,514.907778
42,8,514.918781
42,8,514.930784
42,8,514.942786
42,8,514.954789
42,8,514.965791
42,8,514.977794
42,8,514.988796
42,8,515.0008
42,8,515.011801
42,8,515.023807
42,8,515.035809
42,8,515.047812
42,8,515.058815
42,8,515.070817
42,8,515.08282
42,8,515.094823
42,8,515.105825
42,8,515.118828
42,8,515.130831
42,8,515.142834
42,8,515.154836
42,8,515.166839
42,8,515.177842
42,8,515.188844
40,10,515.202847
42,8,515.21385
42,8,515.226852
42,8,515.237855
42,8,515.249858
42,8,515.26186
42,8,515.272863
42,8,515.284865
42,8,515.295868
42,8,515.308871
42,8,515.319874
42,8,515.330876
42,8,515.342879
40,10,515.358885
42,8,515.370888
42,8,515.38289
42,8,515.395893
40,10,515.408898
42,8,515.420901
42,8,515.432904
42,8,515.444906
42,8,515.456909
42,8,515.468912
40,10,515.484915
42,8,515.496918
42,8,515.507921
42,8,515.519923
42,8,515.530926
42,8,515.541928
42,8,515.554931
42,8,515.567934
42,8,515.580937
42,8,515.59294
42,8,515.603942
42,8,515.616945
42,8,515.627948
42,8,515.63995
42,8,515.650953
42,8,515.663956
42,8,515.674958
42,8,515.686961
42,8,515.698963
42,8,515.710966
42,8,515.722969
42,8,515.73562
42,8,515.746619
42,8,515.758622
42,8,515.770624
42,8,515.783628
42,8,515.79563
42,8,515.807634
42,8,515.819725
42,8,515.832727
-55,5,515.838728
42,8,515.851732
42,8,515.863734
42,8,515.875737
42,8,515.886739
42,8,515.898742
42,8,515.910745
42,8,515.921748
42,8,515.932749
42,8,515.944752
42,8,515.956755
42,8,515.967757
42,8,515.97976
42,8,515.990762
42,8,516.002765
42,8,516.013768
42,8,516.025773
42,8,516.037919
42,8,516.049921
42,8,516.060924
42,8,516.072926
42,8,516.084929
42,8,516.096933
42,8,516.108934
42,8,516.121938
40,10,516.136941
42,8,516.148944
42,8,516.159946
40,10,516.172948
42,8,516.184952
42,8,516.196954
42,8,516.208958
42,8,516.219959
42,8,516.231962
42,8,516.243965
42,8,516.255968
42,8,516.26797
42,8,516.279973
42,8,516.291976
42,8,516.303978
42,8,516.314981
42,8,516.326984
42,8,516.338986
42,8,516.349989
42,8,516.361991
42,8,516.373994
42,8,516.385997
42,8,516.396999
42,8,516.409003
42,8,516.421005
42,8,516.433008
42,8,516.44401
42,8,516.455012
42,8,516.467015
42,8,516.479018
42,8,516.49002
-56,6,516.500022
42,8,516.512026
42,8,516.524028
42,8,516.536031
42,8,516.548033
42,8,516.561036
42,8,516.572038
42,8,516.585042
42,8,516.597044
42,8,516.608047
42,8,516.619049
42,8,516.631052
42,8,516.643055
42,8,516.654057
42,8,516.66606
42,8,516.678063
42,8,516.690065
42,8,516.701068
42,8,516.71207
42,8,516.725074
42,8,516.736076
42,8,516.748078
42,8,516.760081
42,8,516.772084
42,8,516.784086
41,9,516.796089
42,8,516.807092
42,8,516.820095
31,19,516.847101
42,8,516.859104
42,8,516.870106
42,8,516.882109
42,8,516.893111
42,8,516.904113
42,8,516.916116
42,8,516.928119
42,8,516.939121
42,8,516.951124
42,8,516.963127
42,8,516.975261
42,8,516.986263
42,8,516.999266
42,8,517.011268
42,8,517.021271
42,8,517.033273
42,8,517.045276
42,8,517.056278
40,10,517.070282
42,8,517.081284
42,8,517.093287
42,8,517.10529
42,8,517.117293
42,8,517.128295
42,8,517.139297
-58,8,517.1513
42,8,517.162305
42,8,517.174308
42,8,517.18631
42,8,517.198313
42,8,517.209315
42,8,517.221318
42,8,517.234321
42,8,517.245324
42,8,517.256326
42,8,517.268329
42,8,517.280332
42,8,517.291334
42,8,517.303337
42,8,517.31534
42,8,517.326342
42,8,517.337344
42,8,517.349347
42,8,517.36135
42,8,517.372352
42,8,517.383355
42,8,517.395357
42,8,517.40736
42,8,517.418363
42,8,517.430365
42,8,517.441368
42,8,517.453371
42,8,517.464373
40,10,517.480376
42,8,517.492379
42,8,517.504382
42,8,517.516385
42,8,517.528387
41,9,517.54039
42,8,517.551393
42,8,517.562395
42,8,517.574398
42,8,517.5854
42,8,517.597403
42,8,517.609406
42,8,517.621408
42,8,517.632411
42,8,517.644414
42,8,517.656416
42,8,517.668419
42,8,517.680422
42,8,517.691424
42,8,517.702427
42,8,517.715429
40,10,517.729433
42,8,517.741435
40,10,517.756439
42,8,517.768441
42,8,517.780444
42,8,517.791582
42,8,517.803585
42,8,517.814587
42,8,517.82659
42,8,517.838593
42,8,517.849595
42,8,517.8616
39,11,517.877603
22,28,517.918614
38,12,517.936619
42,8,517.949621
42,8,517.960624
42,8,517.972626
42,8,517.984629
42,8,517.996632
42,8,518.007635
42,8,518.019637
42,8,518.030639
42,8,518.041642
42,8,518.053644
42,8,518.064647
42,8,518.07765
42,8,518.088652
42,8,518.099655
42,8,518.111661
42,8,518.123664
42,8,518.134666
42,8,518.146668
42,8,518.158671
42,8,518.170675
42,8,518.182677
42,8,518.194679
42,8,518.206682
42,8,518.217685
42,8,518.229687
42,8,518.241691
42,8,518.253693
42,8,518.264695
42,8,518.276698
42,8,518.2877
42,8,518.299703
42,8,518.311706
42,8,518.322862
42,8,518.333864
42,8,518.345867
42,8,518.357869
42,8,518.369872
42,8,518.381875
42,8,518.392877
42,8,518.40388
42,8,518.416883
42,8,518.428885
42,8,518.439888
42,8,518.45189
41,9,518.463893
42,8,518.475896
42,8,518.487899
42,8,518.498901
42,8,518.509904
42,8,518.521907
42,8,518.533909
42,8,518.546912
42,8,518.557915
42,8,518.569918
42,8,518.58092
42,8,518.592922
42,8,518.604925
42,8,518.616927
42,8,518.62893
42,8,518.640933
42,8,518.653936
42,8,518.664938
42,8,518.676941
42,8,518.688944
42,8,518.700946
42,8,518.71295
42,8,518.723952
42,8,518.735955
42,8,518.748957
42,8,518.75896
42,8,518.770962
42,8,518.782965
42,8,518.794968
42,8,518.80597
-23,73,518.909994
42,8,518.922997
40,10,518.939
42,8,518.950003
42,8,518.962005
42,8,518.973008
42,8,518.986012
42,8,518.997015
42,8,519.008018
42,8,519.02002
42,8,519.032023
42,8,519.044026
42,8,519.056029
42,8,519.068031
42,8,519.079034
42,8,519.090036
42,8,519.102039
42,8,519.114042
42,8,519.125044
42,8,519.137047
42,8,519.148049
42,8,519.161052
42,8,519.172055
42,8,519.184057
42,8,519.19606
42,8,519.209064
42,8,519.220066
41,9,519.233068
42,8,519.245071
42,8,519.257075
42,8,519.268076
42,8,519.280079
42,8,519.292082
42,8,519.305085
42,8,519.316087
42,8,519.32809
42,8,519.339092
42,8,519.351096
42,8,519.362098
42,8,519.3741
42,8,519.387103
42,8,519.398106
42,8,519.410108
42,8,519.421111
42,8,519.433114
42,8,519.445117
42,8,519.456119
42,8,519.468121
42,8,519.480124
42,8,519.491127
42,8,519.503129
42,8,519.515132
42,8,519.526135
42,8,519.538137
42,8,519.55014
42,8,519.562143
42,8,519.573145
42,8,519.585148
42,8,519.59615
40,10,519.609153
42,8,519.621156
42,8,519.634159
42,8,519.646161
42,8,519.658164
42,8,519.669167
42,8,519.68117
42,8,519.693291
42,8,519.705294
41,9,519.720297
42,8,519.7313
40,10,519.745303
42,8,519.757306
42,8,519.769308
42,8,519.781313
42,8,519.792315
42,8,519.804318
42,8,519.815321
42,8,519.826323
42,8,519.838326
42,8,519.850328
42,8,519.861331
42,8,519.874334
42,8,519.885336
42,8,519.897339
42,8,519.908341
40,10,519.924345
42,8,519.937348
42,8,519.949351
42,8,519.960353
42,8,519.972356
42,8,519.983358
42,8,519.995361
42,8,520.006364
42,8,520.018366
42,8,520.030369
42,8,520.041371
42,8,520.053374
42,8,520.065377
42,8,520.076379
42,8,520.089382
42,8,520.100384
42,8,520.112387
42,8,520.12339
42,8,520.135393
42,8,520.146395
42,8,520.159398
42,8,520.171401
42,8,520.183403
42,8,520.194406
-56,6,520.202408
42,8,520.21341
42,8,520.224413
42,8,520.235415
42,8,520.248418
42,8,520.259421
42,8,520.271423
42,8,520.282426
42,8,520.294428
42,8,520.305431
42,8,520.317434
42,8,520.329436
42,8,520.341439
42,8,520.353441
42,8,520.365444
42,8,520.377447
42,8,520.38945
42,8,520.401453
42,8,520.413455
42,8,520.425458
42,8,520.438461
42,8,520.449464
42,8,520.461466
42,8,520.472468
42,8,520.484471
42,8,520.495474
42,8,520.507477
42,8,520.520479
42,8,520.531482
42,8,520.542485
42,8,520.554487
42,8,520.566489
42,8,520.577492
42,8,520.589495
42,8,520.601498
42,8,520.6135
42,8,520.625503
42,8,520.637506
42,8,520.648508
42,8,520.661511
42,8,520.673514
42,8,520.684516
42,8,520.696519
42,8,520.708522
42,8,520.719524
42,8,520.732527
42,8,520.743529
42,8,520.755532
42,8,520.766535
42,8,520.778537
42,8,520.79054
42,8,520.802544
42,8,520.814546
42,8,520.826548
42,8,520.838551
42,8,520.850554
42,8,520.861556
42,8,520.873559
42,8,520.885562
40,10,520.901565
42,8,520.912568
42,8,520.92357
42,8,520.935572
42,8,520.947575
-58,8,520.958578
42,8,520.970581
42,8,520.981583
42,8,520.992586
42,8,521.004588
42,8,521.016591
42,8,521.028593
42,8,521.040596
42,8,521.052599
42,8,521.063601
42,8,521.075604
42,8,521.087607
42,8,521.10061
42,8,521.111612
42,8,521.123615
42,8,521.135618
42,8,521.14662
42,8,521.158623
42,8,521.169625
42,8,521.180628
42,8,521.192631
42,8,521.205634
42,8,521.216636
42,8,521.228639
42,8,521.240643
42,8,521.252646
42,8,521.264649
42,8,521.275651
42,8,521.287654
42,8,521.300657
42,8,521.31166
42,8,521.323662
42,8,521.335665
40,10,521.349668
42,8,521.361671
42,8,521.372673
42,8,521.384676
42,8,521.396679
42,8,521.407681
42,8,521.419684
42,8,521.431687
42,8,521.442689
42,8,521.453692
42,8,521.466694
42,8,521.477697
42,8,521.4897
42,8,521.501702
42,8,521.513705
42,8,521.526708
42,8,521.538711
42,8,521.549713
42,8,521.561716
42,8,521.573719
42,8,521.585722
42,8,521.596724
-54,4,521.602725
-54,4,521.608729
42,8,521.620731
42,8,521.632734
42,8,521.644737
42,8,521.656739
42,8,521.668742
42,8,521.679744
42,8,521.690747
42,8,521.70375
42,8,521.714752
42,8,521.725755
42,8,521.737757
42,8,521.750761
42,8,521.761763
42,8,521.772765
42,8,521.784768
42,8,521.796771
42,8,521.807773
42,8,521.819776
42,8,521.831779
42,8,521.843782
42,8,521.854784
42,8,521.865786
42,8,521.877789
42,8,521.888792
42,8,521.900794
42,8,521.911797
42,8,521.923799
42,8,521.934802
42,8,521.946805
42,8,521.957807
42,8,521.96981
42,8,521.980812
42,8,521.993819
42,8,522.005821
42,8,522.016824
42,8,522.027826
42,8,522.039829
42,8,522.051832
42,8,522.063835
42,8,522.074837
42,8,522.086839
42,8,522.098842
42,8,522.109845
42,8,522.121848
42,8,522.13285
40,10,522.147853
42,8,522.159856
42,8,522.171858
42,8,522.182861
42,8,522.194864
42,8,522.206867
42,8,522.218869
42,8,522.230872
42,8,522.242874
42,8,522.253877
42,8,522.26488
42,8,522.276882
42,8,522.288885
42,8,522.299887
42,8,522.31189
42,8,522.323893
40,10,522.336895
42,8,522.347898
42,8,522.360901
42,8,522.375905
42,8,522.390908
42,8,522.404911
42,8,522.420043
42,8,522.436046
42,8,522.45305
42,8,522.469054
42,8,522.484057
42,8,522.50006
42,8,522.516064
42,8,522.531067
42,8,522.546071
42,8,522.560074
42,8,522.574077
42,8,522.58908
42,8,522.604085
42,8,522.618087
42,8,522.63309
42,8,522.648094
42,8,522.664097
42,8,522.680101
42,8,522.694106
42,8,522.708109
42,8,522.724114
42,8,522.739118
42,8,522.754122
40,10,522.775126
42,8,522.79213
42,8,522.807254
42,8,522.822258
42,8,522.837263
42,8,522.852266
42,8,522.865269
42,8,522.881273
42,8,522.895276
18,32,522.952289
40,10,522.968292
42,8,522.984296
42,8,522.9993
42,8,523.015303
42,8,523.031307
42,8,523.04631
42,8,523.060313
42,8,523.074317
42,8,523.088319
42,8,523.104328
42,8,523.119331
42,8,523.134334
42,8,523.149338
42,8,523.162341
42,8,523.176343
42,8,523.191347
42,8,523.20635
42,8,523.221354
41,9,523.236357
42,8,523.25136
42,8,523.266364
40,10,523.286369
42,8,523.301372
42,8,523.316375
42,8,523.330379
42,8,523.344381
42,8,523.358385
42,8,523.371387
41,9,523.386392
42,8,523.399394
42,8,523.414397
42,8,523.4284
42,8,523.442406
42,8,523.456409
41,9,523.472412
42,8,523.488418
42,8,523.504421
42,8,523.521425
42,8,523.536428
42,8,523.551432
42,8,523.567435
40,10,523.58544
42,8,523.599443
40,10,523.614446
42,8,523.627449
42,8,523.641453
42,8,523.655456
42,8,523.670459
42,8,523.685462
42,8,523.700466
42,8,523.714468
42,8,523.730472
42,8,523.745476
42,8,523.760479
42,8,523.776609
42,8,523.792614
42,8,523.807617
42,8,523.82262
42,8,523.838624
42,8,523.853627
42,8,523.86663
42,8,523.880633
42,8,523.894636
42,8,523.91064
42,8,523.925643
42,8,523.939646
42,8,523.95565
42,8,523.970653
42,8,523.985657
42,8,524.00166
42,8,524.016664
42,8,524.032667
42,8,524.047671
42,8,524.062674
42,8,524.077677
42,8,524.092681
42,8,524.106684
42,8,524.120688
42,8,524.13469
42,8,524.149694
42,8,524.165697
42,8,524.180701
42,8,524.196706
42,8,524.21171
42,8,524.225713
42,8,524.241716
40,10,524.25972
42,8,524.275724
42,8,524.29173
42,8,524.306734
42,8,524.32174
42,8,524.336744
42,8,524.349746
42,8,524.36675
42,8,524.380753
42,8,524.395757
42,8,524.40976
42,8,524.423763
42,8,524.438766
42,8,524.45377
42,8,524.468773
42,8,524.484777
42,8,524.501781
42,8,524.516784
42,8,524.531787
42,8,524.547791
42,8,524.562794
42,8,524.576797
42,8,524.590801
42,8,524.606804
42,8,524.620808
42,8,524.635811
42,8,524.650814
42,8,524.663817
42,8,524.67782
42,8,524.692824
42,8,524.707826
42,8,524.723831
42,8,524.739834
42,8,524.755838
42,8,524.770841
42,8,524.785845
42,8,524.799848
40,10,524.815851
42,8,524.829855
42,8,524.844858
42,8,524.859861
42,8,524.874864
42,8,524.888868
42,8,524.902871
40,10,524.922875
42,8,524.938879
42,8,524.953882
42,8,524.969886
42,8,524.985889
42,8,525.000895
-56,6,525.008897
42,8,525.024901
42,8,525.038903
42,8,525.053907
42,8,525.06891
42,8,525.083914
33,17,525.11392
42,8,525.130924
42,8,525.145055
42,8,525.160058
42,8,525.176062
42,8,525.191066
42,8,525.205069
42,8,525.219071
42,8,525.234075
41,9,525.249078
15,35,525.312094
38,12,525.333099
42,8,525.348102
42,8,525.361105
42,8,525.375108
42,8,525.390112
8,42,525.465129
42,8,525.480132
42,8,525.496136
42,8,525.512139
42,8,525.526142
42,8,525.541146
42,8,525.556149
40,10,525.574153
42,8,525.590157
42,8,525.606162
42,8,525.621166
42,8,525.635169
42,8,525.651172
42,8,525.667177
42,8,525.681182
42,8,525.695184
42,8,525.710187
42,8,525.725191
42,8,525.740194
42,8,525.7562
42,8,525.772203
40,10,525.789207
42,8,525.805211
42,8,525.820215
42,8,525.834218
42,8,525.849221
42,8,525.863224
42,8,525.878227
42,8,525.893231
42,8,525.908234
42,8,525.921237
42,8,525.93524
42,8,525.949243
42,8,525.965247
42,8,525.981251
42,8,525.997254
42,8,526.013258
40,10,526.035265
42,8,526.050268
42,8,526.066272
42,8,526.079275
40,10,526.094278
42,8,526.108282
42,8,526.123285
42,8,526.137288
42,8,526.152291
42,8,526.167295
42,8,526.182298
42,8,526.196301
42,8,526.213305
42,8,526.228308
42,8,526.243312
42,8,526.257316
42,8,526.273319
42,8,526.287322
42,8,526.301325
42,8,526.316328
42,8,526.331331
42,8,526.345335
42,8,526.359338
42,8,526.373341
42,8,526.388344
42,8,526.402348
42,8,526.417351
42,8,526.432355
42,8,526.446358
42,8,526.461361
42,8,526.477365
42,8,526.492368
42,8,526.508497
42,8,526.524501
42,8,526.539504
42,8,526.555508
42,8,526.569511
42,8,526.581513
42,8,526.593516
42,8,526.604519
42,8,526.616521
42,8,526.627524
42,8,526.640527
42,8,526.65153
42,8,526.664532
42,8,526.676535
42,8,526.689538
42,8,526.70054
42,8,526.713543
42,8,526.724546
42,8,526.737549
42,8,526.749551
42,8,526.761554
42,8,526.772556
42,8,526.784559
40,10,526.800563
42,8,526.811565
42,8,526.822568
42,8,526.83457
42,8,526.846573
42,8,526.858576
42,8,526.869578
42,8,526.881581
42,8,526.892583
41,9,526.905586
42,8,526.916589
42,8,526.929592
42,8,526.941595
41,9,526.953598
42,8,526.9666
42,8,526.978603
42,8,526.990606
42,8,527.001608
42,8,527.013611
42,8,527.025614
42,8,527.037616
42,8,527.049619
42,8,527.060621
42,8,527.072624
42,8,527.084628
42,8,527.095629
42,8,527.107634
42,8,527.119637
42,8,527.130639
42,8,527.142642
42,8,527.154644
42,8,527.166647
42,8,527.17765
42,8,527.190653
42,8,527.202656
42,8,527.215658
42,8,527.226661
42,8,527.238663
42,8,527.251666
42,8,527.263669
42,8,527.275672
42,8,527.286674
42,8,527.297677
42,8,527.30968
42,8,527.321682
42,8,527.333685
42,8,527.345687
42,8,527.35669
42,8,527.368692
41,9,527.380696
42,8,527.392698
42,8,527.404701
42,8,527.416703
42,8,527.428707
42,8,527.440709
42,8,527.452711
42,8,527.463714
42,8,527.476717
42,8,527.48872
42,8,527.500722
42,8,527.511725
42,8,527.524728
42,8,527.536731
42,8,527.547734
42,8,527.558736
42,8,527.570738
42,8,527.581741
42,8,527.593743
42,8,527.605746
42,8,527.617749
42,8,527.629751
42,8,527.640754
42,8,527.653757
42,8,527.665759
42,8,527.677762
42,8,527.688765
42,8,527.700768
42,8,527.71377
42,8,527.725773
42,8,527.736776
42,8,527.748778
42,8,527.761781
42,8,527.772784
42,8,527.783786
42,8,527.796789
42,8,527.808792
42,8,527.820923
42,8,527.832926
42,8,527.844929
42,8,527.856933
42,8,527.868936
42,8,527.879939
42,8,527.891941
42,8,527.904944
42,8,527.916947
42,8,527.92895
42,8,527.940953
42,8,527.952955
42,8,527.964958
42,8,527.976961
42,8,527.987963
42,8,527.999966
42,8,528.011968
42,8,528.022971
42,8,528.034973
-54,4,528.040976
42,8,528.052978
42,8,528.06398
42,8,528.075983
42,8,528.087985
42,8,528.099988
42,8,528.110991
42,8,528.123994
42,8,528.136997
42,8,528.147999
42,8,528.159002
42,8,528.172004
42,8,528.185008
42,8,528.19601
42,8,528.209013
42,8,528.221015
42,8,528.233018
42,8,528.244021
42,8,528.256023
42,8,528.267026
42,8,528.280029
42,8,528.291032
42,8,528.303034
40,10,528.319037
42,8,528.33104
42,8,528.342044
42,8,528.353045
42,8,528.366048
42,8,528.377051
42,8,528.389053
42,8,528.401056
42,8,528.412059
42,8,528.424061
42,8,528.436064
42,8,528.448067
42,8,528.460069
42,8,528.472072
42,8,528.483074
42,8,528.495077
42,8,528.50708
42,8,528.519083
42,8,528.530088
42,8,528.54209
42,8,528.553092
42,8,528.565096
42,8,528.577098
42,8,528.589101
42,8,528.601104
42,8,528.612106
42,8,528.624109
42,8,528.636111
42,8,528.649114
42,8,528.661117
42,8,528.67312
42,8,528.685122
42,8,528.696125
42,8,528.708128
42,8,528.71913
42,8,528.732133
42,8,528.743135
42,8,528.755139
42,8,528.76614
42,8,528.778143
42,8,528.790146
42,8,528.802149
42,8,528.814152
42,8,528.826154
42,8,528.839157
42,8,528.85016
40,10,528.863163
42,8,528.876165
42,8,528.888168
42,8,528.900171
42,8,528.912174
42,8,528.924177
42,8,528.936179
42,8,528.947181
42,8,528.959184
42,8,528.971187
42,8,528.98319
42,8,528.994192
42,8,529.005194
42,8,529.017197
42,8,529.0292
42,8,529.040202
42,8,529.052205
42,8,529.064208
42,8,529.07621
42,8,529.088213
42,8,529.100216
42,8,529.112219
40,10,529.127222
42,8,529.139225
42,8,529.151227
42,8,529.16323
42,8,529.174232
42,8,529.187235
42,8,529.198238
42,8,529.210241
42,8,529.222243
42,8,529.233246
42,8,529.245249
42,8,529.256251
42,8,529.269254
42,8,529.280257
42,8,529.292259
42,8,529.304262
42,8,529.317265
42,8,529.328267
42,8,529.34027
42,8,529.351273
42,8,529.364275
41,9,529.375278
42,8,529.388281
42,8,529.400283
42,8,529.412286
42,8,529.423289
42,8,529.435291
-56,6,529.445294
42,8,529.456296
42,8,529.468298
42,8,529.480302
42,8,529.491304
42,8,529.502306
42,8,529.515309
42,8,529.526312
42,8,529.537314
42,8,529.549317
42,8,529.56332
42,8,529.575323
42,8,529.587326
42,8,529.598328
40,10,529.612331
42,8,529.624335
42,8,529.636337
42,8,529.647339
42,8,529.659156
42,8,529.671158
42,8,529.682162
42,8,529.693163
42,8,529.705166
42,8,529.717169
41,9,529.729172
42,8,529.741174
42,8,529.753177
42,8,529.764179
42,8,529.776182
42,8,529.789185
42,8,529.801188
42,8,529.81319
42,8,529.825193
42,8,529.836195
42,8,529.850199
42,8,529.862201
42,8,529.874205
42,8,529.885207
42,8,529.897209
42,8,529.909212
42,8,529.920214
42,8,529.932217
42,8,529.94422
42,8,529.956223
42,8,529.967225
42,8,529.979228
42,8,529.991231
42,8,530.003233
42,8,530.014236
42,8,530.026241
42,8,530.039243
42,8,530.051246
42,8,530.063249
42,8,530.075253
42,8,530.087256
42,8,530.100259
42,8,530.111261
42,8,530.123264
42,8,530.135267
42,8,530.14827
42,8,530.158272
40,10,530.174276
42,8,530.187279
42,8,530.199281
42,8,530.210284
42,8,530.221286
42,8,530.233289
42,8,530.246292
42,8,530.257294
42,8,530.270297
42,8,530.2823
42,8,530.294302
42,8,530.306306
42,8,530.317308
42,8,530.32931
42,8,530.341313
42,8,530.353316
42,8,530.364318
42,8,530.376321
42,8,530.388324
42,8,530.399326
42,8,530.411329
42,8,530.423331
42,8,530.435334
42,8,530.446337
42,8,530.458339
42,8,530.470342
42,8,530.481344
42,8,530.493347
42,8,530.50535
42,8,530.518353
42,8,530.529356
42,8,530.542359
42,8,530.555361
42,8,530.567364
42,8,530.579366
42,8,530.591369
42,8,530.603498
42,8,530.6145
42,8,530.626503
42,8,530.638505
42,8,530.650508
42,8,530.661511
42,8,530.673514
42,8,530.684516
42,8,530.696519
42,8,530.708522
42,8,530.720524
42,8,530.732527
42,8,530.74553
42,8,530.757533
42,8,530.769535
42,8,530.780538
42,8,530.79354
42,8,530.805543
42,8,530.817545
42,8,530.829549
42,8,530.840552
42,8,530.853554
42,8,530.864557
42,8,530.876559
42,8,530.891562
42,8,530.903565
40,10,530.916568
42,8,530.928571
42,8,530.940574
42,8,530.952576
42,8,530.964579
42,8,530.977582
42,8,530.989585
41,9,531.006589
42,8,531.020591
42,8,531.033594
40,10,531.046597
42,8,531.0596
42,8,531.071603
42,8,531.083606
42,8,531.094608
42,8,531.107612
42,8,531.118613
40,10,531.134617
42,8,531.14662
42,8,531.159623
42,8,531.170625
42,8,531.182628
42,8,531.194631
42,8,531.207634
42,8,531.219636
42,8,531.230639
42,8,531.242642
42,8,531.255644
42,8,531.267647
42,8,531.27865
42,8,531.290653
42,8,531.303789
42,8,531.315792
-58,8,531.326795
42,8,531.337797
42,8,531.3508
42,8,531.361803
42,8,531.373805
42,8,531.384807
42,8,531.39781
42,8,531.409813
42,8,531.420816
42,8,531.432818
42,8,531.444821
42,8,531.456824
42,8,531.467826
42,8,531.479829
42,8,531.492832
42,8,531.504835
40,10,531.517837
42,8,531.52884
42,8,531.541843
42,8,531.553845
42,8,531.565848
42,8,531.576851
42,8,531.588854
42,8,531.600856
42,8,531.611859
42,8,531.622861
42,8,531.634864
42,8,531.646867
42,8,531.65787
42,8,531.669872
42,8,531.682875
42,8,531.693877
42,8,531.70588
42,8,531.718883
42,8,531.730885
42,8,531.743889
42,8,531.754891
42,8,531.767894
42,8,531.779896
42,8,531.791899
42,8,531.803902
42,8,531.814904
42,8,531.826907
42,8,531.83891
42,8,531.849912
42,8,531.861915
42,8,531.872917
42,8,531.88592
42,8,531.896923
42,8,531.909926
42,8,531.921929
42,8,531.933931
42,8,531.944934
42,8,531.957079
42,8,531.970081
42,8,531.982084
42,8,531.994087
42,8,532.006089
42,8,532.017092
42,8,532.030095
42,8,532.041097
42,8,532.0531
42,8,532.065103
41,9,532.078106
42,8,532.089108
42,8,532.101111
42,8,532.113114
42,8,532.125116
42,8,532.136119
42,8,532.148122
42,8,532.160124
42,8,532.171127
42,8,532.183129
40,10,532.199133
42,8,532.211136
42,8,532.223139
42,8,532.236141
42,8,532.247144
42,8,532.259146
40,10,532.27215
42,8,532.284152
39,11,532.301156
42,8,532.312158
42,8,532.324162
42,8,532.335164
42,8,532.347167
42,8,532.359169
42,8,532.371172
42,8,532.383175
42,8,532.395177
42,8,532.40718
42,8,532.419183
42,8,532.431185
42,8,532.443188
42,8,532.455191
42,8,532.467193
42,8,532.479196
42,8,532.490199
42,8,532.502202
42,8,532.514204
42,8,532.526206
42,8,532.53821
42,8,532.549212
42,8,532.561214
42,8,532.573217
42,8,532.58422
42,8,532.596222
42,8,532.607227
42,8,532.61923
42,8,532.630232
42,8,532.642235
42,8,532.655238
42,8,532.666241
42,8,532.678243
42,8,532.691246
42,8,532.703248
42,8,532.715251
42,8,532.726254
42,8,532.739257
42,8,532.751259
42,8,532.763262
42,8,532.775265
42,8,532.787268
42,8,532.79927
18,32,532.844408
42,8,532.856411
42,8,532.867413
42,8,532.878416
42,8,532.890419
-52,2,532.894419
42,8,532.907422
40,10,532.920425
42,8,532.932428
42,8,532.945431
42,8,532.957434
42,8,532.969436
42,8,532.980438
42,8,532.992441
42,8,533.004444
42,8,533.016447
6,44,533.07646
42,8,533.089463
42,8,533.100465
42,8,533.112469
42,8,533.123471
42,8,533.135473
42,8,533.147476
42,8,533.159479
42,8,533.171482
42,8,533.182484
42,8,533.195487
42,8,533.206489
42,8,533.218492
42,8,533.230495
42,8,533.242497
42,8,533.2535
42,8,533.265503
42,8,533.276505
42,8,533.288509
42,8,533.29951
42,8,533.311513
42,8,533.323516
42,8,533.334518
42,8,533.34665
42,8,533.358654
42,8,533.370656
42,8,533.381658
42,8,533.393661
42,8,533.404663
42,8,533.416666
42,8,533.428668
42,8,533.439671
42,8,533.451674
42,8,533.462677
42,8,533.474679
32,18,533.501685
40,10,533.513688
32,18,533.540694
42,8,533.553697
42,8,533.564699
42,8,533.576702
42,8,533.588705
42,8,533.600707
42,8,533.61271
42,8,533.624713
42,8,533.636715
42,8,533.648718
42,8,533.660721
42,8,533.672724
42,8,533.684726
42,8,533.696729
42,8,533.707731
42,8,533.720734
42,8,533.731737
42,8,533.742739
42,8,533.754742
42,8,533.766744
42,8,533.777747
42,8,533.78975
42,8,533.801752
42,8,533.812755
42,8,533.823758
42,8,533.83576
42,8,533.846762
42,8,533.859766
42,8,533.871768
42,8,533.883771
42,8,533.894773
40,10,533.907777
38,12,533.92478
42,8,533.937783
42,8,533.949786
42,8,533.961788
42,8,533.972791
42,8,533.984794
42,8,533.995796
24,26,534.034805
42,8,534.046808
42,8,534.05881
42,8,534.069813
42,8,534.081815
42,8,534.092818
42,8,534.105821
42,8,534.116823
42,8,534.128826
42,8,534.139828
42,8,534.152832
42,8,534.164834
42,8,534.175837
42,8,534.18784
42,8,534.199843
42,8,534.210845
42,8,534.221847
42,8,534.23397
42,8,534.245972
42,8,534.256975
42,8,534.268978
42,8,534.28098
42,8,534.291983
42,8,534.303985
42,8,534.314988
42,8,534.326991
41,9,534.338993
42,8,534.350996
42,8,534.362999
42,8,534.374002
42,8,534.386004
42,8,534.398006
42,8,534.41001
42,8,534.422012
42,8,534.433015
42,8,534.445017
42,8,534.45702
42,8,534.468023
42,8,534.480025
42,8,534.491028
42,8,534.503031
42,8,534.514033
42,8,534.527036
42,8,534.538039
42,8,534.550041
42,8,534.563044
42,8,534.575047
42,8,534.586049
42,8,534.598053
42,8,534.609054
42,8,534.621057
42,8,534.63306
42,8,534.645062
42,8,534.656065
42,8,534.668067
40,10,534.6812
42,8,534.693203
42,8,534.705205
42,8,534.717209
42,8,534.729211
42,8,534.740214
42,8,534.751216
42,8,534.763219
42,8,534.775222
40,10,534.790226
42,8,534.801227
42,8,534.81323
42,8,534.824233
42,8,534.836236
42,8,534.848238
40,10,534.862241
42,8,534.873243
42,8,534.885246
42,8,534.896249
42,8,534.908252
40,10,534.924255
42,8,534.936258
42,8,534.948261
42,8,534.960263
42,8,534.972266
42,8,534.983268
42,8,534.994271
42,8,535.006273
42,8,535.018277
42,8,535.030279
42,8,535.041281
42,8,535.053284
42,8,535.065287
42,8,535.07729
40,10,535.091293
42,8,535.103295
42,8,535.114298
42,8,535.1263
42,8,535.137303
42,8,535.149306
42,8,535.160308
42,8,535.172311
42,8,535.183313
42,8,535.195316
42,8,535.207319
42,8,535.218322
42,8,535.229324
42,8,535.241326
42,8,535.253329
42,8,535.264332
40,10,535.280335
42,8,535.292338
42,8,535.30434
42,8,535.315343
42,8,535.326345
42,8,535.339349
42,8,535.350351
42,8,535.362355
42,8,535.374357
42,8,535.386359
42,8,535.397362
42,8,535.409364
42,8,535.420367
42,8,535.432369
42,8,535.444372
42,8,535.455374
42,8,535.467377
42,8,535.47938
42,8,535.490384
42,8,535.501385
42,8,535.513388
42,8,535.525391
42,8,535.536393
42,8,535.548396
42,8,535.562399
42,8,535.574401
42,8,535.586405
42,8,535.598407
42,8,535.61141
42,8,535.622412
42,8,535.634416
42,8,535.645417
42,8,535.657423
42,8,535.669425
42,8,535.681428
42,8,535.69243
42,8,535.704435
42,8,535.716438
42,8,535.72744
42,8,535.739443
42,8,535.751446
42,8,535.763448
42,8,535.775451
42,8,535.786453
42,8,535.799457
42,8,535.811459
42,8,535.822462
42,8,535.834465
42,8,535.845467
42,8,535.85747
42,8,535.868472
42,8,535.880475
42,8,535.891478
42,8,535.90248
42,8,535.914482
42,8,535.925484
42,8,535.938488
42,8,535.94949
42,8,535.961493
42,8,535.973495
42,8,535.985498
42,8,535.997501
42,8,536.009504
42,8,536.020506
42,8,536.032655
42,8,536.044659
42,8,536.055661
42,8,536.067664
42,8,536.079667
42,8,536.09067
42,8,536.102672
42,8,536.113675
42,8,536.124677
42,8,536.13668
42,8,536.147682
42,8,536.159685
42,8,536.171688
42,8,536.183691
42,8,536.195693
42,8,536.206696
42,8,536.218698
42,8,536.230701
42,8,536.241704
42,8,536.253706
42,8,536.264709
42,8,536.277712
42,8,536.289714
42,8,536.301718
42,8,536.31272
42,8,536.324723
42,8,536.336725
42,8,536.348727
42,8,536.35973
42,8,536.371733
42,8,536.383736
42,8,536.394738
42,8,536.40674
42,8,536.417743
42,8,536.429746
42,8,536.441749
42,8,536.454752
42,8,536.466754
40,10,536.478757
42,8,536.489759
42,8,536.502763
42,8,536.514765
42,8,536.525768
42,8,536.53677
42,8,536.548773
42,8,536.560776
42,8,536.571778
42,8,536.583781
42,8,536.595783
42,8,536.606786
42,8,536.617788
42,8,536.629791
42,8,536.641794
42,8,536.652797
42,8,536.663798
42,8,536.675801
42,8,536.688804
42,8,536.700807
42,8,536.71281
42,8,536.724813
42,8,536.736817
42,8,536.74882
42,8,536.759822
42,8,536.771825
42,8,536.783828
42,8,536.794832
42,8,536.806835
42,8,536.818837
42,8,536.82984
42,8,536.840842
42,8,536.852845
42,8,536.864847
42,8,536.87585
42,8,536.887852
42,8,536.898855
42,8,536.910857
42,8,536.922861
42,8,536.934864
42,8,536.946866
42,8,536.958869
42,8,536.969871
42,8,536.981874
42,8,536.994877
42,8,537.00688
42,8,537.017882
42,8,537.029885
42,8,537.042888
42,8,537.05489
42,8,537.065893
42,8,537.076895
42,8,537.088898
42,8,537.100901
42,8,537.112904
42,8,537.123906
42,8,537.135909
42,8,537.147911
40,10,537.163915
42,8,537.174917
42,8,537.18792
42,8,537.198922
42,8,537.209925
42,8,537.222928
40,10,537.235931
42,8,537.247934
42,8,537.258936
42,8,537.270939
42,8,537.282942
42,8,537.293944
42,8,537.305947
42,8,537.31795
42,8,537.329952
40,10,537.345956
42,8,537.35696
42,8,537.368961
42,8,537.380964
42,8,537.391967
42,8,537.404067
42,8,537.415093
42,8,537.428096
42,8,537.439099
42,8,537.451101
42,8,537.463104
42,8,537.474106
42,8,537.487109
42,8,537.499112
42,8,537.510114
42,8,537.521117
42,8,537.533119
42,8,537.544124
42,8,537.555126
42,8,537.568129
42,8,537.578131
42,8,537.590134
42,8,537.602137
42,8,537.61314
42,8,537.624142
42,8,537.636145
42,8,537.648147
42,8,537.66015
42,8,537.671152
42,8,537.683155
42,8,537.695158
42,8,537.707161
42,8,537.718163
42,8,537.731166
42,8,537.743169
42,8,537.754171
42,8,537.765174
42,8,537.777176
42,8,537.789179
42,8,537.800182
42,8,537.811184
40,10,537.824187
42,8,537.83619
42,8,537.847192
42,8,537.859195
42,8,537.871336
42,8,537.883338
42,8,537.893341
42,8,537.906343
42,8,537.918348
39,11,537.935352
42,8,537.947355
42,8,537.958358
42,8,537.97136
42,8,537.982363
42,8,537.994365
42,8,538.005368
42,8,538.017371
42,8,538.029373
42,8,538.040375
42,8,538.051378
42,8,538.063381
42,8,538.075383
42,8,538.086386
42,8,538.099389
42,8,538.111392
42,8,538.123394
42,8,538.135397
42,8,538.146399
42,8,538.158403
42,8,538.171405
42,8,538.183408
42,8,538.194411
42,8,538.206413
42,8,538.218416
42,8,538.229419
42,8,538.241421
42,8,538.252424
42,8,538.264427
42,8,538.275429
42,8,538.286431
42,8,538.298434
42,8,538.310436
42,8,538.322439
42,8,538.333442
42,8,538.345444
42,8,538.357447
42,8,538.36945
42,8,538.381453
42,8,538.393455
42,8,538.404458
42,8,538.417461
42,8,538.428463
42,8,538.440467
42,8,538.451468
42,8,538.463471
42,8,538.475474
42,8,538.487477
42,8,538.498479
42,8,538.509481
42,8,538.521484
42,8,538.533487
42,8,538.54649
42,8,538.557493
42,8,538.568496
42,8,538.579497
42,8,538.5925
42,8,538.604503
42,8,538.616507
42,8,538.627508
42,8,538.639511
42,8,538.652514
42,8,538.663516
42,8,538.675519
42,8,538.687521
42,8,538.699524
42,8,538.710527
42,8,538.721529
42,8,538.733532
42,8,538.745535
42,8,538.756537
42,8,538.768671
42,8,538.779673
42,8,538.791677
42,8,538.802678
42,8,538.814681
42,8,538.826684
42,8,538.838687
42,8,538.849689
42,8,538.861692
42,8,538.873695
42,8,538.885697
42,8,538.8967
42,8,538.907702
42,8,538.919705
41,9,538.931707
42,8,538.94271
38,12,538.960714
42,8,538.972717
42,8,538.984719
38,12,539.001723
42,8,539.012726
42,8,539.024728
42,8,539.037731
42,8,539.049735
42,8,539.060736
42,8,539.072739
42,8,539.084742
2,48,539.153757
42,8,539.165761
42,8,539.177763
42,8,539.188765
42,8,539.200768
42,8,539.21277
42,8,539.224774
42,8,539.235776
42,8,539.247779
42,8,539.259781
42,8,539.271784
42,8,539.282787
42,8,539.295789
42,8,539.306792
42,8,539.318794
40,10,539.334798
42,8,539.345801
42,8,539.357803
42,8,539.370807
42,8,539.382809
42,8,539.393811
42,8,539.405814
42,8,539.417817
40,10,539.43182
42,8,539.442823
42,8,539.454825
42,8,539.466828
30,20,539.495835
38,12,539.512838
42,8,539.523841
42,8,539.536844
42,8,539.547846
42,8,539.559849
42,8,539.570852
42,8,539.582854
40,10,539.598858
42,8,539.61086
42,8,539.622863
42,8,539.633865
42,8,539.645868
42,8,539.657871
42,8,539.669874
42,8,539.681876
42,8,539.692879
42,8,539.704881
42,8,539.716884
42,8,539.728887
42,8,539.740892
41,9,539.753895
42,8,539.765898
42,8,539.7779
42,8,539.789905
42,8,539.801908
42,8,539.813911
42,8,539.825913
42,8,539.836915
42,8,539.848919
42,8,539.860921
42,8,539.871923
42,8,539.883926
42,8,539.895929
40,10,539.910932
42,8,539.922935
42,8,539.933937
42,8,539.94494
-55,5,539.951941
42,8,539.962944
42,8,539.974947
42,8,539.985949
42,8,539.998952
42,8,540.010955
42,8,540.022957
42,8,540.03396
42,8,540.045963
42,8,540.057966
42,8,540.070968
42,8,540.081971
42,8,540.093973
42,8,540.104976
42,8,540.116979
42,8,540.127981
42,8,540.139984
42,8,540.152987
42,8,540.163989
42,8,540.174992
42,8,540.187995
42,8,540.199997
42,8,540.210999
42,8,540.223003
42,8,540.235005
42,8,540.248008
42,8,540.259011
42,8,540.272014
42,8,540.284016
42,8,540.296019
42,8,540.307022
42,8,540.320024
42,8,540.331027
42,8,540.343029
42,8,540.353032
42,8,540.366035
42,8,540.377037
42,8,540.389041
42,8,540.400042
42,8,540.412045
42,8,540.423048
42,8,540.435051
42,8,540.446053
42,8,540.459056
42,8,540.471058
42,8,540.482061
42,8,540.493063
42,8,540.505066
42,8,540.517069
42,8,540.528071
42,8,540.540074
42,8,540.551076
42,8,540.56308
42,8,540.575082
42,8,540.587084
42,8,540.598087
40,10,540.61109
42,8,540.622092
42,8,540.634095
42,8,540.646098
42,8,540.6581
42,8,540.669103
42,8,540.681106
40,10,540.69611
42,8,540.709112
42,8,540.721115
42,8,540.733117
42,8,540.74512
42,8,540.756123
42,8,540.768126
42,8,540.780128
37,13,540.798132
42,8,540.810134
42,8,540.822137
42,8,540.83314
42,8,540.845142
42,8,540.856145
42,8,540.868148
42,8,540.87915
42,8,540.890152
42,8,540.902155
42,8,540.914159
42,8,540.925161
42,8,540.937163
40,10,540.953167
42,8,540.965169
42,8,540.976172
42,8,540.988175
42,8,541.000177
42,8,541.01218
42,8,541.023183
42,8,541.035185
42,8,541.047188
42,8,541.05819
42,8,541.070193
42,8,541.083196
42,8,541.094198
42,8,541.106202
42,8,541.117204
42,8,541.128206
42,8,541.14121
42,8,541.152212
42,8,541.164214
42,8,541.176217
42,8,541.18822
42,8,541.199222
42,8,541.211225
42,8,541.222227
42,8,541.23523
42,8,541.246235
42,8,541.258238
42,8,541.27024
42,8,541.282117
42,8,541.292245
42,8,541.305248
42,8,541.317251
42,8,541.328253
42,8,541.340256
42,8,541.352258
42,8,541.363261
42,8,541.374264
42,8,541.386266
42,8,541.397269
42,8,541.409271
42,8,541.420274
42,8,541.433277
42,8,541.44428
42,8,541.456282
42,8,541.467285
42,8,541.480288
42,8,541.491422
42,8,541.503424
42,8,541.515427
42,8,541.52743
42,8,541.538432
42,8,541.550435
42,8,541.561437
42,8,541.57344
42,8,541.584443
42,8,541.595446
42,8,541.607448
42,8,541.61945
42,8,541.631453
42,8,541.642456
42,8,541.654458
42,8,541.665462
42,8,541.677464
42,8,541.689466
42,8,541.701469
42,8,541.713472
42,8,541.725474
42,8,541.737477
40,10,541.75048
42,8,541.762482
42,8,541.774486
42,8,541.786488
42,8,541.797491
42,8,541.808494
42,8,541.819495
42,8,541.831498
40,10,541.847502
42,8,541.858505
42,8,541.870507
42,8,541.88251
42,8,541.893512
42,8,541.904515
-24,74,542.008538
42,8,542.020541
42,8,542.031543
42,8,542.042546
42,8,542.054549
42,8,542.066551
-52,2,542.070552
42,8,542.081554
42,8,542.093558
42,8,542.10556
42,8,542.117563
42,8,542.129565
42,8,542.140568
42,8,542.152571
42,8,542.164573
42,8,542.175576
42,8,542.187578
42,8,542.199581
42,8,542.211583
42,8,542.222586
42,8,542.233589
42,8,542.245592
42,8,542.257595
36,14,542.276598
42,8,542.287601
42,8,542.299604
42,8,542.310606
42,8,542.322609
42,8,542.334611
42,8,542.345614
42,8,542.357617
40,10,542.373621
42,8,542.385623
42,8,542.397626
42,8,542.409629
42,8,542.420631
42,8,542.432634
40,10,542.445637
42,8,542.457639
42,8,542.469642
42,8,542.481645
42,8,542.492647
42,8,542.50565
42,8,542.516653
42,8,542.528656
42,8,542.539657
42,8,542.551661
42,8,542.563663
42,8,542.574666
42,8,542.586668
42,8,542.598671
42,8,542.610674
42,8,542.622676
42,8,542.633679
42,8,542.645682
42,8,542.656684
42,8,542.668687
40,10,542.68369
42,8,542.695693
42,8,542.707695
42,8,542.718698
42,8,542.729701
42,8,542.741704
42,8,542.754706
42,8,542.765708
42,8,542.776711
42,8,542.787714
42,8,542.800716
42,8,542.811719
42,8,542.823722
42,8,542.835724
42,8,542.846727
42,8,542.85873
42,8,542.870732
42,8,542.881859
42,8,542.894862
40,10,542.907865
42,8,542.919867
40,10,542.934872
42,8,542.946873
42,8,542.958876
42,8,542.969878
42,8,542.981881
42,8,542.993884
-55,5,542.999885
42,8,543.011888
42,8,543.022891
42,8,543.033893
42,8,543.045895
42,8,543.057899
42,8,543.070901
42,8,543.081904
42,8,543.094907
42,8,543.105909
42,8,543.117913
42,8,543.129914
42,8,543.141917
42,8,543.15392
42,8,543.166923
42,8,543.177925
42,8,543.188928
42,8,543.20093
42,8,543.212934
42,8,543.223935
42,8,543.236939
42,8,543.248941
42,8,543.259944
42,8,543.270946
42,8,543.282949
42,8,543.294951
42,8,543.305954
42,8,543.317957
42,8,543.329962
42,8,543.341965
42,8,543.353967
42,8,543.36697
42,8,543.377973
42,8,543.390975
42,8,543.402978
42,8,543.413981
42,8,543.425983
42,8,543.437986
42,8,543.448988
42,8,543.460991
42,8,543.472994
42,8,543.484997
41,9,543.496999
42,8,543.509002
42,8,543.521005
42,8,543.533007
42,8,543.545012
42,8,543.557015
42,8,543.569018
42,8,543.58102
42,8,543.592022
40,10,543.609026
42,8,543.620029
42,8,543.632031
42,8,543.644035
42,8,543.656037
42,8,543.66704
42,8,543.679042
42,8,543.690045
42,8,543.702047
42,8,543.71405
42,8,543.726053
42,8,543.737055
42,8,543.749058
42,8,543.762061
42,8,543.774064
42,8,543.786067
42,8,543.798069
42,8,543.810071
42,8,543.822074
42,8,543.834077
42,8,543.84608
42,8,543.858083
42,8,543.870085
42,8,543.882088
38,12,543.900092
42,8,543.911094
42,8,543.923097
42,8,543.9351
42,8,543.946103
42,8,543.958105
42,8,543.970108
42,8,543.98111
42,8,543.993114
42,8,544.004115
42,8,544.016118
42,8,544.028121
42,8,544.040124
42,8,544.052126
42,8,544.06513
42,8,544.076132
42,8,544.089135
42,8,544.101137
42,8,544.11314
42,8,544.125143
42,8,544.136145
42,8,544.149148
42,8,544.161151
42,8,544.173154
42,8,544.184156
42,8,544.195159
42,8,544.207162
42,8,544.219287
42,8,544.23129
42,8,544.242292
42,8,544.254295
42,8,544.267298
42,8,544.2783
42,8,544.290303
42,8,544.302305
42,8,544.315309
42,8,544.326311
42,8,544.338313
42,8,544.350316
42,8,544.363319
42,8,544.374322
42,8,544.386324
42,8,544.398328
42,8,544.41033
42,8,544.421332
42,8,544.433335
40,10,544.446338
42,8,544.458341
42,8,544.470346
42,8,544.481349
42,8,544.493351
42,8,544.506354
42,8,544.517356
42,8,544.530359
42,8,544.541363
42,8,544.553486
42,8,544.565488
42,8,544.578491
42,8,544.590495
42,8,544.601496
42,8,544.613499
42,8,544.625502
42,8,544.637505
42,8,544.648508
42,8,544.65951
42,8,544.672513
42,8,544.683515
42,8,544.694517
42,8,544.706521
42,8,544.717523
42,8,544.729525
42,8,544.741528
42,8,544.754531
42,8,544.767534
42,8,544.779537
42,8,544.790539
42,8,544.803542
42,8,544.815545
42,8,544.827547
42,8,544.83855
42,8,544.850553
42,8,544.862555
40,10,544.877558
42,8,544.889561
42,8,544.901564
42,8,544.913567
42,8,544.92457
42,8,544.936573
42,8,544.948575
42,8,544.960577
42,8,544.97258
42,8,544.984584
42,8,544.996586
42,8,545.009588
42,8,545.021591
42,8,545.034595
42,8,545.046599
42,8,545.058601
42,8,545.070604
40,10,545.083607
42,8,545.094609
42,8,545.106612
42,8,545.117615
42,8,545.130618
42,8,545.14162
42,8,545.154623
42,8,545.166626
42,8,545.179629
42,8,545.190631
42,8,545.202634
42,8,545.215637
40,10,545.23064
42,8,545.243643
42,8,545.254646
42,8,545.267648
42,8,545.279651
42,8,545.291654
-56,6,545.298656
42,8,545.310658
42,8,545.322661
42,8,545.333663
42,8,545.344666
42,8,545.356669
42,8,545.368671
42,8,545.379673
42,8,545.391677
42,8,545.403679
38,12,545.421683
42,8,545.434686
42,8,545.446689
42,8,545.458692
42,8,545.470694
42,8,545.483697
42,8,545.4947
42,8,545.506703
42,8,545.518705
40,10,545.533708
42,8,545.545711
42,8,545.557714
42,8,545.569716
42,8,545.581719
42,8,545.592722
42,8,545.604724
42,8,545.616727
42,8,545.62773
42,8,545.639732
42,8,545.652735
42,8,545.665738
42,8,545.676741
42,8,545.689744
42,8,545.700746
42,8,545.713749
42,8,545.725754
42,8,545.738757
42,8,545.750759
42,8,545.761762
42,8,545.773765
42,8,545.785768
42,8,545.79777
42,8,545.808772
42,8,545.820775
42,8,545.832778
42,8,545.84478
42,8,545.855783
42,8,545.867786
42,8,545.879789
42,8,545.891791
42,8,545.903794
42,8,545.916797
42,8,545.9288
42,8,545.939803
42,8,545.952805
42,8,545.965808
42,8,545.97681
42,8,545.987813
42,8,546.000816
42,8,546.012818
42,8,546.024821
42,8,546.035824
42,8,546.047827
42,8,546.059829
42,8,546.071832
42,8,546.082834
42,8,546.094837
42,8,546.105839
42,8,546.118842
42,8,546.129845
42,8,546.141848
42,8,546.15385
42,8,546.166853
42,8,546.177856
42,8,546.190859
42,8,546.202861
42,8,546.214864
42,8,546.225867
42,8,546.237869
42,8,546.249872
42,8,546.260874
42,8,546.271877
42,8,546.28488
42,8,546.296882
42,8,546.307885
42,8,546.318887
42,8,546.33089
42,8,546.342893
42,8,546.353895
42,8,546.365898
41,9,546.378901
40,10,546.391904
42,8,546.402906
42,8,546.41591
42,8,546.427912
42,8,546.439915
42,8,546.451918
42,8,546.46392
42,8,546.474922
42,8,546.486925
42,8,546.497928
-54,4,546.504929
42,8,546.515932
42,8,546.527935
42,8,546.539938
42,8,546.55094
42,8,546.562943
42,8,546.574948
42,8,546.58695
42,8,546.598953
42,8,546.609955
42,8,546.621958
42,8,546.633961
42,8,546.645964
42,8,546.657966
42,8,546.669969
42,8,546.681972
42,8,546.693975
42,8,546.705977
42,8,546.71798
42,8,546.728982
40,10,546.743985
42,8,546.755988
42,8,546.767991
42,8,546.778993
42,8,546.790997
42,8,546.802999
42,8,546.815001
42,8,546.827004
42,8,546.838008
42,8,546.85001
42,8,546.862012
42,8,546.874015
42,8,546.886018
42,8,546.89802
42,8,546.910023
42,8,546.922025
42,8,546.934028
42,8,546.945031
42,8,546.957036
42,8,546.969038
42,8,546.981042
42,8,546.993044
42,8,547.005047
42,8,547.01705
42,8,547.028052
42,8,547.039055
40,10,547.053057
42,8,547.06506
42,8,547.077063
42,8,547.089066
42,8,547.101068
42,8,547.113071
42,8,547.126074
42,8,547.137076
42,8,547.150079
42,8,547.162082
42,8,547.174085
42,8,547.185087
42,8,547.19709
42,8,547.209093
42,8,547.221095
42,8,547.232098
42,8,547.244101
42,8,547.256104
42,8,547.268106
42,8,547.279109
42,8,547.291111
42,8,547.303114
42,8,547.315117
42,8,547.327119
42,8,547.339122
42,8,547.351125
42,8,547.363128
40,10,547.379132
42,8,547.391134
42,8,547.404137
42,8,547.415139
42,8,547.427143
42,8,547.438144
42,8,547.450147
42,8,547.463299
-56,6,547.469301
42,8,547.482303
42,8,547.494306
42,8,547.505308
42,8,547.516312
42,8,547.528314
42,8,547.540317
42,8,547.552319
42,8,547.564322
42,8,547.576325
42,8,547.588327
42,8,547.599329
42,8,547.612333
42,8,547.624335
41,9,547.638338
42,8,547.650388
42,8,547.661344
42,8,547.674347
42,8,547.686349
42,8,547.698353
42,8,547.709354
42,8,547.722358
42,8,547.73436
42,8,547.745363
42,8,547.756365
42,8,547.769368
42,8,547.78037
42,8,547.792373
40,10,547.806377
42,8,547.819379
42,8,547.831382
42,8,547.842385
42,8,547.854387
42,8,547.86739
42,8,547.878392
42,8,547.890395
42,8,547.901398
42,8,547.913404
40,10,547.929544
42,8,547.941547
42,8,547.95355
42,8,547.964552
42,8,547.975555
42,8,547.987557
42,8,547.99856
42,8,548.010562
42,8,548.023566
42,8,548.036569
42,8,548.048571
42,8,548.060574
42,8,548.072577
42,8,548.084579
42,8,548.096582
42,8,548.108585
42,8,548.121588
42,8,548.13359
42,8,548.144593
42,8,548.156596
42,8,548.167598
42,8,548.179601
42,8,548.190603
42,8,548.203606
42,8,548.215609
42,8,548.227611
42,8,548.239615
42,8,548.251617
42,8,548.26362
42,8,548.275622
42,8,548.287625
40,10,548.300628
42,8,548.312768
40,10,548.328772
42,8,548.340775
42,8,548.353777
42,8,548.36478
42,8,548.375782
42,8,548.388785
42,8,548.400788
42,8,548.411791
42,8,548.423793
42,8,548.435796
42,8,548.447799
42,8,548.458801
42,8,548.470804
42,8,548.481806
42,8,548.49381
42,8,548.505812
42,8,548.517814
42,8,548.529817
42,8,548.541821
42,8,548.553823
42,8,548.565825
42,8,548.577828
42,8,548.589831
42,8,548.601833
42,8,548.613836
42,8,548.625839
42,8,548.636841
41,9,548.648844
42,8,548.660846
42,8,548.672849
42,8,548.684852
42,8,548.695855
42,8,548.707857
40,10,548.72086
42,8,548.732863
42,8,548.744865
42,8,548.755868
42,8,548.767871
42,8,548.779874
42,8,548.791878
42,8,548.803881
42,8,548.815883
41,9,548.831887
42,8,548.84289
42,8,548.854892
42,8,548.867896
42,8,548.879898
42,8,548.8909
42,8,548.901903
42,8,548.913905
42,8,548.925908
42,8,548.937911
42,8,548.948913
42,8,548.960916
42,8,548.971919
42,8,548.982921
42,8,548.994924
42,8,549.006927
42,8,549.018931
41,9,549.030934
42,8,549.043937
42,8,549.05594
42,8,549.067943
42,8,549.078945
42,8,549.091948
42,8,549.10395
42,8,549.114953
42,8,549.125958
42,8,549.13796
42,8,549.149963
42,8,549.160965
42,8,549.172968
42,8,549.183971
42,8,549.195974
42,8,549.207976
42,8,549.219979
42,8,549.231982
42,8,549.243985
40,10,549.257987
42,8,549.26899
42,8,549.280993
42,8,549.292995
42,8,549.304998
42,8,549.317001
42,8,549.329004
42,8,549.342006
42,8,549.353009
42,8,549.366012
42,8,549.378014
42,8,549.390018
42,8,549.40202
42,8,549.413022
42,8,549.425025
42,8,549.437027
42,8,549.44903
42,8,549.460033
42,8,549.472036
40,10,549.488039
42,8,549.500042
42,8,549.512044
42,8,549.524047
40,10,549.53705
42,8,549.549053
42,8,549.561056
42,8,549.573058
40,10,549.589062
42,8,549.602065
42,8,549.613067
42,8,549.62407
42,8,549.636073
42,8,549.648075
42,8,549.660078
42,8,549.67108
42,8,549.683083
42,8,549.694208
42,8,549.706211
42,8,549.718213
42,8,549.731216
42,8,549.743219
42,8,549.755222
42,8,549.767225
42,8,549.779227
42,8,549.79223
42,8,549.805233
42,8,549.816923
42,8,549.828238
42,8,549.840241
42,8,549.852244
42,8,549.863246
42,8,549.875249
42,8,549.887251
42,8,549.899254
42,8,549.910257
42,8,549.922259
42,8,549.934262
42,8,549.946265
42,8,549.959268
42,8,549.97027
42,8,549.982273
42,8,549.994276
42,8,550.006278
42,8,550.018281
42,8,550.030284
42,8,550.043287
42,8,550.055289
42,8,550.066292
42,8,550.078295
42,8,550.089297
42,8,550.1013
42,8,550.112302
42,8,550.124305
42,8,550.135308
42,8,550.14731
42,8,550.159313
42,8,550.171315
42,8,550.182318
42,8,550.193321
42,8,550.205323
42,8,550.218326
42,8,550.230329
42,8,550.242332
42,8,550.254334
42,8,550.266337
42,8,550.27834
42,8,550.291342
42,8,550.302345
42,8,550.314348
42,8,550.32535
42,8,550.337353
42,8,550.348355
42,8,550.361358
42,8,550.372361
42,8,550.384363
42,8,550.395366
42,8,550.407369
42,8,550.418371
42,8,550.429374
42,8,550.441377
42,8,550.453379
42,8,550.465382
42,8,550.478384
42,8,550.490388
40,10,550.50339
42,8,550.515393
42,8,550.527395
42,8,550.538398
42,8,550.550401
42,8,550.562404
42,8,550.574407
42,8,550.586409
42,8,550.597412
42,8,550.609414
39,11,550.625418
42,8,550.63742
42,8,550.649423
42,8,550.660426
42,8,550.673429
41,9,550.685431
42,8,550.697434
42,8,550.709437
42,8,550.721439
42,8,550.734442
42,8,550.745445
42,8,550.757447
42,8,550.770453
42,8,550.782455
42,8,550.794458
42,8,550.80546
42,8,550.817464
42,8,550.828466
42,8,550.841469
42,8,550.852471
42,8,550.864474
42,8,550.876476
42,8,550.88848
42,8,550.899482
42,8,550.911485
42,8,550.923487
42,8,550.93549
42,8,550.947493
42,8,550.958495
42,8,550.971498
42,8,550.984028
42,8,550.995503
42,8,551.007506
42,8,551.018509
42,8,551.030511
42,8,551.041514
42,8,551.053517
41,9,551.06852
42,8,551.079523
42,8,551.090525
42,8,551.102527
42,8,551.11353
42,8,551.125533
42,8,551.137536
42,8,551.148538
42,8,551.161541
42,8,551.172543
42,8,551.184546
40,10,551.197549
42,8,551.210552
42,8,551.221554
42,8,551.234557
42,8,551.24556
42,8,551.257562
42,8,551.268565
42,8,551.280568
42,8,551.29257
42,8,551.304573
42,8,551.315576
42,8,551.327578
42,8,551.339581
42,8,551.351583
42,8,551.363586
42,8,551.374589
42,8,551.387592
42,8,551.398595
42,8,551.410597
42,8,551.4236
42,8,551.435602
42,8,551.447605
42,8,551.459608
42,8,551.471611
42,8,551.483613
42,8,551.495616
42,8,551.506619
42,8,551.518621
42,8,551.530624
42,8,551.542627
42,8,551.553629
42,8,551.565632
42,8,551.577635
42,8,551.588637
42,8,551.59964
42,8,551.611642
42,8,551.623646
42,8,551.635648
42,8,551.64765
42,8,551.659653
42,8,551.671656
42,8,551.683659
40,10,551.699662
42,8,551.711667
42,8,551.72367
40,10,551.736672
42,8,551.748675
42,8,551.760678
42,8,551.772681
42,8,551.784683
42,8,551.795686
42,8,551.807688
42,8,551.818691
42,8,551.830693
42,8,551.841696
42,8,551.853699
42,8,551.865702
42,8,551.877704
42,8,551.889708
42,8,551.90171
42,8,551.913713
42,8,551.925715
42,8,551.937718
42,8,551.94972
42,8,551.961723
42,8,551.973726
40,10,551.988729
42,8,552.000732
42,8,552.012734
42,8,552.023737
-56,6,552.030738
42,8,552.042742
42,8,552.054744
42,8,552.066747
40,10,552.08175
42,8,552.092752
42,8,552.104755
42,8,552.117766
42,8,552.128763
42,8,552.140766
42,8,552.152769
42,8,552.165771
42,8,552.176774
42,8,552.189777
42,8,552.201779
42,8,552.214782
42,8,552.225785
42,8,552.237788
42,8,552.24979
42,8,552.260793
42,8,552.272795
42,8,552.283798
42,8,552.2958
42,8,552.306803
42,8,552.319806
42,8,552.331809
42,8,552.343812
42,8,552.354814
42,8,552.366817
42,8,552.378819
42,8,552.390822
42,8,552.402825
42,8,552.414828
42,8,552.42583
42,8,552.438833
42,8,552.450836
42,8,552.461838
42,8,552.472841
42,8,552.484843
42,8,552.496848
42,8,552.508851
42,8,552.519853
42,8,552.532483
42,8,552.542859
42,8,552.555861
40,10,552.568864
42,8,552.579867
42,8,552.591869
42,8,552.603872
42,8,552.616875
42,8,552.627879
42,8,552.639881
42,8,552.652883
42,8,552.664886
42,8,552.676888
42,8,552.687891
42,8,552.700894
42,8,552.711896
42,8,552.7239
42,8,552.735902
42,8,552.747905
42,8,552.758907
42,8,552.77091
42,8,552.782912
42,8,552.794915
42,8,552.806918
-54,4,552.812919
42,8,552.823922
42,8,552.835924
42,8,552.847927
42,8,552.85893
42,8,552.870933
42,8,552.882935
42,8,552.893937
19,31,552.939069
42,8,552.952072
42,8,552.963075
42,8,552.974077
42,8,552.98508
42,8,552.997083
42,8,553.008085
42,8,553.020087
42,8,553.03109
42,8,553.043093
42,8,553.055095
42,8,553.066098
42,8,553.0781
42,8,553.091104
42,8,553.102106
42,8,553.114109
42,8,553.126112
42,8,553.138114
42,8,553.150117
42,8,553.161119
42,8,553.173123
42,8,553.184125
42,8,553.196127
42,8,553.207129
42,8,553.219132
40,10,553.232136
42,8,553.243138
42,8,553.255141
42,8,553.266143
42,8,553.279146
42,8,553.291149
42,8,553.302151
42,8,553.313154
42,8,553.325156
42,8,553.33816
42,8,553.349162
42,8,553.361164
42,8,553.372167
42,8,553.38417
42,8,553.396172
42,8,553.407175
42,8,553.419178
42,8,553.43118
42,8,553.443183
40,10,553.458186
42,8,553.47019
42,8,553.481191
42,8,553.493195
42,8,553.505197
42,8,553.5172
42,8,553.528202
42,8,553.540205
42,8,553.552207
42,8,553.56321
42,8,553.575213
42,8,553.586215
42,8,553.598218
42,8,553.610221
41,9,553.622223
42,8,553.634226
42,8,553.64623
42,8,553.657231
42,8,553.669234
42,8,553.681237
42,8,553.692239
42,8,553.704241
42,8,553.717245
42,8,553.728247
42,8,553.73925
40,10,553.755253
42,8,553.767256
42,8,553.779259
42,8,553.792262
42,8,553.803264
42,8,553.815267
42,8,553.828269
42,8,553.839272
42,8,553.851275
42,8,553.863278
42,8,553.87428
42,8,553.886283
42,8,553.897285
42,8,553.909288
42,8,553.92129
42,8,553.932293
42,8,553.943295
42,8,553.956299
42,8,553.967301
42,8,553.978303
42,8,553.991307
42,8,554.002309
42,8,554.014311
42,8,554.026314
-55,5,554.033316
42,8,554.045319
40,10,554.057322
42,8,554.069324
42,8,554.081326
42,8,554.09233
42,8,554.103332
42,8,554.115334
42,8,554.127337
42,8,554.13834
42,8,554.150342
42,8,554.162345
42,8,554.174348
42,8,554.18535
42,8,554.197353
42,8,554.209355
42,8,554.221358
42,8,554.233361
42,8,554.245364
42,8,554.257366
42,8,554.26837
42,8,554.280372
42,8,554.291374
42,8,554.303377
42,8,554.315379
42,8,554.327382
42,8,554.338384
42,8,554.349387
42,8,554.36139
42,8,554.373392
42,8,554.385395
42,8,554.397398
42,8,554.4084
42,8,554.420403
42,8,554.432406
42,8,554.443408
42,8,554.455411
42,8,554.467413
42,8,554.479416
42,8,554.491419
42,8,554.502421
42,8,554.514424
42,8,554.526427
42,8,554.53843
42,8,554.551432
42,8,554.563435
42,8,554.575438
42,8,554.58644
42,8,554.597443
42,8,554.609445
42,8,554.621448
42,8,554.632451
42,8,554.643453
42,8,554.655456
42,8,554.667459
42,8,554.678461
42,8,554.689464
42,8,554.702467
42,8,554.713469
42,8,554.725472
42,8,554.737474
42,8,554.748478
42,8,554.75948
42,8,554.771482
42,8,554.784485
42,8,554.795487
42,8,554.80649
42,8,554.818493
42,8,554.830495
40,10,554.846499
42,8,554.857502
42,8,554.869504
42,8,554.880507
42,8,554.89251
42,8,554.903512
42,8,554.915514
42,8,554.928518
42,8,554.93952
42,8,554.951523
42,8,554.962525
42,8,554.974528
42,8,554.986531
42,8,554.997533
42,8,555.008535
42,8,555.020539
42,8,555.03154
42,8,555.043543
42,8,555.055546
42,8,555.066549
42,8,555.078551
42,8,555.089554
42,8,555.101557
42,8,555.112559
42,8,555.124562
42,8,555.136564
42,8,555.148568
42,8,555.15957
42,8,555.172572
42,8,555.183575
42,8,555.195578
42,8,555.20658
42,8,555.218583
42,8,555.230585
42,8,555.242588
42,8,555.254591
42,8,555.265593
42,8,555.277596
42,8,555.289599
42,8,555.300601
42,8,555.312604
42,8,555.324607
42,8,555.33661
42,8,555.347612
42,8,555.360615
42,8,555.371617
42,8,555.38262
42,8,555.395623
42,8,555.407625
42,8,555.418628
42,8,555.430637
42,8,555.441635
42,8,555.454638
42,8,555.465641
42,8,555.477643
42,8,555.488794
42,8,555.500796
42,8,555.511799
42,8,555.522801
42,8,555.535806
-55,5,555.541808
-55,5,555.54881
42,8,555.559813
42,8,555.572816
42,8,555.583819
42,8,555.595821
42,8,555.606824
42,8,555.618827
42,8,555.631829
42,8,555.642833
42,8,555.654835
42,8,555.666837
42,8,555.67884
42,8,555.689842
42,8,555.702845
42,8,555.714848
42,8,555.726851
42,8,555.738853
42,8,555.749856
42,8,555.761858
40,10,555.776862
42,8,555.787864
41,9,555.799867
42,8,555.81187
42,8,555.823873
42,8,555.835875
42,8,555.846878
42,8,555.85888
42,8,555.870883
42,8,555.882886
42,8,555.893888
42,8,555.906892
42,8,555.917894
42,8,555.929896
42,8,555.940899
42,8,555.952902
42,8,555.964904
42,8,555.976907
42,8,555.987909
42,8,555.998912
42,8,556.011915
42,8,556.021917
42,8,556.03492
42,8,556.045922
42,8,556.057926
42,8,556.069928
42,8,556.081931
42,8,556.092933
42,8,556.104936
42,8,556.116939
42,8,556.128941
42,8,556.139945
42,8,556.152947
42,8,556.164949
42,8,556.175952
40,10,556.191956
42,8,556.203958
42,8,556.215961
42,8,556.226963
42,8,556.238966
42,8,556.250969
42,8,556.261971
42,8,556.273974
42,8,556.285977
42,8,556.296979
42,8,556.307982
42,8,556.320984
42,8,556.333987
42,8,556.34599
42,8,556.356992
42,8,556.368995
42,8,556.380998
42,8,556.393001
42,8,556.404003
42,8,556.416006
42,8,556.427008
42,8,556.440012
42,8,556.452014
42,8,556.463017
42,8,556.475019
42,8,556.487147
42,8,556.49815
42,8,556.509152
42,8,556.521155
42,8,556.532157
42,8,556.54416
42,8,556.557163
40,10,556.571166
42,8,556.582168
40,10,556.598172
42,8,556.610175
42,8,556.622178
42,8,556.63318
42,8,556.646183
42,8,556.657186
42,8,556.669188
42,8,556.681191
42,8,556.692193
42,8,556.704195
42,8,556.716198
42,8,556.728202
42,8,556.739204
42,8,556.750206
42,8,556.762209
42,8,556.773212
42,8,556.785214
42,8,556.797217
42,8,556.808219
42,8,556.821222
42,8,556.832225
42,8,556.844228
42,8,556.85523
42,8,556.866232
42,8,556.878235
42,8,556.890238
42,8,556.903241
42,8,556.914243
42,8,556.926246
42,8,556.937248
42,8,556.949614
42,8,556.960255
42,8,556.972258
40,10,556.985261
42,8,556.996264
42,8,557.007266
42,8,557.019269
42,8,557.031272
41,9,557.043274
42,8,557.055277
42,8,557.066279
42,8,557.078282
42,8,557.090286
42,8,557.103288
42,8,557.11429
42,8,557.126293
40,10,557.142297
40,10,557.1563
42,8,557.167302
42,8,557.179305
42,8,557.190308
42,8,557.20131
42,8,557.213312
42,8,557.225315
42,8,557.236318
42,8,557.24732
40,10,557.263324
42,8,557.275327
42,8,557.287329
42,8,557.299332
42,8,557.310334
42,8,557.321337
42,8,557.33434
42,8,557.346343
42,8,557.358345
40,10,557.371348
42,8,557.383351
42,8,557.394353
40,10,557.410357
40,10,557.42336
42,8,557.435363
42,8,557.446365
42,8,557.457368
42,8,557.46937
42,8,557.481373
42,8,557.492376
42,8,557.503378
42,8,557.515381
40,10,557.531384
42,8,557.543387
42,8,557.554389
2,48,557.623405
40,10,557.636408
40,10,557.653412
42,8,557.664414
42,8,557.675416
42,8,557.687419
42,8,557.698423
42,8,557.709424
42,8,557.721427
42,8,557.733429
42,8,557.744432
30,20,557.773439
4,46,557.839454
-56,6,557.850456
42,8,557.861458
42,8,557.872461
42,8,557.884464
42,8,557.896466
42,8,557.908469
42,8,557.919472
42,8,557.931474
42,8,557.942477
42,8,557.9546
42,8,557.966603
42,8,557.977605
42,8,557.989609
42,8,558.000611
42,8,558.012613
42,8,558.023616
42,8,558.035619
42,8,558.047621
42,8,558.058624
42,8,558.070626
42,8,558.08163
42,8,558.093632
42,8,558.105634
42,8,558.117637
42,8,558.128639
42,8,558.139642
42,8,558.151645
42,8,558.164647
42,8,558.17565
42,8,558.186653
42,8,558.198655
42,8,558.210658
42,8,558.221661
42,8,558.234663
42,8,558.245666
42,8,558.257669
42,8,558.269671
42,8,558.281674
42,8,558.292677
42,8,558.304679
40,10,558.317682
42,8,558.329685
42,8,558.341687
42,8,558.353692
42,8,558.364695
42,8,558.376697
42,8,558.389701
42,8,558.401703
42,8,558.412705
42,8,558.425708
42,8,558.437711
42,8,558.449713
42,8,558.460716
42,8,558.47272
42,8,558.484722
41,9,558.498725
42,8,558.509727
42,8,558.52173
42,8,558.533733
42,8,558.544736
42,8,558.556738
42,8,558.568741
42,8,558.580743
42,8,558.591746
42,8,558.603748
42,8,558.615751
42,8,558.627754
42,8,558.638756
42,8,558.649759
42,8,558.661762
42,8,558.673765
42,8,558.685767
42,8,558.697769
42,8,558.709772
42,8,558.721775
42,8,558.732777
42,8,558.74378
42,8,558.754782
42,8,558.766785
42,8,558.778788
42,8,558.790791
42,8,558.802793
42,8,558.813796
42,8,558.825798
42,8,558.837801
42,8,558.850804
42,8,558.861806
42,8,558.873809
42,8,558.884811
42,8,558.896814
42,8,558.907817
42,8,558.91982
42,8,558.931822
42,8,558.942825
42,8,558.953827
42,8,558.96683
42,8,558.977833
42,8,558.988835
42,8,559.000838
42,8,559.012841
42,8,559.024843
42,8,559.035846
42,8,559.047848
42,8,559.059851
42,8,559.070854
42,8,559.082856
42,8,559.095859
42,8,559.106862
42,8,559.118864
42,8,559.129867
42,8,559.14187
42,8,559.153872
42,8,559.164875
42,8,559.175877
42,8,559.18788
42,8,559.200883
42,8,559.211885
40,10,559.224888
42,8,559.235891
42,8,559.248894
42,8,559.259896
42,8,559.2729
42,8,559.284902
42,8,559.297905
42,8,559.308907
42,8,559.32091
42,8,559.332913
42,8,559.345916
42,8,559.356919
42,8,559.36792
42,8,559.379923
42,8,559.391926
42,8,559.402928
42,8,559.414931
42,8,559.425934
42,8,559.438936
42,8,559.450939
42,8,559.462942
42,8,559.473944
42,8,559.486907
40,10,559.501913
42,8,559.513915
42,8,559.525918
42,8,559.537923
39,11,559.550926
42,8,559.563929
42,8,559.575931
42,8,559.586934
42,8,559.598937
40,10,559.61394
42,8,559.624942
42,8,559.636945
42,8,559.648948
42,8,559.66095
42,8,559.671953
42,8,559.682956
42,8,559.694958
42,8,559.706961
42,8,559.717963
42,8,559.729966
42,8,559.742969
42,8,559.753971
42,8,559.765974
42,8,559.777977
42,8,559.78998
42,8,559.800982
42,8,559.812984
42,8,559.824987
42,8,559.83699
42,8,559.847993
42,8,559.859995
42,8,559.870998
42,8,559.883001
42,8,559.895003
42,8,559.907006
42,8,559.918008
42,8,559.930012
42,8,559.941014
42,8,559.953017
42,8,559.96602
42,8,559.977022
42,8,559.988024
42,8,560.001028
29,21,560.030034
42,8,560.042037
42,8,560.054039
42,8,560.066042
42,8,560.078045
42,8,560.089047
42,8,560.10105
42,8,560.112052
42,8,560.124055
42,8,560.136058
42,8,560.14706
42,8,560.158063
42,8,560.170066
42,8,560.182068
42,8,560.19307
42,8,560.205073
42,8,560.216076
42,8,560.228078
42,8,560.239081
42,8,560.251084
42,8,560.262086
42,8,560.274089
42,8,560.286094
42,8,560.298097
42,8,560.310099
42,8,560.322102
42,8,560.334104
42,8,560.345107
42,8,560.356109
42,8,560.368112
42,8,560.380114
42,8,560.390117
42,8,560.40212
42,8,560.414122
42,8,560.426126
42,8,560.437127
42,8,560.44913
40,10,560.466134
42,8,560.478137
42,8,560.489139
42,8,560.500142
42,8,560.512144
42,8,560.525147
42,8,560.53615
42,8,560.548152
42,8,560.560155
42,8,560.573158
42,8,560.584161
42,8,560.595163
42,8,560.607166
40,10,560.620169
42,8,560.631171
42,8,560.643174
42,8,560.655176
42,8,560.667179
42,8,560.678182
42,8,560.689184
42,8,560.702188
42,8,560.715192
42,8,560.726195
42,8,560.738198
42,8,560.7502
42,8,560.761203
42,8,560.773206
42,8,560.785208
14,36,560.835219
42,8,560.847222
42,8,560.859225
42,8,560.871227
42,8,560.88323
42,8,560.894233
42,8,560.906235
42,8,560.917238
42,8,560.931242
-52,2,560.935244
42,8,560.946247
42,8,560.959249
42,8,560.971252
42,8,560.982255
42,8,560.993257
42,8,561.00526
42,8,561.018263
42,8,561.030265
42,8,561.041268
42,8,561.053271
42,8,561.065273
42,8,561.077276
42,8,561.089279
42,8,561.100281
42,8,561.111284
42,8,561.123287
42,8,561.135291
42,8,561.147294
42,8,561.159297
42,8,561.170299
42,8,561.183302
42,8,561.195305
42,8,561.206307
42,8,561.21831
42,8,561.231313
42,8,561.242316
42,8,561.254318
42,8,561.26532
42,8,561.277323
42,8,561.289326
42,8,561.300328
42,8,561.312331
42,8,561.323334
42,8,561.336336
42,8,561.346339
42,8,561.358341
42,8,561.370344
42,8,561.381347
40,10,561.394349
42,8,561.407353
42,8,561.419355
42,8,561.430357
40,10,561.446361
42,8,561.458364
42,8,561.470366
42,8,561.482369
42,8,561.494372
42,8,561.505374
42,8,561.517377
42,8,561.52938
42,8,561.540383
42,8,561.552385
42,8,561.564388
42,8,561.57539
42,8,561.586393
42,8,561.598395
42,8,561.609398
42,8,561.6214
42,8,561.632403
42,8,561.644406
42,8,561.656409
42,8,561.667411
42,8,561.679414
42,8,561.691416
42,8,561.703419
42,8,561.715422
42,8,561.726424
42,8,561.738427
42,8,561.75143
42,8,561.762433
42,8,561.773435
42,8,561.785438
42,8,561.79744
42,8,561.808443
42,8,561.820446
42,8,561.831448
42,8,561.84345
42,8,561.855453
42,8,561.868456
42,8,561.879459
42,8,561.890461
42,8,561.902464
40,10,561.916467
42,8,561.92847
42,8,561.939472
40,10,561.955476
42,8,561.967479
42,8,561.979481
42,8,561.991484
42,8,562.002486
42,8,562.013488
42,8,562.025492
42,8,562.037494
42,8,562.048497
42,8,562.060499
42,8,562.071502
42,8,562.083505
42,8,562.095507
42,8,562.10751
42,8,562.119513
42,8,562.130515
42,8,562.141518
42,8,562.15352
42,8,562.165523
42,8,562.176526
42,8,562.188528
42,8,562.200531
-55,5,562.207532
42,8,562.218535
42,8,562.230538
42,8,562.24154
42,8,562.253543
40,10,562.266546
42,8,562.278548
42,8,562.289551
42,8,562.301554
42,8,562.313556
42,8,562.32556
42,8,562.336562
42,8,562.349565
40,10,562.365568
42,8,562.377571
42,8,562.390574
42,8,562.402576
42,8,562.415579
42,8,562.426582
42,8,562.438585
42,8,562.450587
42,8,562.46259
42,8,562.473592
42,8,562.485595
42,8,562.496598
40,10,562.510601
42,8,562.522604
42,8,562.534606
42,8,562.545609
42,8,562.557611
42,8,562.570614
42,8,562.582617
42,8,562.593619
42,8,562.605622
42,8,562.618625
41,9,562.632628
42,8,562.644632
42,8,562.656634
42,8,562.668636
42,8,562.680639
42,8,562.691642
42,8,562.703644
42,8,562.715647
42,8,562.72765
40,10,562.739653
42,8,562.750655
42,8,562.762658
42,8,562.77466
42,8,562.786663
42,8,562.798666
42,8,562.809668
42,8,562.821671
42,8,562.832674
42,8,562.845676
42,8,562.856679
42,8,562.868681
42,8,562.880684
42,8,562.891687
41,9,562.90469
42,8,562.917692
42,8,562.928695
42,8,562.940698
42,8,562.9527
42,8,562.965703
42,8,562.976706
42,8,562.988825
42,8,563.000828
41,9,563.015831
42,8,563.027834
42,8,563.038836
42,8,563.050839
42,8,563.062842
42,8,563.075845
42,8,563.086847
41,9,563.09985
42,8,563.112853
42,8,563.124856
42,8,563.136858
42,8,563.148861
42,8,563.160864
41,9,563.173867
42,8,563.18587
42,8,563.196872
42,8,563.207874
42,8,563.220878
42,8,563.23188
42,8,563.243885
42,8,563.254887
42,8,563.26689
42,8,563.277892
42,8,563.290897
42,8,563.302044
42,8,563.314046
42,8,563.326049
42,8,563.338052
42,8,563.349054
42,8,563.362057
42,8,563.37306
42,8,563.386063
42,8,563.397065
42,8,563.409069
42,8,563.42007
42,8,563.432073
42,8,563.444076
42,8,563.456079
42,8,563.467081
42,8,563.479084
42,8,563.490086
42,8,563.501089
42,8,563.513091
42,8,563.525094
42,8,563.538097
42,8,563.549099
42,8,563.562103
42,8,563.574105
40,10,563.589108
42,8,563.602112
42,8,563.614114
42,8,563.625117
42,8,563.63812
42,8,563.650122
42,8,563.661125
26,24,563.694132
28,22,563.725139
42,8,563.737142
42,8,563.749144
42,8,563.760147
42,8,563.77215
42,8,563.785152
42,8,563.797155
10,40,563.855169
42,8,563.867171
42,8,563.880174
42,8,563.891176
42,8,563.903179
42,8,563.915182
42,8,563.927184
42,8,563.938187
42,8,563.950191
42,8,563.961192
42,8,563.973196
42,8,563.985198
42,8,563.9962
42,8,564.008205
42,8,564.020208
42,8,564.033211
42,8,564.044213
42,8,564.056216
42,8,564.069219
42,8,564.081221
42,8,564.093224
42,8,564.104227
42,8,564.115229
42,8,564.127232
42,8,564.138234
42,8,564.150237
42,8,564.16224
42,8,564.173243
42,8,564.185245
42,8,564.196247
42,8,564.20825
42,8,564.219252
42,8,564.232255
42,8,564.244258
42,8,564.257261
42,8,564.268263
42,8,564.280266
42,8,564.292269
42,8,564.305272
42,8,564.316274
42,8,564.328277
42,8,564.34028
42,8,564.352282
42,8,564.363285
42,8,564.375288
42,8,564.38729
40,10,564.403294
42,8,564.415297
42,8,564.426299
42,8,564.438302
42,8,564.450305
42,8,564.461307
42,8,564.47331
42,8,564.486312
42,8,564.499316
42,8,564.510319
42,8,564.522321
42,8,564.535324
42,8,564.547327
42,8,564.560329
42,8,564.571332
42,8,564.583334
42,8,564.595337
42,8,564.60634
42,8,564.618342
42,8,564.630345
42,8,564.642348
42,8,564.65335
42,8,564.664353
42,8,564.67648
40,10,564.689483
42,8,564.701487
42,8,564.713488
42,8,564.725491
42,8,564.738494
42,8,564.750497
42,8,564.761499
42,8,564.773502
42,8,564.786505
42,8,564.798507
42,8,564.80951
42,8,564.821513
42,8,564.833515
42,8,564.845519
42,8,564.857521
42,8,564.869524
42,8,564.881526
42,8,564.89353
42,8,564.904532
42,8,564.916534
42,8,564.929537
42,8,564.93954
42,8,564.952543
42,8,564.963545
42,8,564.976547
42,8,564.98755
42,8,565.000553
42,8,565.012556
42,8,565.025559
42,8,565.037561
42,8,565.049564
42,8,565.060567
42,8,565.07257
42,8,565.084573
42,8,565.095575
42,8,565.107578
42,8,565.11958
42,8,565.130583
42,8,565.142585
40,10,565.158589
42,8,565.171592
42,8,565.182594
42,8,565.194597
42,8,565.2066
42,8,565.218741
42,8,565.230744
42,8,565.241746
42,8,565.253749
42,8,565.266752
42,8,565.278755
42,8,565.290757
42,8,565.30176
42,8,565.313763
42,8,565.326766
42,8,565.336768
42,8,565.348771
42,8,565.359773
42,8,565.372776
42,8,565.383778
42,8,565.396781
42,8,565.408784
42,8,565.419787
42,8,565.431789
42,8,565.444792
42,8,565.457795
42,8,565.469798
42,8,565.4808
40,10,565.493803
42,8,565.506806
42,8,565.519809
42,8,565.530813
42,8,565.541814
42,8,565.553817
42,8,565.565819
42,8,565.576822
42,8,565.588825
42,8,565.599827
42,8,565.61183
42,8,565.622833
42,8,565.634835
42,8,565.646838
42,8,565.65784
42,8,565.669843
42,8,565.682846
42,8,565.695848
42,8,565.707852
42,8,565.718854
42,8,565.731857
42,8,565.74386
42,8,565.755862
42,8,565.766865
42,8,565.779868
42,8,565.79087
42,8,565.802873
42,8,565.813875
42,8,565.825881
42,8,565.837884
42,8,565.849888
42,8,565.86089
42,8,565.872893
42,8,565.884895
42,8,565.895898
42,8,565.9079
42,8,565.919903
42,8,565.931906
42,8,565.943908
42,8,565.955911
42,8,565.967914
42,8,565.979916
42,8,565.990919
42,8,566.003922
42,8,566.015924
42,8,566.026927
42,8,566.03893
42,8,566.050054
42,8,566.062057
42,8,566.07406
42,8,566.085062
42,8,566.097064
42,8,566.109067
42,8,566.12107
42,8,566.133073
42,8,566.144075
42,8,566.156078
42,8,566.16908
42,8,566.180083
42,8,566.192086
42,8,566.204088
42,8,566.216091
42,8,566.228094
42,8,566.240097
42,8,566.252099
42,8,566.264102
42,8,566.275105
42,8,566.288107
42,8,566.29911
42,8,566.310112
42,8,566.322115
42,8,566.333117
42,8,566.34612
42,8,566.357123
42,8,566.369126
42,8,566.381129
42,8,566.393131
42,8,566.404134
42,8,566.417136
42,8,566.429139
42,8,566.441142
42,8,566.453145
42,8,566.465271
42,8,566.478273
42,8,566.490276
42,8,566.50228
42,8,566.513281
42,8,566.525284
42,8,566.537287
42,8,566.548289
42,8,566.560292
42,8,566.571295
42,8,566.583297
42,8,566.5963
42,8,566.608303
42,8,566.620305
42,8,566.632308
41,9,566.644311
42,8,566.657314
42,8,566.669316
42,8,566.681319
42,8,566.694323
42,8,566.705325
42,8,566.718328
42,8,566.72933
42,8,566.741333
42,8,566.752335
42,8,566.764338
42,8,566.77634
42,8,566.788343
42,8,566.800346
42,8,566.812349
42,8,566.823351
42,8,566.834354
42,8,566.847357
42,8,566.858359
42,8,566.870363
42,8,566.882365
42,8,566.894367
42,8,566.906371
42,8,566.918373
42,8,566.930375
42,8,566.942378
42,8,566.954381
42,8,566.966384
42,8,566.977386
42,8,566.989389
42,8,567.001391
42,8,567.013394
42,8,567.024396
42,8,567.036399
42,8,567.048402
42,8,567.059404
42,8,567.071407
42,8,567.08341
-56,6,567.092412
42,8,567.105415
42,8,567.118418
42,8,567.13042
42,8,567.141423
42,8,567.153426
42,8,567.166428
42,8,567.178431
42,8,567.190435
42,8,567.203437
42,8,567.215439
42,8,567.227442
42,8,567.239445
40,10,567.251448
42,8,567.26345
42,8,567.275453
42,8,567.286456
42,8,567.298458
-52,2,567.303459
42,8,567.314462
42,8,567.327465
42,8,567.338468
42,8,567.350471
42,8,567.362473
42,8,567.374478
42,8,567.38648
42,8,567.398089
42,8,567.409596
42,8,567.422599
42,8,567.434602
42,8,567.445604
42,8,567.456606
42,8,567.468609
42,8,567.480612
42,8,567.492615
42,8,567.503617
42,8,567.51562
42,8,567.526623
42,8,567.538625
42,8,567.550627
42,8,567.56263
42,8,567.574634
42,8,567.585636
42,8,567.598639
42,8,567.610641
42,8,567.622644
42,8,567.634646
42,8,567.646649
42,8,567.658652
42,8,567.670655
40,10,567.683658
42,8,567.69566
42,8,567.707663
42,8,567.719666
42,8,567.730668
42,8,567.742671
41,9,567.757674
42,8,567.769677
42,8,567.78168
42,8,567.792682
42,8,567.805686
42,8,567.817688
42,8,567.82869
42,8,567.840693
42,8,567.853696
42,8,567.865699
42,8,567.877701
42,8,567.888704
42,8,567.901707
42,8,567.913709
42,8,567.924712
42,8,567.936714
42,8,567.947717
42,8,567.95972
20,30,568.001729
42,8,568.013732
42,8,568.025254
42,8,568.037257
42,8,568.048259
42,8,568.060262
42,8,568.072265
42,8,568.084268
42,8,568.09627
42,8,568.108273
42,8,568.120275
40,10,568.135279
42,8,568.147282
42,8,568.159284
42,8,568.170287
42,8,568.18329
42,8,568.194292
42,8,568.206295
42,8,568.218297
42,8,568.230301
42,8,568.241303
42,8,568.253305
42,8,568.265308
42,8,568.277311
42,8,568.288313
42,8,568.301316
42,8,568.313319
42,8,568.325322
42,8,568.336324
42,8,568.349327
42,8,568.36133
42,8,568.372332
41,9,568.385335
42,8,568.397338
42,8,568.40934
42,8,568.421343
42,8,568.432346
42,8,568.443348
42,8,568.455351
42,8,568.467354
42,8,568.479356
42,8,568.49036
42,8,568.501361
42,8,568.513364
42,8,568.526369
42,8,568.538372
42,8,568.550375
42,8,568.561377
42,8,568.574382
42,8,568.586384
42,8,568.598388
42,8,568.61039
42,8,568.622393
42,8,568.634395
42,8,568.646398
42,8,568.6564
42,8,568.669403
42,8,568.681406
42,8,568.692408
42,8,568.703411
42,8,568.716413
42,8,568.728417
42,8,568.739419
42,8,568.751421
42,8,568.764424
42,8,568.776427
42,8,568.787429
42,8,568.799432
42,8,568.811435
42,8,568.824438
42,8,568.836441
42,8,568.847443
42,8,568.859446
42,8,568.871449
42,8,568.883451
42,8,568.894454
42,8,568.906456
42,8,568.918459
42,8,568.929461
42,8,568.941464
42,8,568.953467
42,8,568.96647
40,10,568.978473
42,8,568.991475
42,8,569.003478
42,8,569.015481
42,8,569.027484
42,8,569.038486
42,8,569.051489
42,8,569.062491
42,8,569.074494
42,8,569.086497
42,8,569.0975
42,8,569.109502
42,8,569.120504
42,8,569.132507
42,8,569.14451
42,8,569.155513
42,8,569.167515
42,8,569.179518
42,8,569.19052
42,8,569.202523
42,8,569.214526
42,8,569.226528
40,10,569.241532
-56,6,569.248533
41,9,569.263537
42,8,569.27554
42,8,569.287542
42,8,569.299545
42,8,569.310547
42,8,569.323553
42,8,569.335555
42,8,569.347558
42,8,569.35856
42,8,569.370563
42,8,569.381565
42,8,569.393568
42,8,569.408571
42,8,569.423577
42,8,569.43958
42,8,569.456584
42,8,569.47259
42,8,569.488594
42,8,569.504597
42,8,569.520601
42,8,569.535604
42,8,569.551608
42,8,569.567611
42,8,569.582615
42,8,569.597618
42,8,569.613622
42,8,569.628625
42,8,569.642628
42,8,569.657632
42,8,569.672635
42,8,569.688639
42,8,569.703642
42,8,569.719646
42,8,569.73665
42,8,569.751653
42,8,569.767656
42,8,569.784661
42,8,569.798664
42,8,569.815667
42,8,569.832671
42,8,569.847675
42,8,569.862678
42,8,569.877681
42,8,569.893685
40,10,569.909688
42,8,569.923692
42,8,569.938696
42,8,569.952698
42,8,569.968702
42,8,569.982705
42,8,569.999709
42,8,570.014712
42,8,570.030716
42,8,570.04672
42,8,570.062723
42,8,570.078729
42,8,570.092734
42,8,570.107737
42,8,570.123741
42,8,570.138744
42,8,570.153748
42,8,570.167751
42,8,570.182754
40,10,570.203759
42,8,570.219762
42,8,570.235766
42,8,570.25177
40,10,570.268773
42,8,570.284777
42,8,570.300781
42,8,570.315784
42,8,570.330787
42,8,570.34479
42,8,570.359794
42,8,570.375798
42,8,570.391801
42,8,570.406805
42,8,570.421808
42,8,570.437811
42,8,570.452817
42,8,570.467821
42,8,570.482824
42,8,570.496827
42,8,570.51083
42,8,570.526834
42,8,570.542837
42,8,570.558841
42,8,570.573845
42,8,570.588848
42,8,570.603851
42,8,570.617854
42,8,570.632858
42,8,570.647861
42,8,570.662865
42,8,570.678868
42,8,570.693871
41,9,570.707875
42,8,570.722878
42,8,570.737882
40,10,570.756886
42,8,570.77289
42,8,570.789894
42,8,570.804897
42,8,570.819906
42,8,570.833906
42,8,570.847908
40,10,570.862911
42,8,570.878917
42,8,570.89292
42,8,570.908924
-56,6,570.920927
42,8,570.934929
42,8,570.949933
42,8,570.964936
42,8,570.98094
42,8,570.997944
42,8,571.012947
42,8,571.02695
42,8,571.040954
42,8,571.055958
42,8,571.06996
42,8,571.084963
42,8,571.099967
42,8,571.115971
42,8,571.129973
42,8,571.145977
42,8,571.16098
42,8,571.174984
42,8,571.188987
42,8,571.204993
42,8,571.220996
42,8,571.237
42,8,571.252005
42,8,571.267009
42,8,571.284012
42,8,571.298016
42,8,571.31202
42,8,571.325022
42,8,571.340025
41,9,571.355028
42,8,571.370032
42,8,571.385035
42,8,571.399038
42,8,571.413041
42,8,571.430045
42,8,571.445049
40,10,571.465053
41,9,571.480057
42,8,571.496214
42,8,571.512217
42,8,571.528221
42,8,571.542226
42,8,571.558229
41,9,571.573233
42,8,571.585236
42,8,571.597239
42,8,571.608241
42,8,571.619243
42,8,571.631246
42,8,571.643249
42,8,571.655252
42,8,571.667254
40,10,571.683258
42,8,571.69526
42,8,571.707263
42,8,571.719265
42,8,571.731268
42,8,571.743271
42,8,571.754273
42,8,571.766276
42,8,571.778279
42,8,571.791282
42,8,571.802284
42,8,571.813287
-52,2,571.815287
42,8,571.82729
42,8,571.839293
42,8,571.849295
42,8,571.862298
42,8,571.873301
42,8,571.885303
42,8,571.897306
40,10,571.913311
42,8,571.925314
42,8,571.937317
42,8,571.949561
42,8,571.960322
42,8,571.972325
42,8,571.984327
42,8,571.99633
42,8,572.007333
42,8,572.019335
42,8,572.030338
42,8,572.04234
42,8,572.054343
40,10,572.066346
42,8,572.078349
42,8,572.089351
42,8,572.101354
42,8,572.112356
42,8,572.124359
42,8,572.136362
40,10,572.151365
42,8,572.164368
42,8,572.17637
42,8,572.188374
42,8,572.199376
42,8,572.211378
42,8,572.223381
42,8,572.234384
42,8,572.245388
42,8,572.257391
42,8,572.269393
42,8,572.280396
42,8,572.292401
40,10,572.305404
42,8,572.317406
42,8,572.328409
42,8,572.340411
42,8,572.352414
42,8,572.363417
42,8,572.375419
42,8,572.387422
42,8,572.398424
42,8,572.411427
42,8,572.42243
42,8,572.434433
42,8,572.446435
42,8,572.458439
42,8,572.46944
42,8,572.481443
42,8,572.493446
42,8,572.504448
42,8,572.516451
42,8,572.527454
42,8,572.539457
42,8,572.550459
42,8,572.562462
40,10,572.578465
42,8,572.589468
42,8,572.601473
42,8,572.612475
42,8,572.624478
42,8,572.637481
42,8,572.648483
42,8,572.659485
42,8,572.671488
42,8,572.683491
42,8,572.695494
42,8,572.707496
42,8,572.718499
42,8,572.730502
40,10,572.743504
42,8,572.755508
42,8,572.76751
42,8,572.778513
42,8,572.790515
42,8,572.802518
42,8,572.814521
42,8,572.825523
42,8,572.837526
42,8,572.850528
42,8,572.862531
42,8,572.873534
42,8,572.885536
42,8,572.896539
42,8,572.908542
42,8,572.920544
42,8,572.932547
42,8,572.94355
42,8,572.955553
42,8,572.966555
42,8,572.978557
42,8,572.99056
42,8,573.001563
42,8,573.013565
42,8,573.024689
42,8,573.036691
42,8,573.048693
42,8,573.059696
42,8,573.071699
42,8,573.083702
42,8,573.094705
42,8,573.106707
42,8,573.119709
42,8,573.131712
42,8,573.142715
42,8,573.154718
42,8,573.16672
42,8,573.178724
42,8,573.189726
42,8,573.201728
42,8,573.213731
42,8,573.225733
42,8,573.236736
42,8,573.247738
41,9,573.259741
42,8,573.271744
42,8,573.283746
42,8,573.295749
42,8,573.306753
42,8,573.317754
42,8,573.329757
42,8,573.341759
42,8,573.353762
42,8,573.364765
42,8,573.376767
42,8,573.388771
42,8,573.399773
42,8,573.411776
42,8,573.423778
42,8,573.434781
42,8,573.445783
42,8,573.457788
42,8,573.469791
42,8,573.480793
42,8,573.491796
42,8,573.503798
42,8,573.514801
42,8,573.526804
42,8,573.538807
42,8,573.550809
42,8,573.562812
42,8,573.574815
42,8,573.586817
42,8,573.59982
42,8,573.611823
42,8,573.622825
42,8,573.634828
42,8,573.646831
42,8,573.658834
42,8,573.669836
42,8,573.681838
42,8,573.692841
42,8,573.704844
42,8,573.715846
42,8,573.727849
42,8,573.739852
42,8,573.750854
42,8,573.761857
42,8,573.773859
42,8,573.785862
42,8,573.796864
42,8,573.808867
42,8,573.82187
42,8,573.833873
42,8,573.844876
42,8,573.856878
42,8,573.868881
42,8,573.880883
42,8,573.891886
42,8,573.903888
42,8,573.915891
42,8,573.926893
42,8,573.937896
42,8,573.948899
42,8,573.960901
42,8,573.972904
42,8,573.984906
42,8,573.995909
42,8,574.007912
42,8,574.019914
42,8,574.031917
42,8,574.04392
42,8,574.054923
42,8,574.065925
42,8,574.078928
42,8,574.090931
42,8,574.102933
42,8,574.113936
42,8,574.125938
42,8,574.138942
42,8,574.149945
42,8,574.161947
42,8,574.173949
42,8,574.185952
42,8,574.196955
42,8,574.207957
42,8,574.220082
42,8,574.232085
40,10,574.248088
42,8,574.259091
42,8,574.271094
42,8,574.283096
42,8,574.295099
42,8,574.306102
42,8,574.318104
40,10,574.332107
42,8,574.34411
40,10,574.359113
42,8,574.370116
42,8,574.382119
42,8,574.393121
42,8,574.405123
42,8,574.416126
42,8,574.429129
42,8,574.440132
42,8,574.451134
42,8,574.463137
42,8,574.47514
42,8,574.487432
42,8,574.499435
42,8,574.511437
42,8,574.52344
42,8,574.535443
42,8,574.547446
42,8,574.558448
42,8,574.571451
42,8,574.583453
42,8,574.593456
42,8,574.605459
-55,5,574.61146
42,8,574.623463
42,8,574.634465
42,8,574.646468
42,8,574.65747
42,8,574.668473
38,12,574.686477
42,8,574.697479
42,8,574.709482
42,8,574.720484
42,8,574.733487
42,8,574.74549
42,8,574.758493
42,8,574.769495
42,8,574.781498
42,8,574.793501
42,8,574.804503
42,8,574.815506
42,8,574.827508
42,8,574.839511
42,8,574.851514
42,8,574.862516
42,8,574.873519
42,8,574.885521
42,8,574.896524
42,8,574.909527
42,8,574.920529
42,8,574.932533
42,8,574.944535
42,8,574.956538
42,8,574.96854
42,8,574.980543
42,8,574.991545
42,8,575.003548
42,8,575.015551
42,8,575.028554
42,8,575.039557
42,8,575.051559
42,8,575.063561
42,8,575.075565
42,8,575.087567
42,8,575.098569
42,8,575.110572
42,8,575.121574
42,8,575.133577
42,8,575.14558
42,8,575.156583
42,8,575.167585
42,8,575.180588
42,8,575.19259
42,8,575.203593
42,8,575.215595
42,8,575.227598
42,8,575.239603
42,8,575.251606
42,8,575.262609
42,8,575.274611
42,8,575.286616
42,8,575.298619
42,8,575.309621
42,8,575.321624
42,8,575.333626
42,8,575.34563
42,8,575.357632
42,8,575.369635
42,8,575.380637
42,8,575.391639
42,8,575.402642
42,8,575.414645
42,8,575.426647
42,8,575.43865
42,8,575.450653
42,8,575.462656
42,8,575.473659
42,8,575.485661
42,8,575.497663
42,8,575.509666
42,8,575.521669
42,8,575.532671
42,8,575.544674
42,8,575.556677
42,8,575.567679
42,8,575.579805
42,8,575.590807
42,8,575.60281
42,8,575.614813
42,8,575.625816
42,8,575.637819
42,8,575.649821
42,8,575.660824
42,8,575.672827
40,10,575.68883
42,8,575.700833
42,8,575.711835
42,8,575.722837
42,8,575.73584
42,8,575.747843
42,8,575.758845
42,8,575.770848
42,8,575.782851
42,8,575.794854
42,8,575.806857
42,8,575.818859
42,8,575.830862
-58,8,575.841864
42,8,575.852867
42,8,575.86487
42,8,575.875872
42,8,575.886874
42,8,575.898877
42,8,575.91188
42,8,575.922882
42,8,575.934885
42,8,575.945888
42,8,575.95789
42,8,575.969893
42,8,575.980896
42,8,575.992898
42,8,576.003901
42,8,576.016903
42,8,576.027906
42,8,576.039909
42,8,576.050911
42,8,576.061913
42,8,576.073917
42,8,576.085919
42,8,576.097922
42,8,576.108925
42,8,576.119927
42,8,576.13193
42,8,576.143933
42,8,576.155935
42,8,576.167937
42,8,576.17994
42,8,576.190943
42,8,576.202945
42,8,576.215948
42,8,576.227951
42,8,576.238954
42,8,576.250957
42,8,576.262959
42,8,576.273962
40,10,576.287965
42,8,576.298967
40,10,576.31497
42,8,576.325973
42,8,576.337976
42,8,576.349979
42,8,576.361981
42,8,576.372984
40,10,576.386987
42,8,576.39899
42,8,576.409992
42,8,576.421995
42,8,576.433998
41,9,576.446001
34,16,576.470006
42,8,576.482008
42,8,576.494011
42,8,576.505013
42,8,576.516016
42,8,576.529019
42,8,576.540021
42,8,576.551024
42,8,576.563027
42,8,576.574029
42,8,576.585032
42,8,576.597034
42,8,576.609037
40,10,576.62504
42,8,576.637047
42,8,576.648048
42,8,576.660051
42,8,576.672055
42,8,576.684057
42,8,576.695059
42,8,576.707062
42,8,576.719064
42,8,576.730067
40,10,576.74307
42,8,576.754072
42,8,576.766075
42,8,576.778078
42,8,576.790081
42,8,576.802083
42,8,576.814086
42,8,576.825089
42,8,576.837091
42,8,576.849094
42,8,576.861097
42,8,576.872099
42,8,576.885102
42,8,576.897104
42,8,576.909108
42,8,576.92111
42,8,576.933113
42,8,576.945115
42,8,576.957119
42,8,576.969121
42,8,576.982124
42,8,576.994127
42,8,577.00613
42,8,577.017132
42,8,577.029134
42,8,577.041137
42,8,577.05314
42,8,577.064142
42,8,577.076145
42,8,577.088148
42,8,577.100151
42,8,577.112153
42,8,577.124156
42,8,577.136158
42,8,577.148162
42,8,577.159164
42,8,577.171166
42,8,577.183169
42,8,577.195172
42,8,577.206174
42,8,577.218177
42,8,577.230179
42,8,577.241182
42,8,577.253185
42,8,577.265188
42,8,577.27619
42,8,577.288193
42,8,577.299195
42,8,577.312198
42,8,577.323201
42,8,577.335203
42,8,577.347206
42,8,577.359209
42,8,577.371212
42,8,577.382214
42,8,577.394217
42,8,577.407219
42,8,577.419222
42,8,577.431225
42,8,577.442227
42,8,577.45523
42,8,577.467233
42,8,577.478235
42,8,577.489238
42,8,577.50124
42,8,577.513243
42,8,577.524246
42,8,577.535248
42,8,577.547251
42,8,577.558254
42,8,577.570256
42,8,577.583259
42,8,577.594262
40,10,577.610265
42,8,577.622268
42,8,577.635271
42,8,577.647274
42,8,577.660276
42,8,577.671279
42,8,577.683281
42,8,577.694284
42,8,577.706288
40,10,577.718289
42,8,577.730292
42,8,577.742295
42,8,577.754299
42,8,577.7663
42,8,577.778303
42,8,577.790306
42,8,577.802309
42,8,577.814311
-56,6,577.824313
42,8,577.837316
42,8,577.848319
42,8,577.860322
42,8,577.871324
42,8,577.884327
42,8,577.895329
42,8,577.907333
42,8,577.919335
42,8,577.931337
42,8,577.94234
42,8,577.954343
42,8,577.965345
42,8,577.977349
42,8,577.98835
42,8,578.000353
42,8,578.012356
42,8,578.023358
42,8,578.035361
42,8,578.047483
42,8,578.058486
42,8,578.070488
42,8,578.082491
41,9,578.095494
42,8,578.107497
42,8,578.118499
42,8,578.130502
42,8,578.141505
42,8,578.154507
42,8,578.16551
42,8,578.177513
42,8,578.188516
42,8,578.199517
42,8,578.21152
42,8,578.222523
42,8,578.234525
42,8,578.245528
42,8,578.256531
42,8,578.268533
42,8,578.280536
42,8,578.291538
42,8,578.304667
42,8,578.316669
42,8,578.327672
42,8,578.338674
42,8,578.350677
42,8,578.36268
42,8,578.373682
42,8,578.385685
42,8,578.397688
42,8,578.40969
40,10,578.424695
42,8,578.436696
42,8,578.448699
42,8,578.459702
42,8,578.471704
42,8,578.483707
42,8,578.49571
42,8,578.506712
42,8,578.518715
42,8,578.530717
42,8,578.54272
42,8,578.554723
42,8,578.565725
42,8,578.577728
42,8,578.589731
42,8,578.602734
42,8,578.613736
42,8,578.625739
42,8,578.637742
42,8,578.649744
42,8,578.660747
42,8,578.67275
42,8,578.683752
42,8,578.695755
42,8,578.707757
42,8,578.71976
42,8,578.730762
42,8,578.741765
42,8,578.753768
42,8,578.766771
42,8,578.777773
42,8,578.789776
42,8,578.802779
42,8,578.814781
42,8,578.826784
42,8,578.838787
42,8,578.85079
42,8,578.861792
40,10,578.875795
41,9,578.887799
42,8,578.8988
42,8,578.910803
42,8,578.922806
42,8,578.933808
42,8,578.945811
42,8,578.957814
42,8,578.969817
40,10,578.985821
42,8,578.997825
42,8,579.008828
42,8,579.021832
42,8,579.033833
42,8,579.044836
42,8,579.055838
42,8,579.068841
42,8,579.080844
42,8,579.091846
42,8,579.103849
42,8,579.114851
42,8,579.126854
42,8,579.137857
42,8,579.14986
42,8,579.161862
42,8,579.172865
42,8,579.183867
42,8,579.19587
42,8,579.206873
42,8,579.218875
42,8,579.230878
42,8,579.242881
42,8,579.253883
42,8,579.265886
42,8,579.276888
-55,5,579.28389
42,8,579.295892
42,8,579.306895
42,8,579.318898
42,8,579.3299
42,8,579.341903
42,8,579.354906
41,9,579.367908
42,8,579.378911
42,8,579.390914
42,8,579.402917
42,8,579.414919
42,8,579.425921
42,8,579.437925
42,8,579.448927
42,8,579.46093
42,8,579.471932
42,8,579.483935
42,8,579.495938
42,8,579.50694
42,8,579.518942
42,8,579.530946
42,8,579.542948
42,8,579.553951
42,8,579.565953
42,8,579.578957
42,8,579.589959
42,8,579.600961
42,8,579.611964
42,8,579.623966
42,8,579.635969
42,8,579.646971
42,8,579.658974
42,8,579.670977
41,9,579.68498
42,8,579.696983
42,8,579.708985
42,8,579.720988
42,8,579.731991
41,9,579.744994
42,8,579.756997
42,8,579.768999
42,8,579.781002
42,8,579.792004
42,8,579.804007
42,8,579.81601
42,8,579.827012
42,8,579.840015
42,8,579.851017
42,8,579.86302
42,8,579.874023
42,8,579.886025
42,8,579.897028
42,8,579.909031
42,8,579.920033
42,8,579.931035
40,10,579.945039
42,8,579.958042
42,8,579.969044
42,8,579.981047
42,8,579.99305
42,8,580.006053
42,8,580.017055
42,8,580.029058
42,8,580.04106
42,8,580.052063
42,8,580.064065
42,8,580.075068
42,8,580.087071
42,8,580.099073
42,8,580.110076
42,8,580.122079
42,8,580.134081
42,8,580.145084
40,10,580.161088
-56,6,580.168089
42,8,580.180092
42,8,580.191094
42,8,580.204097
42,8,580.215099
42,8,580.226102
42,8,580.239105
42,8,580.251108
42,8,580.26211
42,8,580.273113
42,8,580.285115
42,8,580.297118
42,8,580.30812
42,8,580.320123
42,8,580.332126
42,8,580.344129
42,8,580.355131
42,8,580.367134
42,8,580.378136
42,8,580.390139
42,8,580.401141
42,8,580.413144
42,8,580.425147
42,8,580.437152
42,8,580.448154
42,8,580.460157
42,8,580.47216
42,8,580.484163
42,8,580.495165
-55,5,580.504167
-56,6,580.511168
42,8,580.523172
42,8,580.535175
42,8,580.546179
42,8,580.558181
42,8,580.569184
42,8,580.581187
42,8,580.592189
42,8,580.604192
42,8,580.616194
42,8,580.628198
42,8,580.6402
42,8,580.652202
42,8,580.663205
42,8,580.674207
42,8,580.68621
42,8,580.697213
41,9,580.710215
42,8,580.722219
42,8,580.734221
42,8,580.745224
42,8,580.757226
42,8,580.768229
42,8,580.780231
42,8,580.792234
42,8,580.803236
42,8,580.814239
42,8,580.826242
42,8,580.838244
42,8,580.849247
42,8,580.86125
42,8,580.873253
42,8,580.885255
42,8,580.897258
42,8,580.90926
42,8,580.921263
42,8,580.933266
42,8,580.944268
42,8,580.956271
42,8,580.969274
42,8,580.981277
42,8,580.992279
42,8,581.004282
42,8,581.016284
42,8,581.028405
42,8,581.03941
42,8,581.051412
42,8,581.062414
42,8,581.074417
42,8,581.08642
42,8,581.098423
42,8,581.109425
42,8,581.121428
42,8,581.13343
40,10,581.148434
42,8,581.159436
42,8,581.171439
42,8,581.183441
42,8,581.195444
42,8,581.206447
42,8,581.218449
42,8,581.229452
42,8,581.240455
42,8,581.252458
42,8,581.26446
42,8,581.275462
42,8,581.287465
42,8,581.299468
42,8,581.31047
42,8,581.321472
41,9,581.333476
42,8,581.346478
42,8,581.358481
42,8,581.370484
42,8,581.381486
42,8,581.393489
42,8,581.405492
42,8,581.417494
42,8,581.429497
42,8,581.4405
42,8,581.453503
42,8,581.464505
42,8,581.475507
42,8,581.48751
42,8,581.499513
42,8,581.511516
42,8,581.522518
42,8,581.534521
42,8,581.545523
42,8,581.557525
42,8,581.569529
42,8,581.582531
42,8,581.594534
42,8,581.606537
42,8,581.617539
40,10,581.633543
42,8,581.646546
42,8,581.659549
42,8,581.671551
42,8,581.682554
42,8,581.694557
42,8,581.70656
42,8,581.719562
42,8,581.730565
40,10,581.743568
42,8,581.75457
42,8,581.766573
41,9,581.778576
42,8,581.790579
42,8,581.802581
42,8,581.814584
40,10,581.830587
42,8,581.84159
42,8,581.853593
42,8,581.865595
42,8,581.877598
42,8,581.889601
42,8,581.901603
42,8,581.913606
42,8,581.924609
42,8,581.936611
42,8,581.947614
42,8,581.959616
42,8,581.97162
42,8,581.982621
-52,2,581.984622
42,8,581.995625
-93,43,582.057638
42,8,582.070641
42,8,582.081644
42,8,582.094647
42,8,582.105649
42,8,582.118652
42,8,582.130655
42,8,582.141657
42,8,582.15466
42,8,582.167663
42,8,582.178666
42,8,582.189669
42,8,582.201671
6,44,582.263685
42,8,582.275688
42,8,582.28769
42,8,582.298693
42,8,582.311696
42,8,582.323698
28,22,582.356707
23,27,582.394714
42,8,582.405833
40,10,582.421837
42,8,582.432839
42,8,582.444842
40,10,582.457844
42,8,582.469847
42,8,582.48085
42,8,582.492854
42,8,582.504857
42,8,582.516859
42,8,582.527862
42,8,582.539865
42,8,582.551867
42,8,582.56487
42,8,582.575872
42,8,582.587875
42,8,582.599878
42,8,582.612881
42,8,582.624883
42,8,582.635886
42,8,582.647889
42,8,582.659891
42,8,582.671895
42,8,582.683897
42,8,582.6959
42,8,582.707902
42,8,582.718904
42,8,582.729908
42,8,582.74291
42,8,582.753913
42,8,582.764915
42,8,582.776918
42,8,582.788921
42,8,582.800923
42,8,582.812926
42,8,582.823931
42,8,582.836934
42,8,582.847936
42,8,582.859939
42,8,582.871942
42,8,582.882944
42,8,582.894947
42,8,582.906949
42,8,582.918952
42,8,582.930955
42,8,582.941957
42,8,582.95396
42,8,582.965963
42,8,582.977966
42,8,582.988968
42,8,583.000971
42,8,583.013974
42,8,583.024977
-52,2,583.029978
42,8,583.04198
42,8,583.053983
42,8,583.065985
42,8,583.07812
42,8,583.091123
42,8,583.103126
42,8,583.114128
42,8,583.126131
42,8,583.138134
42,8,583.149136
42,8,583.161139
42,8,583.173141
42,8,583.185144
42,8,583.196147
42,8,583.208149
40,10,583.221152
42,8,583.233155
42,8,583.245158
42,8,583.257161
42,8,583.270163
42,8,583.281166
42,8,583.292168
42,8,583.305171
42,8,583.317174
42,8,583.329177
42,8,583.34018
42,8,583.352182
42,8,583.364185
42,8,583.375188
42,8,583.38719
42,8,583.399192
42,8,583.411195
42,8,583.422198
42,8,583.4332
42,8,583.444202
42,8,583.457205
42,8,583.469208
42,8,583.481211
42,8,583.493214
42,8,583.505217
42,8,583.517219
42,8,583.529222
42,8,583.541224
42,8,583.553227
42,8,583.56423
42,8,583.576232
42,8,583.588236
42,8,583.599237
42,8,583.61024
42,8,583.623243
42,8,583.635245
42,8,583.647248
42,8,583.658251
42,8,583.670253
42,8,583.682256
42,8,583.693259
42,8,583.705261
40,10,583.720264
42,8,583.733268
42,8,583.745397
42,8,583.7574
42,8,583.768402
42,8,583.781405
42,8,583.793408
40,10,583.806411
42,8,583.818413
42,8,583.830416
42,8,583.842419
42,8,583.853421
42,8,583.865424
42,8,583.876426
42,8,583.88843
42,8,583.900432
40,10,583.916436
42,8,583.928438
42,8,583.940441
40,10,583.954444
42,8,583.966447
42,8,583.978449
42,8,583.990452
42,8,584.002455
42,8,584.013457
42,8,584.02546
42,8,584.038464
42,8,584.049465
42,8,584.061468
42,8,584.072471
42,8,584.084474
42,8,584.096476
42,8,584.107479
42,8,584.118481
42,8,584.130484
42,8,584.142487
42,8,584.153489
42,8,584.165491
42,8,584.176494
42,8,584.188497
42,8,584.199499
42,8,584.212502
42,8,584.223505
42,8,584.235507
42,8,584.24751
42,8,584.259513
42,8,584.271515
42,8,584.283518
42,8,584.295521
42,8,584.306523
42,8,584.319526
42,8,584.330529
42,8,584.341531
42,8,584.353534
42,8,584.365536
42,8,584.376539
42,8,584.388542
42,8,584.400544
42,8,584.412547
42,8,584.423549
42,8,584.435553
42,8,584.447555
42,8,584.459558
42,8,584.47056
42,8,584.482563
42,8,584.495566
42,8,584.507568
42,8,584.519571
42,8,584.530574
42,8,584.542576
42,8,584.55458
42,8,584.565582
42,8,584.577585
42,8,584.589587
42,8,584.60059
42,8,584.612592
42,8,584.624595
42,8,584.635597
42,8,584.6476
42,8,584.659605
42,8,584.671608
42,8,584.68361
42,8,584.695613
42,8,584.707616
42,8,584.719618
42,8,584.731621
40,10,584.747624
42,8,584.759627
42,8,584.771631
40,10,584.784633
42,8,584.797636
40,10,584.812639
42,8,584.824642
42,8,584.835644
42,8,584.848647
42,8,584.85965
42,8,584.870652
42,8,584.883655
42,8,584.895658
42,8,584.907661
42,8,584.918663
42,8,584.931666
42,8,584.943669
42,8,584.956672
42,8,584.967674
42,8,584.980677
42,8,584.99168
-55,5,584.998681
42,8,585.010684
42,8,585.022687
42,8,585.03469
42,8,585.045692
42,8,585.057695
42,8,585.069702
42,8,585.081702
42,8,585.092704
42,8,585.104707
42,8,585.116837
42,8,585.12784
40,10,585.143844
42,8,585.155847
42,8,585.167849
42,8,585.179852
42,8,585.190854
42,8,585.202857
42,8,585.214859
42,8,585.226862
42,8,585.237865
42,8,585.249868
42,8,585.26187
42,8,585.273873
42,8,585.284875
42,8,585.296878
42,8,585.308881
42,8,585.320884
42,8,585.332886
41,9,585.344889
42,8,585.356892
42,8,585.367894
42,8,585.379897
42,8,585.3929
42,8,585.404903
42,8,585.416906
42,8,585.427907
42,8,585.439911
42,8,585.452916
42,8,585.464919
42,8,585.475921
42,8,585.488925
42,8,585.500927
40,10,585.51293
42,8,585.523932
42,8,585.535935
42,8,585.547937
42,8,585.55994
42,8,585.570942
42,8,585.581945
42,8,585.593948
42,8,585.60595
42,8,585.617953
42,8,585.630956
42,8,585.641958
42,8,585.653961
42,8,585.666964
42,8,585.678967
42,8,585.69097
42,8,585.701972
42,8,585.714975
42,8,585.725977
42,8,585.738981
42,8,585.749983
42,8,585.761986
40,10,585.777989
42,8,585.789992
40,10,585.802995
42,8,585.813997
42,8,585.826
42,8,585.838003
42,8,585.849005
42,8,585.861008
42,8,585.874011
42,8,585.885013
42,8,585.897016
42,8,585.909019
42,8,585.922022
42,8,585.933024
42,8,585.946027
42,8,585.95803
42,8,585.969032
42,8,585.981035
42,8,585.993037
42,8,586.00404
42,8,586.016042
42,8,586.029046
42,8,586.040049
42,8,586.052051
42,8,586.064054
42,8,586.075056
42,8,586.088059
42,8,586.100062
42,8,586.112064
42,8,586.124067
42,8,586.13607
42,8,586.147072
42,8,586.160077
42,8,586.17208
42,8,586.184083
42,8,586.196085
42,8,586.208088
42,8,586.22009
42,8,586.232093
42,8,586.243096
-54,4,586.250098
42,8,586.2611
42,8,586.273103
42,8,586.285105
42,8,586.297108
42,8,586.30811
42,8,586.320113
42,8,586.332116
42,8,586.345119
42,8,586.356121
42,8,586.369124
42,8,586.381127
42,8,586.39413
42,8,586.405132
42,8,586.417135
42,8,586.429138
42,8,586.44114
42,8,586.452143
42,8,586.464146
42,8,586.476148
-56,6,586.486151
28,22,586.516157
42,8,586.52816
42,8,586.540163
42,8,586.552165
42,8,586.563168
42,8,586.575173
42,8,586.587175
42,8,586.600178
42,8,586.611181
42,8,586.623183
42,8,586.635186
42,8,586.648189
42,8,586.659191
42,8,586.671194
42,8,586.683197
42,8,586.695199
42,8,586.706202
42,8,586.718205
42,8,586.730207
42,8,586.742211
42,8,586.753213
42,8,586.765215
42,8,586.777218
42,8,586.789222
42,8,586.801224
42,8,586.812226
42,8,586.824229
42,8,586.836232
42,8,586.848234
42,8,586.859237
42,8,586.87224
42,8,586.882242
42,8,586.894244
42,8,586.906247
42,8,586.91825
42,8,586.930253
42,8,586.942255
42,8,586.954258
42,8,586.966261
42,8,586.977263
42,8,586.990266
42,8,587.001268
42,8,587.014271
42,8,587.025274
42,8,587.037277
42,8,587.049279
12,38,587.106292
42,8,587.117295
42,8,587.130298
42,8,587.1423
42,8,587.154303
42,8,587.165306
42,8,587.177308
42,8,587.189311
42,8,587.200314
42,8,587.212317
42,8,587.223318
42,8,587.236322
42,8,587.247326
42,8,587.259329
42,8,587.271331
42,8,587.283334
42,8,587.293338
42,8,587.305341
42,8,587.317343
42,8,587.328346
42,8,587.340348
42,8,587.352351
42,8,587.364354
42,8,587.376357
42,8,587.387359
42,8,587.399362
42,8,587.411364
42,8,587.423368
42,8,587.43537
42,8,587.447372
42,8,587.459375
42,8,587.471378
42,8,587.483381
42,8,587.495384
42,8,587.506387
42,8,587.518388
42,8,587.530391
42,8,587.541394
42,8,587.552396
42,8,587.564399
42,8,587.575401
42,8,587.588405
42,8,587.599406
42,8,587.61241
42,8,587.624412
42,8,587.636415
42,8,587.648418
42,8,587.65942
42,8,587.672423
42,8,587.684426
42,8,587.695429
42,8,587.707431
42,8,587.719434
40,10,587.732437
42,8,587.74444
42,8,587.755442
42,8,587.767444
42,8,587.779447
42,8,587.79045
42,8,587.801452
42,8,587.814455
42,8,587.826459
42,8,587.838461
42,8,587.850463
42,8,587.862466
42,8,587.874469
42,8,587.886472
42,8,587.898474
42,8,587.910477
42,8,587.92148
42,8,587.933482
42,8,587.944485
42,8,587.956488
42,8,587.96849
42,8,587.979492
42,8,587.991495
42,8,588.003498
42,8,588.0145
42,8,588.026503
40,10,588.042506
42,8,588.054509
42,8,588.067512
42,8,588.078515
42,8,588.090657
42,8,588.102659
42,8,588.114662
42,8,588.125664
42,8,588.137667
42,8,588.14967
42,8,588.161673
42,8,588.172675
42,8,588.184678
42,8,588.196681
42,8,588.207683
42,8,588.219686
40,10,588.233689
42,8,588.245691
42,8,588.256695
42,8,588.267697
-58,8,588.278699
42,8,588.290702
42,8,588.303705
42,8,588.315707
42,8,588.32771
42,8,588.339713
42,8,588.351716
42,8,588.363718
42,8,588.375721
42,8,588.387723
42,8,588.399727
42,8,588.410729
42,8,588.422731
42,8,588.434734
42,8,588.445737
42,8,588.457739
42,8,588.468742
42,8,588.481745
42,8,588.492747
41,9,588.507752
42,8,588.519753
42,8,588.530756
42,8,588.543759
42,8,588.555761
42,8,588.567764
42,8,588.578766
42,8,588.590769
42,8,588.602772
42,8,588.614774
42,8,588.625777
42,8,588.63878
42,8,588.649782
40,10,588.662786
42,8,588.674788
42,8,588.685791
42,8,588.697793
42,8,588.709796
42,8,588.721799
42,8,588.73395
40,10,588.749806
42,8,588.761808
42,8,588.77381
42,8,588.786813
42,8,588.798816
42,8,588.810819
42,8,588.822822
42,8,588.834824
41,9,588.846827
42,8,588.858829
42,8,588.870832
42,8,588.882835
42,8,588.893838
42,8,588.90584
42,8,588.917843
42,8,588.929846
42,8,588.939848
42,8,588.95185
42,8,588.963853
42,8,588.975856
42,8,588.987859
42,8,588.998861
42,8,589.010864
42,8,589.022867
42,8,589.033869
42,8,589.046872
42,8,589.058875
40,10,589.072878
42,8,589.083881
42,8,589.096884
42,8,589.107886
42,8,589.119888
42,8,589.130891
42,8,589.142894
42,8,589.155897
42,8,589.166899
42,8,589.177901
42,8,589.189904
42,8,589.20202
42,8,589.213023
42,8,589.225024
42,8,589.236027
40,10,589.253031
42,8,589.265034
42,8,589.277036
42,8,589.288039
42,8,589.301042
42,8,589.313045
42,8,589.324048
42,8,589.33605
42,8,589.349052
42,8,589.360055
42,8,589.372059
42,8,589.38306
42,8,589.395063
42,8,589.407065
42,8,589.418068
42,8,589.430071
42,8,589.442073
42,8,589.453076
42,8,589.465079
42,8,589.476081
42,8,589.488084
42,8,589.500087
42,8,589.512089
42,8,589.524092
42,8,589.536095
42,8,589.548098
42,8,589.5591
40,10,589.573103
42,8,589.585106
42,8,589.597108
42,8,589.608111
42,8,589.619113
42,8,589.631116
42,8,589.643119
42,8,589.654121
42,8,589.665123
42,8,589.678127
42,8,589.689129
40,10,589.705133
42,8,589.717135
42,8,589.729138
42,8,589.741141
42,8,589.753144
42,8,589.765146
42,8,589.777149
42,8,589.790153
42,8,589.801154
42,8,589.813157
42,8,589.825162
40,10,589.838166
42,8,589.850168
42,8,589.86217
42,8,589.873174
42,8,589.886177
42,8,589.89718
42,8,589.908182
42,8,589.920185
42,8,589.932188
42,8,589.94319
42,8,589.955193
42,8,589.968196
42,8,589.980198
42,8,589.991201
42,8,590.003204
42,8,590.016206
42,8,590.028209
42,8,590.039212
42,8,590.052215
-54,4,590.058216
42,8,590.070219
42,8,590.082222
42,8,590.094224
42,8,590.105227
42,8,590.116229
42,8,590.128232
42,8,590.140234
42,8,590.151237
42,8,590.16224
42,8,590.175242
42,8,590.187245
42,8,590.198247
38,12,590.216252
42,8,590.228255
42,8,590.239257
42,8,590.251259
42,8,590.263262
42,8,590.275265
42,8,590.287268
42,8,590.29927
40,10,590.315274
42,8,590.327277
42,8,590.33928
42,8,590.351282
42,8,590.362284
41,9,590.374288
42,8,590.38629
42,8,590.397293
42,8,590.409295
42,8,590.420297
42,8,590.4323
42,8,590.444303
42,8,590.456307
42,8,590.468308
42,8,590.480311
42,8,590.492314
42,8,590.504316
40,10,590.520321
42,8,590.533323
42,8,590.545326
42,8,590.556328
42,8,590.568331
42,8,590.580333
42,8,590.592336
42,8,590.604339
42,8,590.615997
42,8,590.626344
42,8,590.638346
40,10,590.65235
42,8,590.664353
42,8,590.675355
42,8,590.687358
42,8,590.700361
42,8,590.712364
42,8,590.724366
42,8,590.736369
42,8,590.749372
42,8,590.760375
42,8,590.772377
42,8,590.78438
42,8,590.796382
42,8,590.808386
42,8,590.819387
42,8,590.83039
42,8,590.843393
42,8,590.855396
42,8,590.866398
42,8,590.878401
42,8,590.889404
42,8,590.901406
42,8,590.913409
42,8,590.925411
42,8,590.937414
42,8,590.949417
42,8,590.96142
42,8,590.973422
42,8,590.986426
42,8,590.99843
42,8,591.009433
42,8,591.021435
42,8,591.033438
42,8,591.04344
42,8,591.055444
42,8,591.067446
42,8,591.079449
42,8,591.090451
42,8,591.102454
42,8,591.114456
42,8,591.125459
42,8,591.137461
42,8,591.148464
42,8,591.160596
42,8,591.172599
42,8,591.184602
42,8,591.196604
42,8,591.208607
42,8,591.219609
42,8,591.231612
42,8,591.243615
42,8,591.255618
42,8,591.26662
42,8,591.278623
42,8,591.290625
42,8,591.302629
42,8,591.313631
42,8,591.325633
40,10,591.340637
42,8,591.352639
42,8,591.363642
42,8,591.375645
42,8,591.387647
42,8,591.39965
42,8,591.410652
42,8,591.423656
42,8,591.435658
42,8,591.447661
42,8,591.458663
42,8,591.470666
42,8,591.482669
40,10,591.495672
42,8,591.507674
40,10,591.523678
42,8,591.534681
42,8,591.546683
42,8,591.558686
42,8,591.569688
41,9,591.581691
42,8,591.593694
8,42,591.650707
42,8,591.662709
42,8,591.674712
42,8,591.687715
42,8,591.699717
42,8,591.71072
42,8,591.721722
42,8,591.733725
42,8,591.744728
42,8,591.75673
42,8,591.768733
42,8,591.779736
42,8,591.790738
31,19,591.818744
42,8,591.830747
42,8,591.841749
42,8,591.852752
42,8,591.864755
19,31,591.909765
41,9,591.922768
42,8,591.93377
40,10,591.949774
42,8,591.961777
42,8,591.973779
42,8,591.984782
42,8,591.996785
42,8,592.008787
42,8,592.02079
42,8,592.032793
42,8,592.043795
42,8,592.054798
42,8,592.0658
42,8,592.077803
42,8,592.089806
42,8,592.102808
42,8,592.113811
42,8,592.124815
42,8,592.135818
42,8,592.147821
42,8,592.159823
42,8,592.171829
42,8,592.183832
42,8,592.195835
42,8,592.206837
42,8,592.21884
42,8,592.230843
42,8,592.241845
42,8,592.253847
42,8,592.26585
42,8,592.277853
42,8,592.288855
42,8,592.298858
42,8,592.311861
42,8,592.322864
40,10,592.335866
42,8,592.346869
42,8,592.358871
42,8,592.370875
42,8,592.381876
-2,52,592.455894
42,8,592.467896
42,8,592.479898
42,8,592.491904
42,8,592.503906
42,8,592.515909
42,8,592.526911
28,22,592.558918
42,8,592.570921
42,8,592.581923
42,8,592.593926
42,8,592.604929
38,12,592.621933
42,8,592.633935
42,8,592.644938
42,8,592.65694
42,8,592.668943
42,8,592.680946
42,8,592.691948
42,8,592.703951
42,8,592.715954
42,8,592.727957
42,8,592.73996
42,8,592.750962
42,8,592.762964
42,8,592.773967
42,8,592.78697
42,8,592.798973
42,8,592.809975
42,8,592.821978
42,8,592.83298
42,8,592.844983
42,8,592.856986
42,8,592.868989
42,8,592.879991
40,10,592.892994
42,8,592.904997
42,8,592.916999
42,8,592.928002
40,10,592.944005
42,8,592.958008
42,8,592.970011
42,8,592.982014
42,8,592.994017
42,8,593.00602
42,8,593.018022
42,8,593.030025
42,8,593.041027
42,8,593.05303
40,10,593.066033
42,8,593.078035
42,8,593.090039
42,8,593.101041
42,8,593.113162
42,8,593.125165
40,10,593.140168
40,10,593.154172
40,10,593.169174
-100,100,593.310208
14,36,593.36122
42,8,593.373223
42,8,593.385225
42,8,593.396228
42,8,593.40823
40,10,593.420233
40,10,593.436237
40,10,593.44924
40,10,593.465243
40,10,593.478246
40,10,593.493249
40,10,593.507252
38,12,593.523257
42,8,593.535259
42,8,593.546262
42,8,593.558264
-56,6,593.567266
42,8,593.580269
42,8,593.591272
42,8,593.603274
39,11,593.617277
42,8,593.62928
42,8,593.641283
42,8,593.654288
42,8,593.666291
42,8,593.678293
40,10,593.693297
40,10,593.707302
40,10,593.723306
40,10,593.736309
40,10,593.752313
40,10,593.765316
40,10,593.781319
40,10,593.794323
40,10,593.810326
40,10,593.823328
42,8,593.835331
42,8,593.847334
42,8,593.859337
42,8,593.87134
42,8,593.883342
42,8,593.895345
42,8,593.907347
42,8,593.91935
40,10,593.935354
40,10,593.949357
40,10,593.96436
40,10,593.977363
40,10,593.993367
40,10,594.00737
40,10,594.022373
40,10,594.035376
42,8,594.047379
42,8,594.059382
42,8,594.071385
42,8,594.083387
42,8,594.094389
42,8,594.107393
42,8,594.119395
42,8,594.131398
40,10,594.146402
38,12,594.164406
42,8,594.175408
42,8,594.187411
42,8,594.198413
42,8,594.210416
42,8,594.221418
42,8,594.233421
42,8,594.245424
42,8,594.256427
42,8,594.268429
42,8,594.280432
40,10,594.293435
40,10,594.308438
42,8,594.320441
40,10,594.333444
42,8,594.344446
40,10,594.36045
40,10,594.373452
42,8,594.385455
42,8,594.396458
42,8,594.40746
42,8,594.419463
42,8,594.431466
42,8,594.443468
42,8,594.455471
42,8,594.466474
42,8,594.477476
40,10,594.493479
40,10,594.507483
40,10,594.523486
40,10,594.536489
40,10,594.552493
40,10,594.565496
40,10,594.5825
40,10,594.595503
42,8,594.607505
42,8,594.619508
42,8,594.631511
42,8,594.643513
42,8,594.654516
42,8,594.666519
42,8,594.678521
42,8,594.690524
40,10,594.706528
40,10,594.719531
40,10,594.734534
40,10,594.749537
42,8,594.76054
42,8,594.772543
42,8,594.783545
42,8,594.794548
42,8,594.807551
38,12,594.823554
40,10,594.839558
40,10,594.85356
40,10,594.870565
42,8,594.881567
42,8,594.89257
42,8,594.905572
42,8,594.917575
42,8,594.928577
40,10,594.941581
40,10,594.957584
40,10,594.971587
42,8,594.98359
41,9,594.998593
42,8,595.009596
40,10,595.022599
42,8,595.034601
42,8,595.046604
42,8,595.058608
42,8,595.069609
42,8,595.081612
34,16,595.103617
-55,5,595.110618
42,8,595.122621
42,8,595.134624
42,8,595.146626
40,10,595.16263
42,8,595.174633
40,10,595.187636
42,8,595.199639
41,9,595.213642
42,8,595.225644
40,10,595.238647
42,8,595.25065
40,10,595.267654
42,8,595.278656
42,8,595.289659
40,10,595.302662
40,10,595.318665
42,8,595.329668
42,8,595.34067
40,10,595.354673
42,8,595.366676
42,8,595.377679
42,8,595.389682
40,10,595.404685
42,8,595.417688
40,10,595.430691
40,10,595.446694
40,10,595.460698
40,10,595.476701
42,8,595.487703
42,8,595.498706
42,8,595.510709
42,8,595.521712
42,8,595.532713
42,8,595.544716
40,10,595.557719
-54,4,595.563721
40,10,595.578726
42,8,595.591729
42,8,595.602853
42,8,595.613855
42,8,595.625859
42,8,595.638862
42,8,595.650865
42,8,595.661868
40,10,595.67487
39,11,595.690874
40,10,595.704878
40,10,595.71988
42,8,595.731884
42,8,595.743886
42,8,595.754889
42,8,595.766891
42,8,595.778894
42,8,595.788896
-54,4,595.794897
42,8,595.8069
42,8,595.817903
42,8,595.829906
42,8,595.840908
42,8,595.85191
42,8,595.863913
42,8,595.874916
42,8,595.887919
42,8,595.898921
40,10,595.912924
42,8,595.924927
38,12,595.941931
40,10,595.957936
42,8,595.968939
42,8,595.980941
42,8,595.991944
42,8,596.003947
42,8,596.01609
40,10,596.029093
40,10,596.045097
38,12,596.0621
42,8,596.074103
42,8,596.086106
42,8,596.097108
42,8,596.109111
42,8,596.121114
40,10,596.135117
42,8,596.14712
42,8,596.158122
42,8,596.171125
39,11,596.188129
42,8,596.199131
42,8,596.211134
42,8,596.223136
42,8,596.235139
42,8,596.246142
42,8,596.258145
42,8,596.270147
42,8,596.28115
42,8,596.292152
42,8,596.304155
42,8,596.316158
42,8,596.32716
42,8,596.339163
42,8,596.351166
40,10,596.367169
40,10,596.380172
42,8,596.391174
42,8,596.404177
42,8,596.41518
40,10,596.431183
42,8,596.443186
42,8,596.454189
42,8,596.467191
40,10,596.479194
39,11,596.496198
42,8,596.5072
40,10,596.520203
42,8,596.531206
42,8,596.543209
42,8,596.554211
42,8,596.566214
42,8,596.578217
40,10,596.59222
42,8,596.604223
41,9,596.616225
40,10,596.633229
40,10,596.646232
40,10,596.662237
42,8,596.67424
42,8,596.686243
42,8,596.697246
42,8,596.709248
42,8,596.721251
42,8,596.733253
42,8,596.744256
40,10,596.757259
42,8,596.768261
42,8,596.780264
42,8,596.792267
42,8,596.803269
40,10,596.818273
40,10,596.832276
40,10,596.848279
40,10,596.862283
42,8,596.874285
42,8,596.885288
42,8,596.898291
42,8,596.909293
42,8,596.921297
42,8,596.933298
42,8,596.946301
42,8,596.957304
38,12,596.974308
38,12,596.991313
42,8,597.003316
42,8,597.015319
42,8,597.026321
-56,6,597.035323
40,10,597.049327
40,10,597.06533
40,10,597.078333
42,8,597.089336
42,8,597.101339
40,10,597.117342
42,8,597.129344
42,8,597.140347
42,8,597.15335
42,8,597.165353
40,10,597.179356
40,10,597.195359
42,8,597.207362
42,8,597.219365
42,8,597.231367
42,8,597.24237
42,8,597.254373
42,8,597.265375
40,10,597.278378
40,10,597.293382
40,10,597.307386
40,10,597.323388
40,10,597.336392
42,8,597.347394
42,8,597.359396
40,10,597.3754
40,10,597.388403
40,10,597.404407
42,8,597.415409
42,8,597.427412
40,10,597.441415
40,10,597.457418
40,10,597.470422
42,8,597.482424
42,8,597.493427
42,8,597.50543
42,8,597.516432
42,8,597.528435
40,10,597.544438
40,10,597.557441
42,8,597.568443
42,8,597.580446
42,8,597.592449
42,8,597.603451
40,10,597.619455
40,10,597.632458
42,8,597.644461
42,8,597.656464
42,8,597.667466
42,8,597.680469
42,8,597.692472
42,8,597.704474
42,8,597.715477
40,10,597.732481
42,8,597.743483
42,8,597.755486
42,8,597.767488
42,8,597.778491
38,12,597.796497
42,8,597.807499
40,10,597.820502
42,8,597.833506
42,8,597.844508
40,10,597.859511
40,10,597.872514
42,8,597.884517
40,10,597.89952
42,8,597.911523
42,8,597.923526
42,8,597.934528
42,8,597.946531
42,8,597.958533
38,12,597.976538
42,8,597.98754
42,8,597.998542
42,8,598.010545
42,8,598.022548
18,32,598.067558
42,8,598.078561
42,8,598.090563
42,8,598.101566
40,10,598.114569
40,10,598.130572
40,10,598.144575
40,10,598.160579
42,8,598.172582
42,8,598.184584
40,10,598.197587
40,10,598.214591
40,10,598.227594
41,9,598.238597
42,8,598.250599
36,14,598.271605
40,10,598.285607
42,8,598.29761
42,8,598.308613
42,8,598.319615
42,8,598.331617
40,10,598.346621
40,10,598.359624
40,10,598.376628
42,8,598.388631
42,8,598.400633
42,8,598.412636
42,8,598.424639
40,10,598.437641
40,10,598.453645
42,8,598.464648
42,8,598.47665
42,8,598.488654
42,8,598.499655
40,10,598.512658
40,10,598.527662
42,8,598.539667
42,8,598.55167
38,12,598.568674
40,10,598.581676
40,10,598.596681
42,8,598.608682
42,8,598.621686
42,8,598.633688
42,8,598.645691
42,8,598.657694
40,10,598.671697
42,8,598.6837
42,8,598.695702
40,10,598.711706
42,8,598.722708
42,8,598.734711
42,8,598.745713
42,8,598.757839
42,8,598.769842
42,8,598.780844
42,8,598.792847
42,8,598.80385
42,8,598.815852
42,8,598.826854
42,8,598.838857
42,8,598.84986
42,8,598.861863
42,8,598.873865
42,8,598.885868
-55,5,598.891869
42,8,598.904872
42,8,598.916875
40,10,598.931878
42,8,598.943881
40,10,598.957884
40,10,598.973888
40,10,598.986891
42,8,598.998893
42,8,599.009896
42,8,599.020898
12,38,599.075911
42,8,599.086913
42,8,599.099916
42,8,599.111919
42,8,599.122922
41,9,599.134924
40,10,599.148927
40,10,599.163931
42,8,599.175933
42,8,599.187936
42,8,599.199939
40,10,599.212942
42,8,599.224944
-55,5,599.232946
42,8,599.244949
42,8,599.256952
42,8,599.268954
42,8,599.279957
40,10,599.29296
40,10,599.308963
42,8,599.320966
42,8,599.332969
42,8,599.343971
42,8,599.354974
42,8,599.366976
42,8,599.378979
42,8,599.389982
40,10,599.403985
38,12,599.420988
40,10,599.435992
40,10,599.449995
42,8,599.460997
42,8,599.472
42,8,599.484003
42,8,599.495005
42,8,599.507008
38,12,599.524012
42,8,599.535014
42,8,599.548017
40,10,599.56302
40,10,599.576023
40,10,599.592027
42,8,599.60403
42,8,599.615032
42,8,599.628035
42,8,599.640038
40,10,599.653041
40,10,599.669046
40,10,599.683049
42,8,599.694052
42,8,599.706055
42,8,599.717057
40,10,599.733061
42,8,599.744063
42,8,599.755066
42,8,599.767068
42,8,599.779071
40,10,599.792074
40,10,599.807077
42,8,599.81908
42,8,599.830083
42,8,599.842086
40,10,599.855089
40,10,599.872092
40,10,599.886095
42,8,599.898098
42,8,599.910101
42,8,599.921103
42,8,599.933106
42,8,599.945108
40,10,599.960112
40,10,599.974115
40,10,599.990119
42,8,600.001121
42,8,600.012123
42,8,600.024126
42,8,600.037129
42,8,600.048131
40,10,600.061135
42,8,600.072137
42,8,600.08414
42,8,600.096143
42,8,600.109146
42,8,600.121149
42,8,600.133151
42,8,600.144153
40,10,600.160157
42,8,600.17216
42,8,600.184162
42,8,600.197165
42,8,600.208168
42,8,600.22017
42,8,600.233174
40,10,600.246176
40,10,600.26118
42,8,600.272182
42,8,600.284185
42,8,600.296188
42,8,600.30719
40,10,600.321193
42,8,600.332196
42,8,600.343198
42,8,600.356201
42,8,600.367203
42,8,600.380206
42,8,600.391209
42,8,600.403212
42,8,600.415214
42,8,600.426217
42,8,600.43822
42,8,600.450223
42,8,600.462225
42,8,600.474228
42,8,600.48623
42,8,600.498234
41,9,600.510236
42,8,600.521238
42,8,600.533241
42,8,600.544243
42,8,600.556246
42,8,600.568249
42,8,600.580252
42,8,600.592254
42,8,600.605257
42,8,600.61726
42,8,600.630263
42,8,600.641265
38,12,600.65827
40,10,600.674273
42,8,600.685275
40,10,600.699279
42,8,600.711281
42,8,600.723284
40,10,600.739288
42,8,600.75129
42,8,600.763293
42,8,600.774295
42,8,600.786299
42,8,600.7973
40,10,600.811303
40,10,600.827307
42,8,600.83931
42,8,600.852313
40,10,600.864316
42,8,600.877318
40,10,600.892322
40,10,600.907325
40,10,600.923328
40,10,600.936332
42,8,600.948334
42,8,600.959337
42,8,600.971339
40,10,600.987343
40,10,601.000346
42,8,601.012349
42,8,601.023351
42,8,601.035354
42,8,601.047357
42,8,601.05936
40,10,601.074364
40,10,601.088366
42,8,601.100369
42,8,601.113372
42,8,601.125374
40,10,601.141378
40,10,601.155381
42,8,601.167384
42,8,601.179386
42,8,601.191389
40,10,601.206393
38,12,601.223396
38,12,601.241456
42,8,601.253458
42,8,601.265461
42,8,601.276464
40,10,601.289469
40,10,601.305473
42,8,601.317475
42,8,601.328477
42,8,601.34048
40,10,601.354484
40,10,601.370487
40,10,601.38349
42,8,601.395493
42,8,601.407496
42,8,601.419498
40,10,601.435502
40,10,601.449505
42,8,601.461508
40,10,601.477634
42,8,601.489638
42,8,601.50064
40,10,601.514643
40,10,601.530647
42,8,601.541649
42,8,601.553653
42,8,601.565654
42,8,601.576657
40,10,601.59066
42,8,601.602663
40,10,601.617667
42,8,601.629669
42,8,601.641672
40,10,601.655675
42,8,601.667677
40,10,601.683681
42,8,601.695683
42,8,601.707686
42,8,601.720689
42,8,601.732692
42,8,601.743695
40,10,601.756697
40,10,601.771701
42,8,601.783703
42,8,601.795706
42,8,601.806709
42,8,601.817711
40,10,601.831714
40,10,601.847718
42,8,601.85872
42,8,601.869723
42,8,601.883726
42,8,601.895729
42,8,601.907731
40,10,601.921735
42,8,601.933737
42,8,601.94574
42,8,601.957743
40,10,601.972746
42,8,601.984749
42,8,601.995751
42,8,602.007754
42,8,602.019757
42,8,602.031759
40,10,602.044689
42,8,602.055691
42,8,602.068695
42,8,602.079697
42,8,602.0907
40,10,602.106703
40,10,602.120706
42,8,602.13271
42,8,602.144895
42,8,602.156718
42,8,602.16872
42,8,602.180723
40,10,602.195727
40,10,602.20973
42,8,602.221733
42,8,602.233735
42,8,602.245738
42,8,602.25774
42,8,602.268743
40,10,602.284747
40,10,602.29775
42,8,602.309752
41,9,602.324756
42,8,602.336759
42,8,602.348761
42,8,602.359764
42,8,602.371767
42,8,602.383769
42,8,602.395772
40,10,602.408775
40,10,602.424778
42,8,602.436781
42,8,602.447783
42,8,602.459786
42,8,602.471789
42,8,602.483791
42,8,602.494794
42,8,602.506797
40,10,602.519799
42,8,602.531802
40,10,602.546806
41,9,602.558809
42,8,602.570811
40,10,602.583814
40,10,602.599818
42,8,602.61082
42,8,602.622823
42,8,602.634825
42,8,602.646828
42,8,602.658831
42,8,602.670834
40,10,602.683837
42,8,602.695839
42,8,602.708842
42,8,602.720845
42,8,602.731848
40,10,602.747854
42,8,602.758856
42,8,602.770859
42,8,602.783861
42,8,602.794864
42,8,602.805867
42,8,602.81887
42,8,602.829973
42,8,602.840996
42,8,602.852998
42,8,602.865001
42,8,602.876004
42,8,602.888007
42,8,602.899009
42,8,602.911012
40,10,602.924014
40,10,602.940018
42,8,602.953021
42,8,602.966024
42,8,602.978026
42,8,602.98903
42,8,603.001032
42,8,603.013035
42,8,603.025037
42,8,603.036039
42,8,603.048042
42,8,603.060045
40,10,603.073048
42,8,603.08405
42,8,603.096053
42,8,603.107056
42,8,603.119058
42,8,603.131061
42,8,603.143064
42,8,603.15519
41,9,603.170192
42,8,603.182195
42,8,603.194197
42,8,603.2062
42,8,603.217203
42,8,603.230206
42,8,603.241208
40,10,603.254211
40,10,603.270215
42,8,603.283218
40,10,603.297221
42,8,603.309224
42,8,603.320226
40,10,603.336229
42,8,603.348233
42,8,603.360235
42,8,603.371238
42,8,603.38324
42,8,603.395243
40,10,603.409246
42,8,603.421249
42,8,603.433252
42,8,603.444254
42,8,603.456257
40,10,603.47226
40,10,603.485264
42,8,603.496266
42,8,603.508268
42,8,603.520271
42,8,603.531273
42,8,603.543276
42,8,603.554279
42,8,603.566282
42,8,603.577284
42,8,603.589286
42,8,603.601289
40,10,603.617293
4,46,603.681307
20,30,603.725318
40,10,603.73832
40,10,603.754324
40,10,603.767327
42,8,603.77933
30,20,603.808336
42,8,603.820339
40,10,603.835342
40,10,603.848345
42,8,603.860348
42,8,603.87135
42,8,603.882353
42,8,603.894355
42,8,603.90636
42,8,603.918363
42,8,603.929365
32,18,603.956371
42,8,603.969374
42,8,603.981377
42,8,603.99338
42,8,604.005383
40,10,604.019386
40,10,604.035389
42,8,604.047392
42,8,604.058394
42,8,604.070397
42,8,604.0824
40,10,604.095403
40,10,604.111406
40,10,604.125409
40,10,604.140414
42,8,604.152416
30,20,604.181422
42,8,604.193425
42,8,604.205428
42,8,604.21643
40,10,604.230433
40,10,604.246437
42,8,604.258439
42,8,604.271442
42,8,604.283445
40,10,604.296448
42,8,604.308451
42,8,604.321454
42,8,604.332456
42,8,604.343459
42,8,604.356462
40,10,604.371465
42,8,604.382467
42,8,604.39447
42,8,604.405473
42,8,604.418475
40,10,604.432479
42,8,604.443482
42,8,604.455484
42,8,604.468487
40,10,604.48449
42,8,604.495493
42,8,604.507496
42,8,604.519498
42,8,604.531501
40,10,604.544504
40,10,604.560507
42,8,604.571511
42,8,604.583513
42,8,604.595515
40,10,604.608518
40,10,604.624522
42,8,604.636524
40,10,604.648527
42,8,604.66153
40,10,604.676533
42,8,604.688537
42,8,604.701539
42,8,604.712544
40,10,604.726547
40,10,604.742551
42,8,604.755554
42,8,604.766557
42,8,604.779559
40,10,604.792562
40,10,604.808566
40,10,604.821569
42,8,604.833571
42,8,604.845574
42,8,604.856577
42,8,604.867579
39,11,604.883583
42,8,604.895585
42,8,604.907588
40,10,604.921592
42,8,604.933594
42,8,604.945597
42,8,604.957599
42,8,604.969602
40,10,604.985606
42,8,604.997608
42,8,605.011612
42,8,605.022614
42,8,605.035619
42,8,605.045621
42,8,605.057624
42,8,605.069627
42,8,605.081629
42,8,605.092632
42,8,605.104635
42,8,605.116637
42,8,605.12764
42,8,605.139642
42,8,605.150645
42,8,605.162648
42,8,605.17465
42,8,605.186653
40,10,605.200656
41,9,605.21566
42,8,605.227662
40,10,605.241666
42,8,605.253668
42,8,605.266671
40,10,605.281674
42,8,605.294677
40,10,605.30768
40,10,605.323684
42,8,605.335687
42,8,605.347689
42,8,605.358691
40,10,605.371695
42,8,605.383698
42,8,605.3957
42,8,605.406703
40,10,605.423707
40,10,605.43771
42,8,605.450713
-55,5,605.456714
42,8,605.468717
42,8,605.480719
40,10,605.497723
40,10,605.510727
42,8,605.522729
42,8,605.534732
42,8,605.546734
42,8,605.558737
42,8,605.56974
42,8,605.580742
42,8,605.592745
42,8,605.604747
42,8,605.61575
42,8,605.627752
42,8,605.638755
42,8,605.650758
42,8,605.66276
40,10,605.678764
40,10,605.691767
42,8,605.70377
42,8,605.715772
42,8,605.728775
40,10,605.744284
42,8,605.756286
42,8,605.769289
42,8,605.780292
42,8,605.791294
42,8,605.803297
42,8,605.8153
42,8,605.827302
42,8,605.838305
42,8,605.849307
42,8,605.861311
42,8,605.872313
42,8,605.884315
42,8,605.897318
42,8,605.90832
42,8,605.919323
42,8,605.932326
42,8,605.945329
42,8,605.956331
42,8,605.968334
42,8,605.980337
42,8,605.99334
42,8,606.004343
40,10,606.017345
42,8,606.029348
42,8,606.04135
42,8,606.052353
42,8,606.064356
42,8,606.076358
42,8,606.088362
42,8,606.099364
42,8,606.111366
42,8,606.123369
42,8,606.135372
42,8,606.146374
42,8,606.158377
40,10,606.174381
42,8,606.186383
42,8,606.198386
42,8,606.210389
42,8,606.222392
42,8,606.234394
42,8,606.246397
42,8,606.257399
42,8,606.270402
42,8,606.281404
42,8,606.293408
42,8,606.30541
42,8,606.318413
42,8,606.329416
42,8,606.342418
42,8,606.354421
42,8,606.366424
42,8,606.378427
42,8,606.390429
42,8,606.401432
42,8,606.414434
42,8,606.426437
42,8,606.43844
42,8,606.450443
42,8,606.462445
42,8,606.474448
42,8,606.487453
42,8,606.499456
42,8,606.510458
42,8,606.521461
42,8,606.533463
42,8,606.544466
42,8,606.556468
42,8,606.569471
42,8,606.580474
-35,85,606.701501
42,8,606.714504
42,8,606.726507
42,8,606.737509
42,8,606.749512
42,8,606.761515
42,8,606.773518
42,8,606.78452
42,8,606.796523
42,8,606.807525
42,8,606.819528
42,8,606.831531
42,8,606.843533
42,8,606.855536
42,8,606.867539
42,8,606.878541
42,8,606.890544
42,8,606.902546
38,12,606.91955
42,8,606.931553
42,8,606.943556
42,8,606.956558
42,8,606.968561
42,8,606.980564
42,8,606.992567
42,8,607.00457
42,8,607.016572
42,8,607.029575
42,8,607.040577
42,8,607.05258
42,8,607.064583
42,8,607.076586
42,8,607.087589
42,8,607.099591
42,8,607.111593
42,8,607.123596
42,8,607.134599
42,8,607.146601
42,8,607.159604
42,8,607.171607
42,8,607.183609
42,8,607.195613
42,8,607.207615
42,8,607.218618
42,8,607.23062
42,8,607.243129
42,8,607.255131
42,8,607.267134
42,8,607.278136
42,8,607.290141
42,8,607.302144
42,8,607.314147
42,8,607.325149
42,8,607.337152
-55,5,607.343153
42,8,607.355156
42,8,607.368159
42,8,607.379161
42,8,607.390164
42,8,607.402167
42,8,607.414169
42,8,607.425172
42,8,607.437175
42,8,607.449178
42,8,607.46118
42,8,607.473183
42,8,607.485185
42,8,607.497188
42,8,607.50819
42,8,607.520193
42,8,607.532196
42,8,607.544199
42,8,607.556201
42,8,607.567204
42,8,607.579206
42,8,607.591209
42,8,607.603212
42,8,607.614214
42,8,607.626217
42,8,607.63822
42,8,607.650223
42,8,607.661225
42,8,607.673228
42,8,607.686231
40,10,607.701234
42,8,607.713238
42,8,607.724239
42,8,607.737242
28,22,607.768249
42,8,607.780252
42,8,607.791254
42,8,607.803257
40,10,607.819261
40,10,607.832263
42,8,607.844266
42,8,607.855269
42,8,607.867272
40,10,607.883276
40,10,607.897278
42,8,607.910281
42,8,607.921283
42,8,607.933286
42,8,607.946289
4,46,608.013306
40,10,608.026309
42,8,608.038312
42,8,608.050315
42,8,608.061317
42,8,608.07432
40,10,608.089323
42,8,608.101326
42,8,608.114329
42,8,608.125331
42,8,608.137334
42,8,608.149337
42,8,608.16234
42,8,608.174343
42,8,608.186345
42,8,608.198348
42,8,608.210351
42,8,608.221353
42,8,608.232356
42,8,608.245358
40,10,608.259362
42,8,608.271364
42,8,608.282367
42,8,608.294489
42,8,608.306492
42,8,608.318494
42,8,608.329497
42,8,608.3415
42,8,608.353502
42,8,608.364505
42,8,608.375507
40,10,608.392511
42,8,608.404515
42,8,608.417517
42,8,608.42852
42,8,608.440522
42,8,608.452525
40,10,608.465528
42,8,608.47753
40,10,608.493534
42,8,608.504537
42,8,608.517539
42,8,608.529542
42,8,608.541545
42,8,608.551547
40,10,608.56555
42,8,608.576552
42,8,608.588556
42,8,608.600558
42,8,608.613561
-54,4,608.619562
38,12,608.636566
42,8,608.649569
42,8,608.661572
40,10,608.676575
42,8,608.689578
42,8,608.701581
42,8,608.712583
42,8,608.723586
40,10,608.736589
42,8,608.749591
42,8,608.760594
42,8,608.771596
42,8,608.783599
42,8,608.795602
42,8,608.806604
42,8,608.818607
42,8,608.83061
42,8,608.842613
42,8,608.854615
42,8,608.866618
42,8,608.87862
42,8,608.890623
42,8,608.902626
42,8,608.914629
42,8,608.926631
42,8,608.938634
42,8,608.950637
42,8,608.962639
40,10,608.978643
42,8,608.990646
42,8,609.002648
42,8,609.014651
42,8,609.025654
42,8,609.037659
42,8,609.049661
42,8,609.060663
42,8,609.073667
40,10,609.086669
42,8,609.098672
42,8,609.110675
42,8,609.122678
42,8,609.13468
42,8,609.146683
42,8,609.157686
42,8,609.170689
42,8,609.181691
42,8,609.193693
42,8,609.204697
42,8,609.216699
42,8,609.228701
42,8,609.239705
40,10,609.255709
42,8,609.26771
42,8,609.278713
42,8,609.290715
42,8,609.302718
42,8,609.31372
42,8,609.325723
42,8,609.337727
42,8,609.348728
42,8,609.360731
42,8,609.372734
42,8,609.384737
42,8,609.396739
42,8,609.409742
42,8,609.420745
42,8,609.432747
42,8,609.44375
42,8,609.455753
42,8,609.467755
42,8,609.479758
40,10,609.491761
42,8,609.503763
40,10,609.518767
42,8,609.530769
42,8,609.541773
42,8,609.553775
42,8,609.565777
42,8,609.57878
42,8,609.590783
42,8,609.602786
42,8,609.614788
42,8,609.626791
42,8,609.639794
42,8,609.650796
42,8,609.662799
42,8,609.674802
42,8,609.686805
42,8,609.697807
42,8,609.71081
42,8,609.721813
42,8,609.733815
42,8,609.745818
42,8,609.756821
42,8,609.768823
42,8,609.780826
42,8,609.791828
42,8,609.803831
42,8,609.815834
42,8,609.826836
42,8,609.83884
42,8,609.849841
42,8,609.861845
42,8,609.873847
42,8,609.885849
42,8,609.897852
42,8,609.909856
42,8,609.921858
42,8,609.93386
42,8,609.944863
42,8,609.955865
42,8,609.967868
42,8,609.978871
42,8,609.990873
42,8,610.002876
42,8,610.014879
42,8,610.025881
42,8,610.037884
40,10,610.050887
42,8,610.06389
42,8,610.074892
42,8,610.085894
42,8,610.097897
40,10,610.113901
40,10,610.127904
42,8,610.139907
42,8,610.151909
42,8,610.162912
42,8,610.174915
42,8,610.186917
42,8,610.19792
42,8,610.208922
42,8,610.219924
42,8,610.231927
42,8,610.24393
42,8,610.254932
42,8,610.265935
42,8,610.277938
42,8,610.28994
42,8,610.301943
42,8,610.313946
42,8,610.324949
38,12,610.342952
42,8,610.353956
42,8,610.366958
42,8,610.378961
-54,4,610.384962
42,8,610.396965
42,8,610.408967
42,8,610.419971
42,8,610.432972
40,10,610.447976
42,8,610.459979
42,8,610.471981
42,8,610.482985
-58,8,610.493987
42,8,610.505989
42,8,610.517992
42,8,610.528994
42,8,610.540997
42,8,610.553
42,8,610.564002
42,8,610.576005
42,8,610.588008
40,10,610.602011
42,8,610.613013
42,8,610.625016
42,8,610.636019
42,8,610.648021
40,10,610.663024
42,8,610.676027
42,8,610.68703
42,8,610.699033
40,10,610.712036
40,10,610.728039
42,8,610.740042
42,8,610.751044
42,8,610.763047
42,8,610.77505
42,8,610.787052
42,8,610.799055
42,8,610.810057
42,8,610.82106
42,8,610.834063
42,8,610.846066
42,8,610.858068
42,8,610.870071
42,8,610.882074
42,8,610.893076
42,8,610.905079
42,8,610.916082
42,8,610.928085
42,8,610.939087
42,8,610.951089
42,8,610.963092
42,8,610.974095
42,8,610.986097
42,8,610.9971
42,8,611.009227
42,8,611.021229
42,8,611.033231
41,9,611.044235
42,8,611.056237
42,8,611.06824
42,8,611.080242
42,8,611.092245
42,8,611.104248
42,8,611.11525
42,8,611.128253
42,8,611.139256
42,8,611.151258
42,8,611.162261
42,8,611.174263
42,8,611.185266
42,8,611.19727
42,8,611.209271
40,10,611.224275
42,8,611.236277
42,8,611.24828
42,8,611.259283
42,8,611.271285
40,10,611.284288
42,8,611.296291
42,8,611.307293
42,8,611.319297
42,8,611.330299
41,9,611.343302
42,8,611.355305
42,8,611.368307
42,8,611.37931
42,8,611.391312
42,8,611.402315
42,8,611.415318
40,10,611.432322
40,10,611.446325
42,8,611.458328
42,8,611.470331
40,10,611.486334
42,8,611.498339
42,8,611.510342
42,8,611.522344
42,8,611.535347
42,8,611.546352
42,8,611.558355
42,8,611.571358
42,8,611.58336
42,8,611.595364
42,8,611.606366
42,8,611.619369
42,8,611.631371
40,10,611.644374
40,10,611.660379
40,10,611.673381
42,8,611.685384
42,8,611.697387
42,8,611.709389
42,8,611.720392
42,8,611.732394
42,8,611.744537
42,8,611.75654
40,10,611.771543
42,8,611.783546
42,8,611.795549
42,8,611.807552
42,8,611.820555
42,8,611.832557
42,8,611.84356
42,8,611.854563
42,8,611.866666
42,8,611.877567
42,8,611.88957
42,8,611.902573
42,8,611.913576
42,8,611.924578
42,8,611.93658
42,8,611.948583
42,8,611.960586
42,8,611.971588
42,8,611.984591
42,8,611.996594
42,8,612.009597
42,8,612.0226
42,8,612.034602
42,8,612.046606
42,8,612.058608
40,10,612.073611
42,8,612.084614
40,10,612.100617
42,8,612.11262
41,9,612.124623
42,8,612.135625
42,8,612.147628
42,8,612.159633
42,8,612.171635
42,8,612.182638
42,8,612.19364
42,8,612.205643
42,8,612.217646
42,8,612.229648
42,8,612.241651
-54,4,612.247652
42,8,612.258655
41,9,612.270658
42,8,612.28266
42,8,612.294663
42,8,612.306666
40,10,612.321669
-52,2,612.323669
42,8,612.335672
40,10,612.351676
21,29,612.391811
42,8,612.403813
42,8,612.414816
42,8,612.425818
42,8,612.437822
42,8,612.448823
-55,5,612.455826
42,8,612.467828
42,8,612.480831
42,8,612.491833
42,8,612.503836
42,8,612.515839
42,8,612.528841
42,8,612.539844
42,8,612.551847
42,8,612.562849
42,8,612.574852
42,8,612.586855
42,8,612.598857
42,8,612.60986
42,8,612.620863
42,8,612.632865
42,8,612.644868
42,8,612.65587
40,10,612.670874
42,8,612.682876
42,8,612.694879
42,8,612.706882
42,8,612.718884
42,8,612.730887
42,8,612.74289
42,8,612.754893
40,10,612.767895
42,8,612.779898
42,8,612.791901
-58,8,612.802903
40,10,612.818907
40,10,612.83191
42,8,612.843913
42,8,612.854915
42,8,612.865918
40,10,612.881921
40,10,612.895924
40,10,612.911047
38,12,612.928051
42,8,612.940053
42,8,612.952059
42,8,612.964061
42,8,612.976064
42,8,612.988066
42,8,613.000069
42,8,613.011072
42,8,613.024075
42,8,613.036077
42,8,613.04808
40,10,613.062083
42,8,613.073086
42,8,613.085089
42,8,613.096091
42,8,613.107094
40,10,613.123097
42,8,613.1351
42,8,613.147102
40,10,613.160105
42,8,613.171108
42,8,613.183111
42,8,613.19523
42,8,613.206233
-55,5,613.216234
42,8,613.228237
42,8,613.24024
-52,2,613.24124
40,10,613.257244
40,10,613.271247
42,8,613.283249
40,10,613.299253
42,8,613.310256
40,10,613.323261
42,8,613.335263
40,10,613.350267
40,10,613.36327
42,8,613.375273
42,8,613.387275
40,10,613.403279
42,8,613.414282
42,8,613.425284
42,8,613.438287
42,8,613.450289
40,10,613.463293
40,10,613.479296
40,10,613.492299
40,10,613.507302
40,10,613.521305
42,8,613.534308
40,10,613.549311
42,8,613.561314
40,10,613.573317
42,8,613.58532
40,10,613.600323
-54,4,613.605325
42,8,613.617327
42,8,613.629329
42,8,613.640332
40,10,613.653335
40,10,613.668338
38,12,613.685342
42,8,613.697345
42,8,613.709348
40,10,613.723351
42,8,613.735485
42,8,613.746487
42,8,613.75849
40,10,613.774494
40,10,613.787497
40,10,613.804501
42,8,613.816503
40,10,613.828506
42,8,613.840508
40,10,613.855512
42,8,613.868515
42,8,613.880517
42,8,613.89152
42,8,613.903522
42,8,613.915525
42,8,613.926528
42,8,613.937531
42,8,613.949533
42,8,613.961535
42,8,613.973539
42,8,613.985541
40,10,613.998544
41,9,614.010547
42,8,614.022549
42,8,614.033552
40,10,614.049556
40,10,614.063559
40,10,614.078562
42,8,614.090565
42,8,614.103568
40,10,614.116571
42,8,614.127573
40,10,614.142576
42,8,614.15558
42,8,614.167582
42,8,614.178721
42,8,614.189725
42,8,614.201728
42,8,614.213731
42,8,614.223732
42,8,614.235735
42,8,614.246738
42,8,614.25874
42,8,614.270744
42,8,614.281746
40,10,614.294749
40,10,614.310752
42,8,614.322755
42,8,614.333757
42,8,614.346761
42,8,614.357763
40,10,614.370766
38,12,614.38777
40,10,614.404774
42,8,614.415776
42,8,614.428779
42,8,614.443782
40,10,614.459788
40,10,614.479792
42,8,614.495796
42,8,614.5108
42,8,614.526803
40,10,614.544807
42,8,614.560811
42,8,614.575814
42,8,614.591818
42,8,614.607821
42,8,614.623825
42,8,614.637828
42,8,614.653832
42,8,614.668835
42,8,614.682838
42,8,614.696841
42,8,614.712845
42,8,614.728848
42,8,614.743852
42,8,614.758855
42,8,614.773859
42,8,614.788862
42,8,614.802866
42,8,614.817868
42,8,614.831872
42,8,614.845875
42,8,614.859878
40,10,614.879883
42,8,614.892885
42,8,614.908889
42,8,614.923892
42,8,614.938897
42,8,614.9549
42,8,614.968903
42,8,614.981906
40,10,614.99991
42,8,615.014913
40,10,615.034917
42,8,615.051921
41,9,615.066925
42,8,615.080928
42,8,615.094931
42,8,615.108934
42,8,615.124062
42,8,615.140066
42,8,615.156069
42,8,615.171073
42,8,615.186076
42,8,615.200329
36,14,615.225087
42,8,615.242091
42,8,615.258095
42,8,615.274098
42,8,615.289102
38,12,615.311107
40,10,615.327111
42,8,615.341114
40,10,615.361118
42,8,615.377121
42,8,615.392125
40,10,615.408129
42,8,615.423132
42,8,615.436135
42,8,615.450141
42,8,615.466145
38,12,615.49015
-64,14,615.516156
42,8,615.531159
42,8,615.546163
-22,72,615.671191
42,8,615.687195
42,8,615.703198
40,10,615.720202
42,8,615.736206
40,10,615.75421
42,8,615.769213
42,8,615.784217
42,8,615.79922
40,10,615.817224
42,8,615.833227
42,8,615.848231
40,10,615.870236
40,10,615.88624
42,8,615.900243
42,8,615.913246
42,8,615.928249
40,10,615.948254
40,10,615.964258
40,10,615.983261
40,10,616.000265
42,8,616.013268
40,10,616.032272
42,8,616.048276
42,8,616.063279
40,10,616.080283
42,8,616.096287
42,8,616.10929
40,10,616.128294
42,8,616.142297
42,8,616.1573
42,8,616.172304
42,8,616.186307
42,8,616.20031
42,8,616.214314
42,8,616.228316
42,8,616.243323
42,8,616.258326
42,8,616.273329
40,10,616.292334
42,8,616.308337
42,8,616.324341
42,8,616.339344
42,8,616.355348
42,8,616.371351
42,8,616.385355
42,8,616.399358
40,10,616.419363
42,8,616.434365
42,8,616.449369
40,10,616.467373
42,8,616.482376
42,8,616.49738
42,8,616.513383
42,8,616.529387
42,8,616.545391
40,10,616.564395
42,8,616.578398
42,8,616.592401
40,10,616.610405
42,8,616.62441
42,8,616.639414
40,10,616.658418
42,8,616.672421
42,8,616.687425
40,10,616.703546
40,10,616.72255
40,10,616.739554
42,8,616.754557
42,8,616.769561
42,8,616.785564
42,8,616.800568
42,8,616.816571
40,10,616.839576
42,8,616.85458
42,8,616.868583
42,8,616.881586
42,8,616.896589
42,8,616.910594
40,10,616.926598
42,8,616.941602
40,10,616.961608
42,8,616.976611
41,9,616.991615
-56,6,617.000617
42,8,617.01562
42,8,617.030623
40,10,617.051629
42,8,617.065631
42,8,617.080635
40,10,617.098639
42,8,617.114642
40,10,617.135647
42,8,617.14965
42,8,617.165654
42,8,617.180657
42,8,617.195661
40,10,617.211664
42,8,617.224667
40,10,617.244675
42,8,617.259679
42,8,617.274682
40,10,617.290686
40,10,617.30969
40,10,617.328694
42,8,617.344698
42,8,617.360702
42,8,617.375706
42,8,617.39071
42,8,617.405713
42,8,617.419717
42,8,617.43472
42,8,617.447723
42,8,617.464727
42,8,617.47873
40,10,617.496734
42,8,617.511738
42,8,617.526741
42,8,617.541744
42,8,617.557748
40,10,617.576752
42,8,617.591872
42,8,617.608875
42,8,617.623879
40,10,617.642883
42,8,617.657887
42,8,617.671889
42,8,617.685893
40,10,617.702627
42,8,617.717634
42,8,617.730637
42,8,617.745642
42,8,617.758643
42,8,617.774647
40,10,617.795652
42,8,617.809655
42,8,617.823658
40,10,617.839662
42,8,617.854665
40,10,617.87667
42,8,617.891674
42,8,617.905678
42,8,617.91968
42,8,617.933683
42,8,617.948686
42,8,617.964814
42,8,617.979818
42,8,617.994821
42,8,618.008824
40,10,618.024828
42,8,618.039831
-55,5,618.051834
42,8,618.06884
42,8,618.082843
-55,5,618.090844
42,8,618.107848
40,10,618.124852
42,8,618.138855
42,8,618.152858
42,8,618.164861
42,8,618.175864
40,10,618.190867
42,8,618.20287
40,10,618.214996
40,10,618.230999
42,8,618.243002
42,8,618.254005
40,10,618.268008
42,8,618.28001
42,8,618.292013
42,8,618.303016
42,8,618.314018
42,8,618.326021
40,10,618.342024
42,8,618.354028
42,8,618.36603
42,8,618.377032
42,8,618.389035
42,8,618.400039
40,10,618.41204
42,8,618.425043
42,8,618.437046
42,8,618.449049
42,8,618.460051
42,8,618.471054
40,10,618.488058
42,8,618.50006
42,8,618.511063
42,8,618.523066
42,8,618.535068
42,8,618.547071
40,10,618.560074
40,10,618.576077
42,8,618.58808
42,8,618.599082
42,8,618.611085
42,8,618.622088
42,8,618.63309
42,8,618.645093
42,8,618.657095
42,8,618.667098
42,8,618.679101
40,10,618.69224
42,8,618.703243
42,8,618.715246
42,8,618.728249
42,8,618.739251
42,8,618.751254
42,8,618.762256
42,8,618.775259
42,8,618.786262
41,9,618.801265
-56,6,618.809267
42,8,618.82227
42,8,618.833272
42,8,618.844275
42,8,618.856277
42,8,618.86728
42,8,618.879282
42,8,618.890285
42,8,618.903288
42,8,618.91429
42,8,618.926293
42,8,618.938296
42,8,618.949298
42,8,618.961301
42,8,618.973304
42,8,618.985306
42,8,618.997309
42,8,619.009312
42,8,619.022315
42,8,619.033317
42,8,619.04532
42,8,619.057323
42,8,619.068325
42,8,619.07933
42,8,619.091332
42,8,619.103335
42,8,619.115338
42,8,619.12634
42,8,619.137343
42,8,619.149346
40,10,619.165349
40,10,619.178352
42,8,619.190355
42,8,619.202358
42,8,619.214482
42,8,619.225485
40,10,619.242488
42,8,619.253491
42,8,619.266494
42,8,619.278497
42,8,619.289499
40,10,619.302502
40,10,619.318506
42,8,619.329508
42,8,619.341511
42,8,619.352513
42,8,619.364516
40,10,619.377519
40,10,619.393522
42,8,619.404525
42,8,619.416528
42,8,619.42853
42,8,619.439533
42,8,619.451536
40,10,619.464539
42,8,619.476541
40,10,619.492545
42,8,619.504548
42,8,619.51555
-56,6,619.523552
42,8,619.536555
40,10,619.552558
42,8,619.564561
42,8,619.575563
42,8,619.587566
42,8,619.599569
42,8,619.611572
40,10,619.624575
40,10,619.640578
42,8,619.65158
42,8,619.663583
42,8,619.675586
42,8,619.687589
40,10,619.700592
40,10,619.716595
42,8,619.728598
42,8,619.740604
42,8,619.753607
42,8,619.764609
40,10,619.778612
40,10,619.794618
40,10,619.80762
42,8,619.819623
42,8,619.830626
42,8,619.841628
42,8,619.853631
42,8,619.865633
40,10,619.881637
40,10,619.894641
40,10,619.909643
42,8,619.921646
42,8,619.933649
42,8,619.945652
42,8,619.956654
40,10,619.970658
42,8,619.98366
42,8,619.995663
42,8,620.007666
42,8,620.019668
40,10,620.034671
42,8,620.047675
40,10,620.060678
42,8,620.07268
42,8,620.083683
42,8,620.096686
40,10,620.111689
40,10,620.124692
42,8,620.137695
42,8,620.148697
42,8,620.160703
42,8,620.171705
42,8,620.183708
42,8,620.19571
42,8,620.208715
40,10,620.224719
42,8,620.236721
42,8,620.249724
42,8,620.260727
42,8,620.272729
42,8,620.285732
40,10,620.298735
42,8,620.309738
42,8,620.320741
42,8,620.332743
42,8,620.344745
40,10,620.360749
40,10,620.372752
42,8,620.384755
42,8,620.396758
42,8,620.40776
42,8,620.418762
42,8,620.430765
42,8,620.442768
40,10,620.458771
40,10,620.472775
42,8,620.484777
42,8,620.49578
42,8,620.507782
42,8,620.519785
42,8,620.531788
40,10,620.547791
40,10,620.560915
42,8,620.571918
42,8,620.58392
42,8,620.595923
42,8,620.607925
40,10,620.622929
40,10,620.635932
42,8,620.647935
42,8,620.659938
42,8,620.67194
42,8,620.683943
42,8,620.694945
42,8,620.706948
42,8,620.719951
42,8,620.731954
42,8,620.744957
42,8,620.755959
40,10,620.771963
42,8,620.784965
42,8,620.796968
42,8,620.808971
42,8,620.819973
42,8,620.831976
42,8,620.843979
40,10,620.856982
42,8,620.867984
40,10,620.883988
42,8,620.895991
42,8,620.907993
40,10,620.921997
40,10,620.937
41,9,620.949878
42,8,620.961005
42,8,620.973008
40,10,620.988012
42,8,621.000014
42,8,621.011017
42,8,621.023019
42,8,621.036022
40,10,621.051025
42,8,621.062029
42,8,621.074031
40,10,621.088034
42,8,621.100037
42,8,621.112039
42,8,621.123042
42,8,621.135044
42,8,621.147047
42,8,621.15905
42,8,621.170052
42,8,621.182055
42,8,621.194058
42,8,621.206061
42,8,621.218063
42,8,621.231066
42,8,621.243069
42,8,621.255071
42,8,621.267074
42,8,621.279077
40,10,621.29508
40,10,621.308084
42,8,621.320086
42,8,621.331088
42,8,621.343091
42,8,621.355094
42,8,621.367097
42,8,621.378099
42,8,621.391102
42,8,621.403105
40,10,621.418108
42,8,621.429111
40,10,621.443114
42,8,621.455117
42,8,621.468119
42,8,621.480122
42,8,621.491125
42,8,621.504128
40,10,621.519131
40,10,621.533134
42,8,621.545137
42,8,621.556139
42,8,621.568142
42,8,621.580145
40,10,621.596148
40,10,621.610152
42,8,621.621154
42,8,621.633157
42,8,621.644159
40,10,621.660163
40,10,621.673166
42,8,621.684168
42,8,621.697171
42,8,621.708173
42,8,621.721177
40,10,621.73718
40,10,621.751183
42,8,621.763186
42,8,621.775188
42,8,621.787192
40,10,621.804195
42,8,621.816198
42,8,621.8272
42,8,621.839203
42,8,621.850205
42,8,621.862209
42,8,621.874211
42,8,621.885213
42,8,621.897216
42,8,621.909324
41,9,621.921346
42,8,621.933349
22,28,621.974358
42,8,621.985361
42,8,621.997364
42,8,622.010366
42,8,622.022369
42,8,622.034372
42,8,622.046375
42,8,622.057377
42,8,622.06938
42,8,622.081382
42,8,622.093385
42,8,622.105388
42,8,622.11739
42,8,622.129393
42,8,622.141396
42,8,622.153399
42,8,622.164402
42,8,622.175404
42,8,622.187407
42,8,622.199409
42,8,622.210412
42,8,622.222414
42,8,622.234417
40,10,622.251421
42,8,622.263423
42,8,622.274426
42,8,622.286429
42,8,622.299431
42,8,622.311434
42,8,622.322437
40,10,622.33544
42,8,622.347443
42,8,622.359445
36,14,622.38045
42,8,622.392452
42,8,622.404456
42,8,622.415457
42,8,622.42746
42,8,622.438463
42,8,622.450465
42,8,622.461468
42,8,622.474471
42,8,622.486474
42,8,622.497476
40,10,622.510479
42,8,622.522482
42,8,622.534484
42,8,622.546487
42,8,622.55849
40,10,622.573493
42,8,622.585496
42,8,622.597499
42,8,622.609501
42,8,622.621505
42,8,622.632507
42,8,622.64451
42,8,622.656512
42,8,622.668515
42,8,622.680517
42,8,622.69152
42,8,622.703523
17,33,622.750533
42,8,622.762536
26,24,622.797544
42,8,622.809546
42,8,622.82155
42,8,622.832551
42,8,622.845555
42,8,622.856557
42,8,622.86856
42,8,622.880562
42,8,622.891565
42,8,622.904568
42,8,622.91557
42,8,622.926573
42,8,622.938576
42,8,622.951578
42,8,622.962581
42,8,622.974584
42,8,622.986586
42,8,622.998589
42,8,623.009592
42,8,623.021594
42,8,623.034597
42,8,623.0466
42,8,623.058603
42,8,623.070606
42,8,623.082608
42,8,623.094611
42,8,623.105613
38,12,623.122617
42,8,623.13462
42,8,623.146623
42,8,623.157625
42,8,623.169628
42,8,623.18163
40,10,623.194633
40,10,623.209637
42,8,623.221771
42,8,623.232774
42,8,623.245777
42,8,623.256779
42,8,623.268782
42,8,623.280785
42,8,623.292788
42,8,623.30479
42,8,623.317793
42,8,623.328795
40,10,623.342799
-52,2,623.3468
42,8,623.357802
42,8,623.369805
42,8,623.381807
42,8,623.39281
42,8,623.404813
42,8,623.416815
42,8,623.427819
42,8,623.43882
42,8,623.450823
42,8,623.462826
42,8,623.473828
42,8,623.485831
42,8,623.497834
42,8,623.509836
40,10,623.52284
42,8,623.534842
42,8,623.545845
40,10,623.561848
42,8,623.573851
42,8,623.585854
42,8,623.597856
42,8,623.608859
42,8,623.620862
42,8,623.632864
42,8,623.643866
42,8,623.655869
42,8,623.667872
42,8,623.678874
42,8,623.690877
42,8,623.70288
42,8,623.713883
42,8,623.725885
42,8,623.738888
42,8,623.751891
42,8,623.763894
42,8,623.775896
42,8,623.787899
-55,5,623.7949
42,8,623.806903
41,9,623.819906
42,8,623.831909
42,8,623.843911
42,8,623.854914
42,8,623.866917
42,8,623.87892
42,8,623.890922
42,8,623.901925
40,10,623.916928
42,8,623.928931
42,8,623.940933
42,8,623.952936
42,8,623.963938
42,8,623.975941
42,8,623.987944
42,8,623.999947
42,8,624.01195
42,8,624.022952
42,8,624.035955
42,8,624.047957
42,8,624.05996
42,8,624.071963
42,8,624.083966
42,8,624.094968
42,8,624.106971
42,8,624.118974
42,8,624.129977
42,8,624.140978
42,8,624.153982
42,8,624.165984
42,8,624.176987
42,8,624.187989
40,10,624.200992
42,8,624.213995
42,8,624.224997
42,8,624.237
42,8,624.250003
42,8,624.262006
42,8,624.274009
42,8,624.285011
42,8,624.298014
-55,5,624.306016
42,8,624.318018
42,8,624.330021
42,8,624.342023
42,8,624.353026
42,8,624.364029
42,8,624.376031
42,8,624.389034
42,8,624.400037
42,8,624.411039
42,8,624.423042
42,8,624.435045
42,8,624.447047
42,8,624.45905
42,8,624.471053
42,8,624.483055
42,8,624.494058
42,8,624.506061
42,8,624.518063
42,8,624.530066
42,8,624.542068
42,8,624.554072
42,8,624.565074
42,8,624.577076
42,8,624.58808
42,8,624.601082
42,8,624.612084
40,10,624.626088
40,10,624.641091
42,8,624.653094
42,8,624.667097
42,8,624.6791
42,8,624.691102
42,8,624.703105
38,12,624.720109
42,8,624.732111
42,8,624.745115
42,8,624.757117
42,8,624.76912
42,8,624.780122
42,8,624.792125
42,8,624.805129
42,8,624.816131
42,8,624.827133
42,8,624.840136
42,8,624.852139
42,8,624.863141
42,8,624.875144
42,8,624.887147
42,8,624.899149
42,8,624.910152
42,8,624.923155
42,8,624.935157
42,8,624.94716
42,8,624.959163
42,8,624.971165
42,8,624.982168
42,8,624.995171
42,8,625.007173
42,8,625.018176
42,8,625.030179
42,8,625.041181
42,8,625.053184
42,8,625.065187
42,8,625.076189
42,8,625.088192
42,8,625.099194
42,8,625.111197
42,8,625.123199
40,10,625.135202
42,8,625.148205
42,8,625.159208
42,8,625.17221
42,8,625.183213
42,8,625.196216
42,8,625.208219
42,8,625.220222
42,8,625.232224
42,8,625.244227
42,8,625.256229
42,8,625.269232
42,8,625.280235
42,8,625.292238
42,8,625.30424
42,8,625.316243
-55,5,625.322245
42,8,625.334247
40,10,625.350251
42,8,625.361253
42,8,625.373256
42,8,625.385259
42,8,625.396261
42,8,625.408264
42,8,625.420266
40,10,625.43427
42,8,625.446272
40,10,625.461276
42,8,625.474279
42,8,625.486281
42,8,625.498284
42,8,625.510287
42,8,625.521289
42,8,625.533292
42,8,625.544294
42,8,625.556297
42,8,625.567299
42,8,625.579302
40,10,625.592305
42,8,625.605308
42,8,625.616311
42,8,625.628313
42,8,625.640316
42,8,625.652319
42,8,625.664321
42,8,625.676324
42,8,625.688327
42,8,625.70033
40,10,625.716333
40,10,625.729336
42,8,625.741339
42,8,625.753342
42,8,625.765344
42,8,625.776347
42,8,625.78835
42,8,625.800352
-56,6,625.809354
42,8,625.821357
42,8,625.833359
42,8,625.845362
42,8,625.856365
42,8,625.868367
42,8,625.88037
42,8,625.892373
42,8,625.904376
42,8,625.916378
42,8,625.927381
42,8,625.939383
42,8,625.950386
42,8,625.963389
42,8,625.975392
42,8,625.988395
42,8,625.999397
42,8,626.011523
42,8,626.022526
42,8,626.034528
42,8,626.046531
42,8,626.058534
42,8,626.070537
42,8,626.08154
42,8,626.093542
42,8,626.105544
42,8,626.117547
42,8,626.128549
42,8,626.140552
42,8,626.153556
42,8,626.165558
42,8,626.17656
42,8,626.188563
42,8,626.200566
42,8,626.213569
42,8,626.224571
42,8,626.236574
42,8,626.248576
42,8,626.260579
42,8,626.271582
42,8,626.283585
42,8,626.295587
42,8,626.30759
42,8,626.319593
42,8,626.330595
42,8,626.342598
40,10,626.355601
42,8,626.368604
42,8,626.380606
42,8,626.391609
42,8,626.403612
42,8,626.415614
42,8,626.427617
42,8,626.43962
42,8,626.451622
42,8,626.463625
42,8,626.475628
42,8,626.48663
42,8,626.498633
42,8,626.509635
42,8,626.521638
40,10,626.536641
42,8,626.548644
40,10,626.561647
42,8,626.57365
42,8,626.584652
42,8,626.596655
42,8,626.608657
40,10,626.624662
42,8,626.636664
42,8,626.649667
42,8,626.66167
42,8,626.674672
42,8,626.685675
42,8,626.698678
42,8,626.71068
42,8,626.721683
42,8,626.732686
42,8,626.744688
42,8,626.755691
42,8,626.767694
42,8,626.779696
42,8,626.791701
42,8,626.803704
42,8,626.814706
42,8,626.825709
42,8,626.837711
42,8,626.849714
42,8,626.861717
42,8,626.87472
42,8,626.886723
42,8,626.897725
42,8,626.909728
42,8,626.92173
42,8,626.933733
42,8,626.945736
42,8,626.956738
42,8,626.968741
40,10,626.980743
40,10,626.996747
42,8,627.00875
42,8,627.019752
42,8,627.031755
42,8,627.042757
42,8,627.05476
42,8,627.065763
42,8,627.077765
42,8,627.089768
42,8,627.101771
42,8,627.113774
40,10,627.126776
42,8,627.138779
42,8,627.150782
42,8,627.162785
42,8,627.174787
42,8,627.18679
42,8,627.197793
40,10,627.213798
42,8,627.224801
42,8,627.236803
42,8,627.247806
42,8,627.259809
40,10,627.272811
42,8,627.284814
42,8,627.296817
42,8,627.307819
42,8,627.319822
42,8,627.331825
42,8,627.343828
42,8,627.35583
42,8,627.367833
42,8,627.379961
42,8,627.390963
42,8,627.401965
42,8,627.414968
42,8,627.426971
42,8,627.438973
42,8,627.449975
42,8,627.461979
42,8,627.473981
42,8,627.485985
42,8,627.496987
42,8,627.508989
42,8,627.519992
42,8,627.531994
42,8,627.543998
42,8,627.556
42,8,627.569003
42,8,627.580005
42,8,627.593008
42,8,627.606011
42,8,627.618014
19,31,627.663024
42,8,627.674026
42,8,627.686029
42,8,627.698032
42,8,627.711035
42,8,627.723037
42,8,627.73504
42,8,627.747043
42,8,627.759046
42,8,627.770049
42,8,627.782051
42,8,627.794053
42,8,627.807056
40,10,627.82306
42,8,627.835063
42,8,627.847065
42,8,627.860069
42,8,627.873071
42,8,627.883074
42,8,627.896076
42,8,627.908079
42,8,627.921082
42,8,627.932085
42,8,627.943087
42,8,627.95509
42,8,627.967093
42,8,627.978095
42,8,627.990098
42,8,628.0021
42,8,628.013103
42,8,628.025106
42,8,628.038109
42,8,628.050111
42,8,628.061114
42,8,628.073116
42,8,628.085119
41,9,628.097122
42,8,628.108124
42,8,628.120127
42,8,628.132129
42,8,628.144133
42,8,628.155135
42,8,628.167138
42,8,628.17914
42,8,628.190144
42,8,628.201145
42,8,628.213148
42,8,628.22515
42,8,628.236153
42,8,628.249156
42,8,628.261159
42,8,628.273296
42,8,628.286299
42,8,628.298301
42,8,628.310304
42,8,628.322307
42,8,628.33431
42,8,628.346312
42,8,628.358315
42,8,628.370318
42,8,628.381321
42,8,628.392323
42,8,628.405326
42,8,628.416328
42,8,628.42733
42,8,628.439333
42,8,628.451336
42,8,628.463338
42,8,628.474341
42,8,628.486344
42,8,628.498347
42,8,628.510349
42,8,628.521352
42,8,628.534355
42,8,628.546357
42,8,628.55836
42,8,628.570363
42,8,628.583366
42,8,628.595368
42,8,628.607371
42,8,628.619374
42,8,628.630376
42,8,628.642379
42,8,628.654382
42,8,628.665384
42,8,628.677387
40,10,628.69039
42,8,628.701392
42,8,628.713395
42,8,628.725398
42,8,628.7374
42,8,628.749403
42,8,628.761406
42,8,628.774409
42,8,628.786412
42,8,628.798414
42,8,628.810417
42,8,628.822419
42,8,628.834422
42,8,628.846425
42,8,628.857428
42,8,628.86943
42,8,628.881433
42,8,628.892436
42,8,628.904438
42,8,628.91544
42,8,628.927443
42,8,628.938446
42,8,628.951449
42,8,628.962451
42,8,628.974454
42,8,628.986457
42,8,628.999459
42,8,629.010462
42,8,629.022465
42,8,629.033467
42,8,629.04647
42,8,629.057472
42,8,629.069475
42,8,629.080478
-58,8,629.09248
42,8,629.104483
41,9,629.119487
42,8,629.130489
42,8,629.142492
42,8,629.154494
42,8,629.166497
42,8,629.177499
42,8,629.189502
42,8,629.201505
42,8,629.213508
42,8,629.22451
42,8,629.237513
42,8,629.249516
42,8,629.261518
42,8,629.272521
42,8,629.284523
42,8,629.296526
42,8,629.307529
42,8,629.318531
42,8,629.330534
42,8,629.341537
40,10,629.35454
42,8,629.366542
42,8,629.377545
42,8,629.389548
42,8,629.40055
42,8,629.412552
42,8,629.424555
42,8,629.435557
42,8,629.44656
42,8,629.458563
42,8,629.470566
42,8,629.481568
42,8,629.494574
42,8,629.505576
42,8,629.517579
42,8,629.529582
42,8,629.541586
42,8,629.552589
42,8,629.564592
42,8,629.575594
42,8,629.587596
42,8,629.599599
42,8,629.611602
42,8,629.622604
42,8,629.634607
42,8,629.645609
42,8,629.657612
42,8,629.668615
42,8,629.681618
-55,5,629.687619
42,8,629.699622
42,8,629.711624
42,8,629.723627
42,8,629.73463
42,8,629.746632
42,8,629.759635
42,8,629.770638
41,9,629.785641
42,8,629.797644
42,8,629.808646
42,8,629.820649
42,8,629.831651
42,8,629.843783
42,8,629.854786
42,8,629.865788
42,8,629.877791
42,8,629.889794
42,8,629.902797
42,8,629.9138
40,10,629.925802
42,8,629.938805
42,8,629.950807
42,8,629.96181
42,8,629.973813
42,8,629.985815
42,8,629.998818
42,8,630.009821
42,8,630.021823
42,8,630.032826
42,8,630.044829
42,8,630.055831
42,8,630.066834
42,8,630.078836
42,8,630.090839
42,8,630.101841
42,8,630.112844
42,8,630.124847
42,8,630.135849
42,8,630.148852
42,8,630.159855
42,8,630.171857
42,8,630.18286
42,8,630.194863
42,8,630.207865
42,8,630.218868
42,8,630.23087
42,8,630.242876
42,8,630.254879
42,8,630.266881
42,8,630.277884
42,8,630.289889
42,8,630.301891
42,8,630.312894
42,8,630.323896
42,8,630.335899
42,8,630.347901
42,8,630.359904
42,8,630.371907
42,8,630.38391
42,8,630.395912
42,8,630.406915
-55,5,630.413917
42,8,630.42592
42,8,630.437922
42,8,630.448924
41,9,630.464928
42,8,630.476931
42,8,630.487933
42,8,630.499936
42,8,630.510938
42,8,630.522942
42,8,630.534944
42,8,630.546946
-54,4,630.552948
42,8,630.56395
42,8,630.575953
42,8,630.588956
42,8,630.599958
42,8,630.611961
40,10,630.623964
42,8,630.635966
42,8,630.647969
42,8,630.659972
42,8,630.670975
42,8,630.682977
42,8,630.69398
42,8,630.706982
42,8,630.717985
42,8,630.730988
42,8,630.74199
42,8,630.753994
42,8,630.765996
42,8,630.777999
42,8,630.789001
42,8,630.801003
42,8,630.813006
42,8,630.825009
42,8,630.836011
42,8,630.848014
42,8,630.860017
42,8,630.87102
42,8,630.883022
42,8,630.895025
42,8,630.906028
42,8,630.91803
42,8,630.931033
42,8,630.942035
42,8,630.954039
42,8,630.966041
42,8,630.977043
42,8,630.989046
42,8,631.000049
42,8,631.012051
42,8,631.023054
42,8,631.035056
42,8,631.046059
42,8,631.058062
42,8,631.070065
42,8,631.081067
42,8,631.093069
42,8,631.105072
42,8,631.117075
42,8,631.128077
42,8,631.14008
42,8,631.152083
42,8,631.164085
-28,78,631.27511
42,8,631.287113
42,8,631.299116
42,8,631.311119
42,8,631.323121
42,8,631.335124
42,8,631.347127
42,8,631.35813
42,8,631.369132
42,8,631.381134
42,8,631.393137
42,8,631.40514
40,10,631.418143
40,10,631.434146
42,8,631.445149
42,8,631.457154
42,8,631.469295
42,8,631.481298
42,8,631.492301
42,8,631.504304
42,8,631.515306
42,8,631.526308
42,8,631.538311
42,8,631.550314
42,8,631.562316
42,8,631.573319
42,8,631.585322
42,8,631.597324
42,8,631.609327
42,8,631.62133
42,8,631.633332
42,8,631.645335
42,8,631.657338
42,8,631.66834
42,8,631.680343
42,8,631.692346
42,8,631.705348
40,10,631.717351
42,8,631.729354
42,8,631.741357
42,8,631.75336
-58,8,631.764362
42,8,631.776364
40,10,631.792368
42,8,631.804371
42,8,631.816374
42,8,631.828376
-55,5,631.834378
42,8,631.846381
42,8,631.858383
42,8,631.870386
42,8,631.881388
42,8,631.892391
42,8,631.904394
42,8,631.916396
42,8,631.927398
42,8,631.938401
42,8,631.950404
42,8,631.961406
42,8,631.973409
42,8,631.984411
42,8,631.997414
42,8,632.009417
42,8,632.02042
42,8,632.032422
42,8,632.043425
42,8,632.055427
42,8,632.06743
-58,8,632.078433
42,8,632.090435
42,8,632.101438
42,8,632.113441
42,8,632.125443
42,8,632.137446
42,8,632.149449
42,8,632.160451
42,8,632.171453
40,10,632.184456
42,8,632.196459
42,8,632.207462
42,8,632.219464
42,8,632.231467
42,8,632.24347
42,8,632.255472
42,8,632.267475
42,8,632.279478
42,8,632.291481
42,8,632.304484
39,11,632.321487
42,8,632.33249
42,8,632.344492
42,8,632.355495
42,8,632.367498
42,8,632.3785
40,10,632.394504
42,8,632.405507
42,8,632.416509
40,10,632.430512
42,8,632.442514
-55,5,632.449516
42,8,632.460519
42,8,632.472522
42,8,632.483524
42,8,632.495526
-55,5,632.504529
42,8,632.516531
42,8,632.528534
42,8,632.540537
42,8,632.55354
42,8,632.564542
42,8,632.575545
42,8,632.586547
42,8,632.59855
42,8,632.610552
42,8,632.622555
42,8,632.633558
42,8,632.64456
42,8,632.656563
42,8,632.667565
42,8,632.679568
42,8,632.691571
42,8,632.703573
42,8,632.715576
40,10,632.728579
40,10,632.743582
42,8,632.755585
42,8,632.767588
42,8,632.77959
42,8,632.791593
42,8,632.803596
42,8,632.815598
42,8,632.826726
42,8,632.839729
42,8,632.850731
42,8,632.862734
42,8,632.873737
42,8,632.88574
42,8,632.896742
42,8,632.908746
42,8,632.920749
42,8,632.932752
42,8,632.943754
42,8,632.955759
42,8,632.966761
42,8,632.978764
42,8,632.990767
42,8,633.002769
42,8,633.013772
42,8,633.024774
42,8,633.037777
42,8,633.04978
42,8,633.060783
42,8,633.072785
42,8,633.084788
42,8,633.09679
42,8,633.106793
42,8,633.118795
42,8,633.129798
42,8,633.1418
42,8,633.153804
42,8,633.165806
42,8,633.176809
42,8,633.189811
42,8,633.201814
42,8,633.213817
42,8,633.224819
42,8,633.237823
42,8,633.248825
42,8,633.260827
42,8,633.271831
42,8,633.283833
42,8,633.294835
42,8,633.306971
42,8,633.318974
42,8,633.329976
42,8,633.341979
42,8,633.352982
42,8,633.364984
42,8,633.376987
42,8,633.38799
42,8,633.398992
42,8,633.410995
42,8,633.422997
42,8,633.435
42,8,633.446003
42,8,633.458005
42,8,633.470008
42,8,633.482011
42,8,633.494013
42,8,633.506016
42,8,633.517019
42,8,633.528021
42,8,633.541024
42,8,633.552026
42,8,633.564029
42,8,633.575032
42,8,633.587035
42,8,633.599037
42,8,633.611039
42,8,633.622042
42,8,633.634044
42,8,633.646048
42,8,633.65805
42,8,633.669053
42,8,633.681055
42,8,633.692058
42,8,633.705061
42,8,633.717063
42,8,633.728066
42,8,633.740069
42,8,633.752071
42,8,633.763074
42,8,633.775077
42,8,633.786079
42,8,633.798082
42,8,633.809084
42,8,633.820087
42,8,633.832089
42,8,633.845092
42,8,633.856095
42,8,633.867097
42,8,633.8791
-56,6,633.886101
42,8,633.899105
42,8,633.910107
40,10,633.926111
42,8,633.937113
42,8,633.949116
36,14,633.96812
42,8,633.980123
42,8,633.992126
42,8,634.004128
42,8,634.016131
42,8,634.028134
42,8,634.039136
42,8,634.051139
42,8,634.062141
42,8,634.074144
30,20,634.10315
42,8,634.115153
42,8,634.126156
42,8,634.139158
42,8,634.151161
42,8,634.162164
42,8,634.174166
42,8,634.187294
42,8,634.198296
42,8,634.211298
42,8,634.221301
40,10,634.237304
40,10,634.251308
42,8,634.26231
42,8,634.274313
42,8,634.285315
42,8,634.297318
42,8,634.308321
42,8,634.320323
38,12,634.337327
40,10,634.352331
42,8,634.364333
42,8,634.376336
42,8,634.388338
42,8,634.399341
42,8,634.411344
42,8,634.423347
42,8,634.434349
42,8,634.446352
42,8,634.457354
42,8,634.468356
42,8,634.48036
42,8,634.492362
42,8,634.504364
42,8,634.516367
42,8,634.52737
42,8,634.539372
42,8,634.551375
40,10,634.563378
42,8,634.57438
42,8,634.586383
42,8,634.598386
40,10,634.614389
42,8,634.626392
42,8,634.637394
42,8,634.649397
42,8,634.6614
42,8,634.673403
42,8,634.685405
42,8,634.696408
42,8,634.70841
42,8,634.719413
42,8,634.730416
42,8,634.742418
42,8,634.755421
42,8,634.766423
42,8,634.778426
-55,5,634.784428
42,8,634.79543
42,8,634.807433
42,8,634.820436
42,8,634.831438
42,8,634.842441
42,8,634.854443
42,8,634.866446
42,8,634.878449
42,8,634.890451
42,8,634.902454
42,8,634.914457
42,8,634.925459
42,8,634.937462
42,8,634.950465
42,8,634.962468
42,8,634.97347
42,8,634.985473
42,8,634.996475
42,8,635.008479
42,8,635.01948
42,8,635.032484
42,8,635.043486
42,8,635.055489
42,8,635.066491
40,10,635.080494
42,8,635.092497
42,8,635.104501
42,8,635.115502
42,8,635.127505
42,8,635.139508
42,8,635.15051
40,10,635.166514
42,8,635.178516
42,8,635.189519
42,8,635.202522
42,8,635.213524
42,8,635.224527
42,8,635.23753
42,8,635.248533
42,8,635.259534
42,8,635.271537
42,8,635.28454
42,8,635.294543
42,8,635.306545
42,8,635.318548
42,8,635.32955
42,8,635.341553
42,8,635.353556
42,8,635.364558
40,10,635.378561
42,8,635.389564
42,8,635.401567
42,8,635.413569
42,8,635.425572
42,8,635.436575
42,8,635.448577
-58,8,635.45958
40,10,635.475584
42,8,635.487586
42,8,635.498589
42,8,635.509591
40,10,635.523594
42,8,635.535597
42,8,635.5466
42,8,635.558731
42,8,635.570734
42,8,635.582739
42,8,635.593741
42,8,635.605743
42,8,635.618746
42,8,635.629749
42,8,635.640751
42,8,635.652754
42,8,635.665757
42,8,635.675759
42,8,635.687762
42,8,635.698764
42,8,635.710767
42,8,635.72177
42,8,635.733772
42,8,635.745775
42,8,635.756777
42,8,635.76778
42,8,635.779782
42,8,635.790785
42,8,635.802788
42,8,635.81479
42,8,635.826793
42,8,635.838796
42,8,635.850799
42,8,635.863801
40,10,635.879805
40,10,635.892808
42,8,635.904812
42,8,635.916814
40,10,635.931817
42,8,635.943819
42,8,635.954822
40,10,635.968825
40,10,635.983829
40,10,635.996831
40,10,636.011835
42,8,636.023837
42,8,636.03584
42,8,636.047843
42,8,636.058845
42,8,636.070851
42,8,636.083853
42,8,636.095856
42,8,636.106859
42,8,636.118861
42,8,636.130864
42,8,636.141867
42,8,636.15287
42,8,636.164872
42,8,636.176874
42,8,636.187877
42,8,636.19988
42,8,636.210882
42,8,636.222885
42,8,636.234887
42,8,636.24589
42,8,636.257893
42,8,636.269896
42,8,636.280898
42,8,636.292901
42,8,636.304904
42,8,636.316907
42,8,636.327909
42,8,636.340911
42,8,636.352914
42,8,636.363917
42,8,636.375919
42,8,636.387923
42,8,636.398925
42,8,636.409927
42,8,636.42193
42,8,636.432932
42,8,636.444936
42,8,636.455937
42,8,636.46794
