#{"t_start": 1655807866.3859525, "env_id": "env.spec.id"}
r,l,t
-87,37,0.102143
-74,24,0.166157
-79,29,0.244174
-58,8,0.265179
-62,12,0.297186
-59,9,0.318191
-65,15,0.3582
-73,23,0.418213
-54,4,0.427215
-61,11,0.456224
-52,2,0.461225
-78,28,0.532241
-66,16,0.57325
-53,3,0.583253
-71,21,0.636265
-54,4,0.648268
-57,7,0.666271
-99,49,0.7923
-63,13,0.826311
-58,8,0.848316
-65,15,0.887334
-61,11,0.916341
-67,17,0.962355
-107,57,1.103386
-60,10,1.130392
-68,18,1.177403
-80,30,1.255424
-53,3,1.263425
-79,29,1.337442
-57,7,1.355446
-55,5,1.36945
-86,36,1.46147
-64,14,1.497478
-52,2,1.504479
-55,5,1.516482
-55,5,1.530485
-77,27,1.600504
-64,14,1.636522
-52,2,1.641524
-54,4,1.652526
-73,23,1.712539
-52,2,1.718539
-71,21,1.770551
-70,20,1.820562
-86,36,1.916584
-64,14,1.955593
-52,2,1.959594
-69,19,2.009605
-71,21,2.066624
-79,29,2.138641
-90,40,2.243663
-82,32,2.325681
-65,15,2.363692
-63,13,2.398705
-83,33,2.482231
-69,19,2.531242
-62,12,2.563249
-93,43,2.674274
-56,6,2.690281
-73,23,2.751298
-55,5,2.765301
-52,2,2.771302
-55,5,2.784305
-111,61,2.94034
-60,10,2.965345
-109,59,3.11638
-54,4,3.126382
-62,12,3.15539
-62,12,3.187397
-77,27,3.257412
-64,14,3.29342
-52,2,3.299422
-79,29,3.373438
-66,16,3.413451
-55,5,3.425576
-60,10,3.454587
-64,14,3.490602
-69,19,3.540613
-61,11,3.567618
-57,7,3.585622
-62,12,3.61763
-63,13,3.651637
-54,4,3.66364
-74,24,3.725654
-74,24,3.788667
-59,9,3.812677
-53,3,3.821679
-92,42,3.925232
-58,8,3.949238
-55,5,3.96224
-63,13,3.997248
-68,18,4.042259
-67,17,4.085268
-65,15,4.124277
-61,11,4.155287
-64,14,4.190301
-68,18,4.235312
-63,13,4.269319
-78,28,4.337334
-55,5,4.351338
-63,13,4.384345
-57,7,4.402349
-63,13,4.438357
-52,2,4.443358
-65,15,4.48137
-82,32,4.562391
-54,4,4.574394
-66,16,4.615403
-54,4,4.625406
-63,13,4.658413
-60,10,4.686419
-60,10,4.713425
-68,18,4.759435
-79,29,4.833452
-52,2,4.839453
-59,9,4.861459
-79,29,4.938483
-59,9,4.958487
-63,13,4.992495
-92,42,5.094517
-70,20,5.146529
-106,56,5.288561
-57,7,6.342325
-71,21,6.396339
-92,42,6.503367
-58,8,6.523371
-93,43,6.630396
-115,65,6.794432
-115,65,6.959001
-102,52,7.088028
4,46,7.203559
-52,2,7.20756
-82,32,7.287578
-80,30,7.362594
-60,10,7.3866
-101,51,7.514628
-52,2,7.521633
-60,10,7.549639
-95,45,7.664665
-60,10,7.68867
-115,65,7.848706
-56,6,7.864709
-56,6,7.880713
-62,12,7.913723
-54,4,7.924725
-59,9,7.949732
-79,29,8.021749
-56,6,8.037752
-72,22,8.093765
-62,12,8.123772
-82,32,8.20579
-85,35,8.292809
-63,13,8.326817
-97,47,8.447956
-73,23,8.503969
-94,44,8.615994
-61,11,8.643002
-62,12,8.674009
-64,14,8.709537
-97,47,8.832568
-81,31,8.909585
-68,18,8.954595
-73,23,9.010607
-63,13,9.042617
-53,3,9.05462
-76,26,9.119634
-88,38,9.217656
-59,9,9.241661
-62,12,9.273668
-128,78,9.470712
-56,6,9.486716
-74,24,9.54873
-100,50,9.6769
-111,61,9.825938
-60,10,9.852944
-75,25,9.916958
-92,42,10.023982
-113,63,10.181021
-103,53,10.314554
-100,50,10.440582
-53,3,10.448584
-99,49,10.573617
-103,53,10.706647
-52,2,10.713648
-55,5,10.725652
-57,7,10.743655
-74,24,10.80667
-83,33,10.88869
-75,25,10.953707
-82,32,11.035729
-66,16,11.075739
-78,28,11.143753
-52,2,11.149755
-56,6,11.165758
-56,6,11.180761
-55,5,11.193764
-98,48,11.312791
-63,13,11.343797
-67,17,11.38781
-100,100,12.586096
-53,3,12.594098
-130,80,12.793156
-97,47,12.913182
-100,100,13.161248
-65,15,13.200257
-53,3,13.207258
-103,53,13.340288
-37,87,13.555476
-56,6,13.57148
-133,83,13.780527
-71,21,13.834538
-75,25,13.897552
-56,6,13.914557
-125,75,14.099738
-56,6,14.114605
-100,100,14.362667
-52,2,14.367668
-68,18,14.410677
-55,5,14.423681
-113,63,14.584245
-100,100,14.836305
-69,19,14.883329
-57,7,14.901336
-67,17,14.944346
-82,32,15.022363
-79,29,15.09638
-83,33,15.180399
-82,32,15.256419
-87,37,15.350965
-79,29,15.422981
-80,30,15.497998
-63,13,15.531005
-138,88,15.751571
-100,100,16.000633
-55,5,16.014636
-91,41,16.117662
36,14,16.15267
-72,22,16.208683
-52,2,16.215684
-79,29,16.289701
-97,47,16.403733
-100,100,16.653795
-54,4,16.663798
-73,23,16.723818
-98,48,16.842845
-68,18,16.886854
-79,29,16.961872
-59,9,16.982876
-73,23,17.04089
-52,2,17.04689
-138,88,17.265446
-67,17,17.310457
-65,15,17.350466
-100,100,17.598527
-73,23,18.605443
-7,57,18.752476
-104,54,18.889511
-142,92,19.117723
-58,8,19.137728
-114,64,19.297763
-146,96,19.534323
-119,69,19.705365
-100,100,19.956424
-100,100,20.204498
-111,61,20.352531
-96,46,20.468941
-100,100,20.71663
-92,42,20.822654
-103,53,20.955688
-109,59,21.101721
-5,55,21.239754
-117,67,21.405802
-82,32,21.48682
-18,68,21.657858
-90,40,21.756883
-68,18,21.801894
-133,83,22.006939
-100,100,22.251118
-9,59,22.397151
-147,97,22.64121
-67,17,22.683219
-112,62,22.835787
-94,44,22.945812
-116,66,23.109848
-107,57,23.250883
-56,6,23.267887
-74,24,23.3229
-139,89,23.545952
-100,100,24.737723
0,50,24.865751
-66,16,24.90476
-55,5,24.917763
-58,8,24.938767
-110,60,25.087308
-65,15,25.12532
-109,59,25.274484
-121,71,25.453045
-54,4,25.463048
-87,37,25.555068
-112,62,25.710102
-100,100,25.964159
-100,100,26.213221
-131,81,26.417267
-100,100,26.670323
-86,36,26.762344
-87,37,26.857365
-59,9,26.88137
-53,3,26.889372
-62,12,26.919379
-85,35,27.007399
-138,88,27.227957
-110,60,27.375109
-61,11,27.404115
-95,45,27.518141
-69,19,27.564151
-65,15,27.602159
2,48,27.723702
-63,13,27.75671
-135,85,27.971283
-129,79,28.174331
-96,46,28.288356
-64,14,28.325364
-63,13,28.359372
-70,20,28.409384
-75,25,28.4744
-149,99,28.719571
21,29,28.796711
-55,5,28.809714
-61,11,28.83872
-101,51,28.968779
-82,32,29.046796
-131,81,29.248843
-100,100,29.496898
-16,66,29.663935
-132,82,30.819332
-100,100,31.069388
-100,100,31.317446
-14,64,31.477133
-95,45,31.588162
-81,31,31.667179
-100,100,31.915235
-86,36,32.004261
-82,32,32.083797
-57,7,32.101801
13,37,32.191822
-110,60,32.345856
-15,65,32.506892
-100,100,32.75395
-58,8,32.775955
-70,20,32.825109
8,42,32.927136
-76,26,32.992164
5,45,33.10919
32,18,33.157202
-26,76,33.349251
-70,20,33.398262
-63,13,33.431269
-105,55,33.569822
-99,49,33.691853
-79,29,33.767869
-100,100,34.021934
-14,64,34.1821
-91,41,34.286122
-6,56,34.425153
-88,38,34.520174
-111,61,34.672209
-95,45,34.785238
39,11,34.813244
-74,24,34.872777
-100,100,35.121832
-63,13,35.15584
-76,26,35.219854
-100,100,35.465909
-100,100,35.717975
16,34,35.805995
33,17,36.806352
-60,10,36.833358
-100,100,37.086543
-57,7,37.104551
-107,57,37.248585
-88,38,37.341606
-68,18,37.387124
-94,44,37.497152
-100,100,37.742207
-62,12,37.772213
-100,50,37.89837
-92,42,38.001393
-100,100,38.250455
18,32,38.330473
-72,22,38.384489
-101,51,38.512516
5,45,38.624671
-122,72,38.807711
10,40,38.908736
8,42,39.009766
-139,89,39.231816
5,45,39.343845
-100,100,39.5909
8,42,39.697056
-96,46,39.80808
-70,20,39.860092
-59,9,39.882097
-3,53,40.014254
-100,100,40.262817
-61,11,40.290823
-56,6,40.306827
-100,100,40.555405
19,31,40.635423
-8,58,40.779454
-135,85,40.994511
-86,36,41.08253
-63,13,41.116538
-77,27,41.186562
-42,92,41.411623
-100,100,41.657635
-73,23,41.713647
-53,3,41.721649
-122,72,42.852029
23,27,42.923045
9,41,43.027068
-62,12,43.058075
18,32,43.138093
31,19,43.187104
1,49,43.308131
27,23,43.365144
27,23,43.423156
-1,51,43.553188
9,41,43.654212
-59,9,43.680218
-86,36,43.77135
33,17,43.814361
-25,75,44.002405
12,38,44.098426
-83,33,44.186446
-9,59,44.333985
20,30,44.414003
-63,13,44.44601
-73,23,44.503023
28,22,44.559036
-55,5,44.574039
-71,21,44.627052
-71,21,44.686066
-9,59,44.836099
-15,65,45.001141
0,50,45.124168
-37,87,45.341217
9,41,45.449242
-66,16,45.488251
24,26,45.554266
-93,43,45.66429
2,48,45.784848
-4,54,45.921878
-52,2,45.92988
8,42,46.031903
-84,34,46.114724
-69,19,46.160734
-77,27,46.229749
25,25,46.291764
-100,100,46.540821
-23,73,46.721861
6,44,46.831886
20,30,46.906902
-100,100,47.157958
-20,70,47.333999
-100,100,47.590059
-102,52,47.72309
-77,27,47.792105
-66,16,47.833114
15,35,47.919133
33,17,47.964144
-80,30,48.996779
-65,15,49.032788
-53,3,49.04179
21,29,49.114806
2,48,49.234836
3,47,49.352863
31,19,49.400873
-3,53,49.530903
-7,57,49.673938
26,24,49.735952
28,22,49.792965
-3,53,49.925998
27,23,49.986015
-52,2,49.990016
29,21,50.043028
-56,6,50.058031
-60,10,50.085037
-58,8,50.105042
31,19,50.152052
-60,10,50.177058
4,46,50.289083
14,36,50.377613
-15,65,50.539649
30,20,50.589661
-2,52,50.718197
32,18,50.761206
25,25,50.82122
34,16,50.862229
-21,71,51.039268
-66,16,51.076808
19,31,51.152825
26,24,51.212838
-53,3,51.22084
-54,4,51.230842
-71,21,51.283854
-72,22,51.340867
-74,24,51.39988
2,48,51.518907
-81,31,51.596924
-61,11,51.62393
31,19,51.672941
29,21,51.724953
28,22,51.781965
-118,68,51.958529
-99,49,52.085561
6,44,52.19959
23,27,52.269606
-58,8,52.29061
22,28,52.365626
18,32,52.449645
-100,100,52.713703
19,31,52.794722
-63,13,52.826729
8,42,52.934753
-54,4,52.944755
-53,3,52.953757
2,48,53.076784
-81,31,53.155802
-58,8,53.178807
-77,27,53.249823
-102,52,53.387854
21,29,53.465871
-88,38,53.567894
28,22,53.625907
-8,58,53.777051
-8,58,53.925601
-26,76,54.126645
-76,26,54.196661
6,44,55.314433
22,28,55.386449
8,42,55.492473
35,15,55.529481
33,17,55.572491
0,50,55.697519
21,29,55.771535
32,18,55.817545
-5,55,55.955577
38,12,55.986584
17,33,56.069607
36,14,56.105615
-6,56,56.245647
14,36,56.333666
-76,26,56.401685
-66,16,56.442697
30,20,56.492716
-98,48,56.613743
17,33,56.694761
-55,5,56.707764
30,20,56.756775
4,46,56.874809
23,27,56.943824
-61,11,56.97183
35,15,57.009839
-5,55,57.145876
10,40,57.247902
28,22,57.303915
29,21,57.35593
31,19,57.402941
-68,18,57.449951
-29,79,57.652003
-68,18,57.697013
-78,28,57.766029
18,32,57.847047
28,22,57.900058
-68,18,57.948069
13,37,58.04109
-62,12,58.071096
16,34,58.155115
-59,9,58.17912
-55,5,58.191123
32,18,58.237134
-22,72,58.417181
4,46,58.530206
27,23,58.587219
25,25,58.653234
-88,38,58.747385
17,33,58.831403
-70,20,58.882419
3,47,58.999444
12,38,59.094466
36,14,59.130478
-67,17,59.173487
24,26,59.23901
-72,22,59.294022
29,21,59.347034
37,13,59.380042
7,43,59.48807
24,26,59.555095
31,19,59.602105
26,24,59.664119
13,37,59.75714
31,19,59.806151
26,24,59.864164
14,36,59.955695
1,49,60.078251
-111,61,60.226288
-55,5,60.240291
26,24,60.303308
-32,82,61.475711
21,29,61.552729
16,34,61.636748
26,24,61.697761
11,39,61.792787
-67,17,61.838798
35,15,61.876806
-60,10,61.904812
-70,20,61.956824
-64,14,61.991832
9,41,62.095854
-57,7,62.114859
32,18,62.15887
-83,33,62.241891
20,30,62.319908
24,26,62.382922
-112,62,62.539957
22,28,62.610976
0,50,62.734004
28,22,62.790146
12,38,62.886168
-90,40,62.985928
34,16,63.024937
30,20,63.078949
35,15,63.115957
14,36,63.207978
3,47,63.327007
28,22,63.38302
-80,30,63.460037
-66,16,63.501046
-91,41,63.604069
37,13,63.637077
29,21,63.68909
24,26,63.755233
20,30,63.82925
27,23,63.886263
17,33,63.971283
34,16,64.011292
-72,22,64.068575
29,21,64.121587
-57,7,64.139591
34,16,64.179718
35,15,64.219727
16,34,64.309747
25,25,64.372762
33,17,64.416773
24,26,64.481787
11,39,64.578809
34,16,64.618818
31,19,64.666829
-52,2,64.67383
24,26,64.739845
-66,16,64.781854
19,31,64.860874
-60,10,64.88788
33,17,64.929889
16,34,65.014908
32,18,65.058918
36,14,65.093926
-62,12,65.125933
-52,2,65.130934
29,21,65.185948
27,23,65.242961
29,21,65.297973
34,16,65.337982
18,32,65.419
30,20,65.470012
20,30,65.546028
35,15,65.587564
-59,9,65.609569
19,31,65.687586
34,16,65.728595
25,25,65.79261
3,47,65.913638
29,21,65.970159
-3,53,66.103189
-116,66,66.270226
27,23,66.328239
25,25,66.392254
7,43,66.502278
22,28,67.525374
26,24,67.587388
11,39,67.68741
-56,6,67.702414
19,31,67.780435
31,19,67.82897
36,14,67.863978
11,39,67.966001
29,21,68.017012
28,22,68.071024
28,22,68.126036
21,29,68.198056
-66,16,68.236065
24,26,68.302079
31,19,68.351094
-60,10,68.3771
19,31,68.454117
30,20,68.505129
33,17,68.546137
-66,16,68.58815
-88,38,68.687173
27,23,68.743706
-10,60,68.894247
-70,20,68.944262
31,19,68.994276
-65,15,69.034285
-53,3,69.041286
28,22,69.096299
33,17,69.141309
39,11,69.168314
28,22,69.224328
31,19,69.272338
-55,5,69.286341
17,33,69.367362
31,19,69.415373
37,13,69.450381
33,17,69.49339
21,29,69.567407
27,23,69.626425
13,37,69.720131
30,20,69.771143
31,19,69.819154
40,10,69.844159
15,35,69.933179
22,28,70.004317
22,28,70.075336
36,14,70.109344
-1,51,70.235372
15,35,70.322391
21,29,70.393411
18,32,70.473432
12,38,70.568454
26,24,70.627466
-58,8,70.647471
38,12,70.679478
28,22,70.73349
33,17,70.7765
34,16,70.817509
-75,25,70.877522
23,27,70.946538
36,14,70.982546
28,22,71.036559
32,18,71.083568
-59,9,71.107574
27,23,71.164594
31,19,71.209607
-52,2,71.217609
5,45,71.330634
-57,7,71.348639
28,22,71.40365
28,22,71.458663
22,28,71.528678
-60,10,71.555688
34,16,71.596698
33,17,71.640711
-60,10,71.665717
38,12,71.696724
-53,3,71.703725
-61,11,71.730731
34,16,71.76974
-53,3,71.778742
-2,52,71.909771
23,27,71.97979
15,35,72.06934
25,25,72.131354
20,30,72.20437
-64,14,72.242378
-84,34,72.327398
-59,9,72.349403
24,26,72.412925
17,33,72.499454
31,19,72.546464
28,22,72.600477
-68,18,72.646486
18,32,73.694734
35,15,73.730742
34,16,73.769866
7,43,73.87989
-79,29,73.955907
24,26,74.020922
26,24,74.081935
37,13,74.116943
20,30,74.194961
29,21,74.246981
17,33,74.329
3,47,74.447026
24,26,74.51004
29,21,74.561052
26,24,74.621065
-55,5,74.637069
-52,2,74.641069
16,34,74.726089
17,33,74.812108
-60,10,74.837113
-61,11,74.86812
21,29,74.942137
-62,12,74.97366
11,39,75.070682
35,15,75.10769
32,18,75.153701
29,21,75.208713
2,48,75.327739
35,15,75.364748
20,30,75.439764
27,23,75.498778
29,21,75.548789
20,30,75.623805
-94,44,75.73583
28,22,75.790358
29,21,75.84237
-66,16,75.88638
8,42,75.990403
33,17,76.033413
34,16,76.073422
13,37,76.165442
-63,13,76.198449
27,23,76.256462
21,29,76.331479
30,20,76.38149
26,24,76.44175
37,13,76.47576
21,29,76.549778
35,15,76.588787
24,26,76.653801
32,18,76.69681
12,38,76.792832
24,26,76.858847
39,11,76.889854
11,39,76.985875
26,24,77.047889
36,14,77.082897
2,48,77.200923
-63,13,77.232931
15,35,77.321954
25,25,77.384968
-54,4,77.39397
-65,15,77.431978
25,25,77.493992
32,18,77.540003
34,16,77.582012
27,23,77.641029
27,23,77.700042
27,23,77.755055
-78,28,77.828228
32,18,77.874239
-63,13,77.908246
29,21,77.960261
34,16,78.002799
34,16,78.041808
34,16,78.082817
39,11,78.110823
35,15,78.147831
25,25,78.208845
28,22,78.263857
15,35,78.352885
22,28,78.422904
21,29,78.49392
23,27,78.562935
31,19,78.608945
37,13,78.642956
32,18,78.68997
-62,12,78.721978
32,18,78.765987
37,13,78.797122
-52,2,79.757464
21,29,79.833481
-57,7,79.852486
10,40,79.954509
30,20,80.00652
27,23,80.066533
-61,11,80.09654
-62,12,80.125546
16,34,80.2126
30,20,80.264611
13,37,80.356632
5,45,80.467656
21,29,80.540673
32,18,80.585686
-55,5,80.597689
23,27,80.664708
25,25,80.728722
30,20,80.778733
23,27,80.848749
31,19,80.896759
28,22,80.950772
31,19,80.997309
33,17,81.040318
34,16,81.082327
-76,26,81.145342
35,15,81.18435
38,12,81.214356
31,19,81.262366
30,20,81.310378
-55,5,81.324381
28,22,81.380394
-64,14,81.416402
7,43,81.522425
1,49,81.648453
38,12,81.67646
32,18,81.72447
17,33,81.805489
21,29,81.881505
31,19,81.927516
27,23,81.983529
16,34,82.069551
40,10,82.093557
26,24,82.157575
19,31,82.235596
33,17,82.277606
32,18,82.319614
32,18,82.368626
31,19,82.417636
24,26,82.485652
0,50,82.609683
0,50,82.733711
-54,4,82.744713
33,17,82.786722
38,12,82.815729
15,35,82.904749
11,39,83.00077
37,13,83.033778
-65,15,83.070786
35,15,83.107794
38,12,83.139801
36,14,83.174809
20,30,83.249833
33,17,83.290846
11,39,83.389868
34,16,83.430877
35,15,83.469886
35,15,83.509895
30,20,83.563907
29,21,83.615919
34,16,83.657077
33,17,83.702086
38,12,83.734093
33,17,83.775103
34,16,83.817245
37,13,83.849253
36,14,83.885261
29,21,83.940273
33,17,83.983283
32,18,84.027297
13,37,84.122317
25,25,84.186332
19,31,84.263349
37,13,84.297357
34,16,84.335366
31,19,84.380375
27,23,84.438396
-61,11,84.465402
-55,5,84.477405
9,41,84.582428
-5,55,84.723459
34,16,84.764468
38,12,84.793984
20,30,84.87
27,23,84.930014
24,26,85.937248
19,31,86.014269
32,18,86.058279
31,19,86.10729
24,26,86.175305
6,44,86.28733
30,20,86.337349
38,12,86.369356
13,37,86.463377
31,19,86.509387
24,26,86.575402
29,21,86.629414
27,23,86.687953
35,15,86.726963
34,16,86.768972
32,18,86.812982
31,19,86.861992
21,29,86.935009
34,16,86.977018
35,15,87.016027
24,26,87.081044
-61,11,87.109054
-55,5,87.124057
22,28,87.196074
-53,3,87.204076
37,13,87.237083
-62,12,87.268089
35,15,87.305098
26,24,87.364231
32,18,87.409242
24,26,87.475256
27,23,87.535269
38,12,87.566276
38,12,87.596283
33,17,87.639293
16,34,87.724312
25,25,87.790326
36,14,87.824337
17,33,87.909371
36,14,87.946378
36,14,87.981386
-77,27,88.049402
-54,4,88.059404
22,28,88.13142
-76,26,88.198445
33,17,88.239454
31,19,88.286464
24,26,88.353479
32,18,88.398489
28,22,88.451501
34,16,88.492511
32,18,88.538521
35,15,88.575529
40,10,88.602535
-75,25,88.665549
36,14,88.701557
29,21,88.753569
34,16,88.796578
25,25,88.858596
26,24,88.919611
25,25,88.983628
33,17,89.023637
36,14,89.060645
38,12,89.091652
36,14,89.129661
32,18,89.17267
-62,12,89.203677
31,19,89.251688
22,28,89.323704
-60,10,89.348709
31,19,89.396724
28,22,89.450735
38,12,89.483743
37,13,89.51475
32,18,89.56076
-56,6,89.575763
-53,3,89.584765
-6,56,89.726798
32,18,89.772807
33,17,89.816817
20,30,89.889834
19,31,89.968852
-61,11,89.997858
33,17,90.039867
23,27,90.108033
30,20,90.159044
33,17,90.203054
35,15,90.240062
-54,4,90.252065
20,30,90.327082
38,12,90.358089
10,40,90.45611
-53,3,90.465113
22,28,90.535128
-64,14,90.570136
30,20,90.619147
-66,16,90.661156
39,11,90.687162
30,20,90.741174
25,25,90.806192
34,16,90.8442
28,22,90.902217
8,42,91.00624
24,26,91.074255
35,15,92.057485
-63,13,92.090492
30,20,92.141504
33,17,92.185513
25,25,92.247527
-64,14,92.282535
40,10,92.309541
31,19,92.357551
26,24,92.421566
18,32,92.499583
36,14,92.535591
12,38,92.630613
19,31,92.70763
35,15,92.745638
35,15,92.784761
38,12,92.814767
39,11,92.842774
-67,17,92.886784
25,25,92.948798
24,26,93.013812
38,12,93.042818
38,12,93.074826
27,23,93.132839
28,22,93.188851
35,15,93.225859
33,17,93.269869
26,24,93.327882
3,47,93.444908
27,23,93.500921
36,14,93.536929
16,34,93.619947
27,23,93.67596
17,33,93.759979
21,29,93.833995
34,16,93.874119
13,37,93.96914
35,15,94.006148
29,21,94.060161
36,14,94.097169
24,26,94.161183
2,48,94.28221
21,29,94.35673
23,27,94.425745
25,25,94.489759
24,26,94.552773
12,38,94.650795
38,12,94.681802
-52,2,94.688804
32,18,94.735814
36,14,94.769822
-55,5,94.783825
16,34,94.870844
-14,64,95.03088
27,23,95.089397
5,45,95.205427
32,18,95.252438
30,20,95.303449
28,22,95.359462
35,15,95.396471
27,23,95.45401
33,17,95.497526
33,17,95.539535
-57,7,95.557539
30,20,95.608551
32,18,95.655561
36,14,95.690569
40,10,95.716575
18,32,95.794592
27,23,95.852609
36,14,95.886616
-58,8,95.907621
35,15,95.943629
32,18,95.989643
35,15,96.028652
21,29,96.103676
30,20,96.154688
38,12,96.185694
35,15,96.223703
25,25,96.287717
37,13,96.319724
28,22,96.376737
-65,15,96.414745
35,15,96.451754
34,16,96.491767
27,23,96.549783
27,23,96.608799
27,23,96.668813
41,9,96.690818
34,16,96.732827
14,36,96.822848
38,12,96.85438
27,23,96.911392
24,26,96.975407
42,8,96.997412
28,22,97.052425
-54,4,97.063426
31,19,97.110437
32,18,97.156447
-74,24,98.17583
36,14,98.212839
34,16,98.254848
23,27,98.321863
26,24,98.379876
27,23,98.435888
36,14,98.470896
26,24,98.53091
37,13,98.565917
36,14,98.601925
-60,10,98.627931
24,26,98.690947
38,12,98.722955
29,21,98.775966
21,29,98.847983
40,10,98.874989
34,16,98.915998
-62,12,98.947005
29,21,99.001017
26,24,99.060552
28,22,99.116566
17,33,99.200585
26,24,99.259598
35,15,99.296607
30,20,99.347618
34,16,99.389629
22,28,99.456646
36,14,99.493654
31,19,99.539665
13,37,99.633689
37,13,99.667696
37,13,99.700704
33,17,99.742713
32,18,99.788723
24,26,99.857264
-52,2,99.863266
14,36,99.955289
34,16,99.997298
10,40,100.098321
17,33,100.180339
28,22,100.237874
38,12,100.269881
38,12,100.298887
35,15,100.336896
27,23,100.395909
16,34,100.482928
32,18,100.529939
10,40,100.633488
27,23,100.691501
29,21,100.745513
35,15,100.782521
25,25,100.849536
22,28,100.949558
30,20,101.023609
33,17,101.088138
38,12,101.136158
25,25,101.216179
28,22,101.272192
32,18,101.320204
35,15,101.359215
-57,7,101.378219
30,20,101.432232
-68,18,101.480243
27,23,101.538256
27,23,101.60027
28,22,101.658283
24,26,101.725301
18,32,101.808321
34,16,101.852331
22,28,101.926347
38,12,101.959355
37,13,101.993362
26,24,102.054376
-56,6,102.07138
15,35,102.160402
26,24,102.223415
-66,16,102.264425
37,13,102.299433
36,14,102.33544
23,27,102.408457
10,40,102.516483
29,21,102.570495
20,30,102.651513
24,26,102.720528
23,27,102.792544
28,22,102.849557
31,19,102.902076
33,17,102.946086
33,17,102.990096
32,18,103.039106
36,14,103.078116
33,17,103.122125
25,25,103.18814
24,26,103.255659
6,44,103.371684
38,12,103.403692
-73,23,103.466706
14,36,103.560727
35,15,104.585104
22,28,104.65712
11,39,104.757669
31,19,104.808684
17,33,104.89472
-63,13,104.925726
21,29,104.999743
26,24,105.063758
34,16,105.105771
40,10,105.130776
33,17,105.172786
31,19,105.220797
34,16,105.262806
-65,15,105.301815
8,42,105.408839
-72,22,105.466851
-61,11,105.494858
-58,8,105.515862
4,46,105.631892
37,13,105.6669
38,12,105.696907
20,30,105.774924
30,20,105.826935
22,28,105.900461
-70,20,105.951494
40,10,105.975499
30,20,106.028511
24,26,106.093526
25,25,106.15954
-66,16,106.202554
36,14,106.239562
36,14,106.27457
-56,6,106.291574
29,21,106.34759
30,20,106.398601
-59,9,106.420607
35,15,106.459615
-58,8,106.48162
38,12,106.513627
33,17,106.558637
-55,5,106.572641
33,17,106.613664
9,41,106.719704
36,14,106.754712
29,21,106.809724
36,14,106.845732
19,31,106.92475
38,12,106.956757
28,22,107.012775
30,20,107.064786
28,22,107.121799
30,20,107.17381
32,18,107.222821
29,21,107.276833
27,23,107.33685
36,14,107.372865
28,22,107.431891
30,20,107.485903
38,12,107.51791
31,19,107.567922
32,18,107.614932
20,30,107.692953
34,16,107.734962
28,22,107.791975
33,17,107.835985
-57,7,107.853989
24,26,107.921004
18,32,108.001022
26,24,108.065036
31,19,108.116051
-74,24,108.175067
38,12,108.208082
33,17,108.252092
18,32,108.33411
39,11,108.363116
27,23,108.42213
23,27,108.491145
33,17,108.536158
20,30,108.609186
33,17,108.655196
27,23,108.71521
13,37,108.810231
28,22,108.865764
34,16,108.905773
29,21,108.959916
18,32,109.046936
27,23,109.102948
39,11,109.130961
-58,8,109.151966
34,16,109.195975
28,22,109.252988
31,19,109.301002
31,19,109.352027
24,26,109.419042
-60,10,109.445047
34,16,109.487057
-61,11,109.516063
38,12,109.549071
22,28,109.619086
36,14,109.655094
32,18,109.703112
34,16,109.743636
33,17,109.789657
25,25,110.830904
12,38,110.924925
36,14,110.963934
-68,18,111.006943
29,21,111.060955
25,25,111.12597
27,23,111.184983
39,11,111.209492
20,30,111.286509
28,22,111.340521
27,23,111.401535
28,22,111.458548
32,18,111.506558
-69,19,111.555569
27,23,111.612582
35,15,111.651591
24,26,111.717605
-54,4,111.729608
30,20,111.779619
32,18,111.82663
27,23,111.889644
16,34,111.973663
38,12,112.005669
32,18,112.05268
16,34,112.1417
34,16,112.182709
26,24,112.241722
18,32,112.324741
22,28,112.397757
37,13,112.430764
31,19,112.478775
30,20,112.529786
31,19,112.576797
30,20,112.626808
31,19,112.674819
28,22,112.732832
36,14,112.768355
38,12,112.800362
25,25,112.866377
35,15,112.906386
-58,8,112.927391
28,22,112.986403
28,22,113.041416
21,29,113.117936
37,13,113.151944
40,10,113.174949
26,24,113.233962
36,14,113.26797
26,24,113.330984
36,14,113.368992
24,26,113.437008
38,12,113.466014
-54,4,113.477017
37,13,113.513025
24,26,113.578039
38,12,113.609046
28,22,113.666059
16,34,113.755079
-68,18,113.803089
35,15,113.840098
30,20,113.892109
26,24,113.954242
38,12,113.986248
38,12,114.018256
32,18,114.066267
11,39,114.168289
38,12,114.200812
36,14,114.23682
31,19,114.285831
-62,12,114.317839
10,40,114.420861
34,16,114.46087
29,21,114.513882
32,18,114.559892
9,41,114.665916
35,15,114.703924
-67,17,114.748935
30,20,114.799946
24,26,114.865961
31,19,114.913971
29,21,114.971106
25,25,115.036121
25,25,115.100135
32,18,115.146145
27,23,115.203158
38,12,115.234165
22,28,115.307181
27,23,115.368195
18,32,115.452214
31,19,115.499224
34,16,115.539233
35,15,115.581242
11,39,115.682265
24,26,115.75128
-66,16,115.792289
27,23,115.853303
3,47,115.973447
28,22,116.03046
32,18,116.075469
-64,14,117.110523
33,17,117.155533
38,12,117.18854
30,20,117.241554
28,22,117.300567
22,28,117.373701
34,16,117.416711
36,14,117.454719
21,29,117.530736
12,38,117.62976
33,17,117.672771
24,26,117.741788
30,20,117.796801
-55,5,117.809803
32,18,117.856814
34,16,117.897823
40,10,117.923829
37,13,117.957838
10,40,118.060863
19,31,118.141881
24,26,118.210896
23,27,118.281912
27,23,118.341926
33,17,118.386936
22,28,118.458956
32,18,118.505967
32,18,118.551977
11,39,118.654
30,20,118.705012
30,20,118.757025
32,18,118.805041
31,19,118.856054
37,13,118.890061
36,14,118.92907
-76,26,118.99721
23,27,119.070226
36,14,119.106236
42,8,119.126242
-68,18,119.174254
23,27,119.248273
36,14,119.283281
31,19,119.333292
39,11,119.362299
7,43,119.474324
33,17,119.519576
29,21,119.574588
-73,23,119.636602
25,25,119.702616
32,18,119.748626
20,30,119.825644
21,29,119.903663
26,24,119.965677
27,23,120.02469
11,39,120.127713
31,19,120.175723
15,35,120.265743
16,34,120.355295
21,29,120.426312
37,13,120.460319
34,16,120.502328
37,13,120.536336
2,48,120.663366
31,19,120.715378
36,14,120.751386
33,17,120.794395
38,12,120.826402
33,17,120.869412
-72,22,120.926425
21,29,121.000442
25,25,121.067459
36,14,121.102466
37,13,121.136473
35,15,121.173482
26,24,121.236496
30,20,121.290508
6,44,121.403535
32,18,121.449545
30,20,121.500557
24,26,121.570092
26,24,121.631106
20,30,121.708123
7,43,121.817149
20,30,121.896171
-124,74,122.087215
31,19,122.136731
-12,62,122.298769
-64,14,122.333777
22,28,122.407794
23,27,123.452058
29,21,123.50607
26,24,123.566084
38,12,123.59709
24,26,123.666627
24,26,123.733641
40,10,123.759648
39,11,123.787653
23,27,123.854669
33,17,123.899678
33,17,123.944689
14,36,124.039714
36,14,124.076722
40,10,124.102728
39,11,124.130869
29,21,124.18488
40,10,124.210886
24,26,124.276901
14,36,124.368925
32,18,124.415939
-66,16,124.455958
21,29,124.528974
-59,9,124.55298
-1,51,124.686009
31,19,124.73302
27,23,124.791033
37,13,124.82404
33,17,124.87005
33,17,124.915061
22,28,124.986076
21,29,125.064094
16,34,125.154121
7,43,125.264145
26,24,125.322159
37,13,125.354166
28,22,125.414179
25,25,125.479194
19,31,125.557218
29,21,125.614241
8,42,125.719264
31,19,125.768275
32,18,125.815285
-62,12,125.846292
36,14,125.8813
32,18,125.927933
35,15,125.966942
33,17,126.008951
26,24,126.069965
-79,29,126.143981
7,43,126.255005
35,15,126.291017
33,17,126.337031
23,27,126.406049
27,23,126.466063
25,25,126.532078
40,10,126.558083
15,35,126.650103
-9,59,126.798136
-68,18,126.846146
31,19,126.897158
29,21,126.95217
35,15,126.991179
14,36,127.0862
-69,19,127.137211
35,15,127.17522
-57,7,127.195224
-83,33,127.281244
38,12,127.313251
20,30,127.389268
32,18,127.436278
25,25,127.499292
26,24,127.558305
17,33,127.643324
-53,3,127.651326
26,24,127.71434
33,17,127.75835
34,16,127.80236
23,27,127.870375
38,12,127.903382
27,23,127.964396
7,43,128.07342
33,17,128.11643
35,15,128.156439
26,24,128.219453
11,39,128.32098
32,18,128.363989
32,18,128.412
14,36,128.508021
-16,66,128.677059
31,19,129.703558
27,23,129.764572
31,19,129.813583
34,16,129.853592
27,23,129.915606
23,27,129.98262
18,32,130.06864
-59,9,130.089644
26,24,130.153162
23,27,130.221177
-58,8,130.244182
31,19,130.292193
33,17,130.335203
25,25,130.401217
32,18,130.449228
14,36,130.541249
24,26,130.608264
34,16,130.647272
33,17,130.692282
31,19,130.742294
37,13,130.775301
18,32,130.858319
32,18,130.90533
33,17,130.95034
11,39,131.055363
23,27,131.126379
28,22,131.187392
26,24,131.250407
42,8,131.271411
33,17,131.317422
36,14,131.35343
31,19,131.404441
-3,53,131.539471
37,13,131.573479
40,10,131.599485
36,14,131.634492
34,16,131.676502
36,14,131.71351
32,18,131.759521
26,24,131.821534
28,22,131.876547
-62,12,131.908554
28,22,131.967567
27,23,132.02658
38,12,132.058587
35,15,132.097596
32,18,132.146607
11,39,132.246143
33,17,132.290153
-61,11,132.320159
29,21,132.372171
31,19,132.421182
33,17,132.465192
40,10,132.490198
32,18,132.537208
24,26,132.604223
-63,13,132.63823
-57,7,132.656235
35,15,132.691242
-3,53,132.831274
33,17,132.874283
29,21,132.927295
34,16,132.970304
38,12,133.002312
17,33,133.089331
33,17,133.133341
27,23,133.193354
31,19,133.243366
32,18,133.291376
28,22,133.348904
-62,12,133.380912
39,11,133.408918
28,22,133.466931
24,26,133.535946
31,19,133.583472
27,23,133.641485
35,15,133.681494
-54,4,133.691496
24,26,133.758511
38,12,133.790518
38,12,133.821525
32,18,133.866535
35,15,133.904047
-68,18,133.952058
35,15,133.990067
25,25,134.056082
21,29,134.136099
-59,9,134.162105
21,29,134.238122
32,18,134.285132
27,23,134.341145
42,8,134.36615
29,21,134.418162
25,25,134.484177
40,10,134.510182
23,27,134.580198
-55,5,134.593201
30,20,134.642212
25,25,134.709744
33,17,134.752753
-57,7,134.771758
-78,28,134.844774
16,34,134.930793
32,18,134.976803
24,26,136.034051
32,18,136.082062
35,15,136.120071
34,16,136.164081
34,16,136.20609
35,15,136.242098
31,19,136.293109
-68,18,136.33912
22,28,136.415136
18,32,136.496155
19,31,136.576172
28,22,136.637188
35,15,136.6747
35,15,136.714714
29,21,136.769727
20,30,136.847744
31,19,136.898756
18,32,136.984774
27,23,137.042788
32,18,137.087798
-56,6,137.104802
31,19,137.153812
28,22,137.210825
36,14,137.247833
36,14,137.283841
24,26,137.351856
30,20,137.401868
37,13,137.43639
-64,14,137.471397
35,15,137.507406
23,27,137.576421
21,29,137.650437
29,21,137.70545
25,25,137.769464
37,13,137.803472
-67,17,137.848482
22,28,137.919497
31,19,137.969509
40,10,137.997515
30,20,138.049526
36,14,138.088535
38,12,138.120045
26,24,138.181059
23,27,138.252075
31,19,138.301086
15,35,138.393106
30,20,138.445118
27,23,138.504131
35,15,138.54314
33,17,138.586149
27,23,138.648163
16,34,138.737183
36,14,138.774191
36,14,138.809199
28,22,138.866212
24,26,138.931226
-52,2,138.936228
29,21,138.99024
30,20,139.040251
29,21,139.096381
30,20,139.147392
40,10,139.173398
-75,25,139.234412
26,24,139.292425
-55,5,139.307428
-63,13,139.341435
31,19,139.389446
35,15,139.431456
25,25,139.49647
33,17,139.53948
30,20,139.591491
40,10,139.618497
35,15,139.655505
19,31,139.735523
32,18,139.782534
24,26,139.851549
28,22,139.908562
40,10,139.932567
18,32,140.01876
27,23,140.0766
37,13,140.109607
39,11,140.138613
32,18,140.183624
25,25,140.247638
26,24,140.308651
-68,18,140.354176
27,23,140.41619
24,26,140.485205
4,46,140.602363
39,11,140.63237
27,23,140.691383
31,19,140.739393
-81,31,140.819411
23,27,140.889427
18,32,140.975446
31,19,141.023457
26,24,141.086471
26,24,141.151485
37,13,141.185493
30,20,141.235504
36,14,141.270512
-52,2,141.277514
36,14,141.314523
35,15,142.329915
40,10,142.35392
-66,16,142.395929
29,21,142.450942
22,28,142.523958
16,34,142.60998
-66,16,142.650989
10,40,142.752012
36,14,142.78702
17,33,142.87504
-64,14,142.911051
35,15,142.95106
35,15,142.988068
-57,7,143.006072
38,12,143.037079
34,16,143.081089
26,24,143.144103
-22,72,143.32615
37,13,143.361158
26,24,143.424172
21,29,143.498189
24,26,143.563203
36,14,143.599211
32,18,143.648222
29,21,143.70274
9,41,143.806779
35,15,143.845788
37,13,143.880796
32,18,143.927807
38,12,143.958813
34,16,144.000822
39,11,144.030829
31,19,144.076843
36,14,144.117377
27,23,144.17539
6,44,144.291415
29,21,144.346428
28,22,144.404441
31,19,144.455459
20,30,144.532483
24,26,144.599498
-5,55,144.74053
30,20,144.793541
21,29,144.868558
39,11,144.896564
8,42,145.005598
30,20,145.05461
36,14,145.091617
39,11,145.120624
29,21,145.174637
16,34,145.259659
24,26,145.329674
22,28,145.40069
-52,2,145.405691
33,17,145.449701
19,31,145.529719
29,21,145.585239
22,28,145.657255
26,24,145.721269
34,16,145.76528
28,22,145.822292
30,20,145.873303
33,17,145.918313
34,16,145.958329
-54,4,145.971332
7,43,146.084484
34,16,146.126493
24,26,146.191508
38,12,146.222515
21,29,146.296535
29,21,146.350065
25,25,146.412083
23,27,146.481098
16,34,146.568118
-66,16,146.610127
33,17,146.65514
0,50,146.784179
-54,4,146.793182
35,15,146.83219
26,24,146.893204
36,14,146.929213
35,15,146.968221
18,32,147.051243
39,11,147.080253
-15,65,147.25029
39,11,147.278296
36,14,147.315304
31,19,147.366316
33,17,147.409325
-58,8,147.43033
11,39,147.530353
31,19,147.582364
31,19,148.680739
33,17,148.72675
25,25,148.792764
-61,11,148.821771
35,15,148.860779
19,31,148.9438
27,23,149.003814
31,19,149.053825
31,19,149.102835
33,17,149.147849
11,39,149.249872
40,10,149.275879
20,30,149.357908
34,16,149.400918
42,8,149.421923
28,22,149.47894
38,12,149.510947
38,12,149.540953
22,28,149.61397
25,25,149.678984
39,11,149.706995
-52,2,149.712996
20,30,149.790017
34,16,149.834027
34,16,149.874035
25,25,149.940049
27,23,150.000062
25,25,150.066077
36,14,150.104088
35,15,150.142097
32,18,150.190108
22,28,150.262124
30,20,150.314135
36,14,150.350144
2,48,150.473171
39,11,150.503178
27,23,150.562191
21,29,150.636207
24,26,150.705223
31,19,150.753233
14,36,150.847255
24,26,150.917278
-64,14,150.952285
28,22,151.007298
29,21,151.06231
-22,72,151.249352
36,14,151.286364
37,13,151.319376
35,15,151.358383
29,21,151.414396
26,24,151.473409
32,18,151.51942
37,13,151.553427
31,19,151.601438
32,18,151.649449
34,16,151.690458
21,29,151.764474
32,18,151.811485
28,22,151.866497
36,14,151.902505
30,20,151.954516
34,16,151.993525
12,38,152.091558
16,34,152.182585
7,43,152.291609
-57,7,152.310613
39,11,152.33962
-6,56,152.479659
27,23,152.53667
26,24,152.598685
27,23,152.659698
36,14,152.694706
34,16,152.733715
9,41,152.837745
13,37,152.931766
-59,9,152.956771
33,17,152.999781
32,18,153.044791
26,24,153.107805
32,18,153.155816
20,30,153.233837
14,36,153.325865
30,20,153.379876
26,24,153.436889
22,28,153.508905
33,17,153.553915
36,14,153.588923
30,20,153.639938
23,27,153.710957
36,14,153.747966
34,16,153.787975
31,19,153.837986
32,18,153.885996
29,21,153.942009
17,33,155.006388
-52,2,155.01039
21,29,155.085406
30,20,155.136421
30,20,155.188432
40,10,155.214438
34,16,155.253447
34,16,155.294456
26,24,155.35747
38,12,155.389477
27,23,155.449491
34,16,155.491502
14,36,155.586528
33,17,155.632538
17,33,155.718558
33,17,155.764568
38,12,155.796575
31,19,155.846586
38,12,155.876595
24,26,155.949348
21,29,156.023365
-52,2,156.029366
24,26,156.098381
35,15,156.139391
26,24,156.202408
33,17,156.243419
25,25,156.310434
27,23,156.371448
39,11,156.401454
27,23,156.463468
12,38,156.56349
40,10,156.589496
35,15,156.627506
30,20,156.681519
40,10,156.707524
35,15,156.748533
37,13,156.783541
29,21,156.837553
28,22,156.89657
26,24,156.959584
32,18,157.007595
30,20,157.05861
38,12,157.091618
29,21,157.14563
25,25,157.211644
37,13,157.243652
34,16,157.285661
28,22,157.342674
25,25,157.408692
14,36,157.502713
3,47,157.62174
29,21,157.676752
30,20,157.727763
33,17,157.771775
41,9,157.793782
39,11,157.822788
29,21,157.874799
31,19,157.92381
38,12,157.954817
30,20,158.00983
30,20,158.058841
18,32,158.142859
26,24,158.204875
19,31,158.283893
19,31,158.365911
16,34,158.451931
22,28,158.52395
24,26,158.589968
19,31,158.670987
-68,18,158.717998
28,22,158.776011
19,31,158.857032
31,19,158.907045
19,31,158.988064
30,20,159.040076
35,15,159.080085
31,19,159.128096
34,16,159.168104
36,14,159.207113
22,28,159.279129
15,35,159.371656
30,20,159.423667
23,27,159.497684
7,43,159.609711
35,15,159.652722
34,16,159.693731
-53,3,159.702734
29,21,159.758859
22,28,159.831875
31,19,159.882887
32,18,159.929897
36,14,159.966906
-58,8,159.989911
29,21,160.044925
21,29,160.122944
37,13,160.156951
28,22,160.213964
34,16,160.254973
25,25,161.30823
20,30,161.385247
27,23,161.44626
31,19,161.494271
38,12,161.525278
37,13,161.560286
21,29,161.635307
35,15,161.675319
35,15,161.714328
24,26,161.778342
28,22,161.835355
22,28,161.908371
21,29,161.983388
8,42,162.089412
-66,16,162.131422
-61,11,162.157427
29,21,162.211439
26,24,162.271453
28,22,162.327465
38,12,162.358475
35,15,162.399484
24,26,162.46351
19,31,162.543529
-60,10,162.569534
-58,8,162.592539
38,12,162.623546
36,14,162.660554
32,18,162.706565
32,18,162.752089
39,11,162.783102
22,28,162.853118
31,19,162.902129
-85,35,162.992149
28,22,163.052163
31,19,163.101173
29,21,163.154201
40,10,163.178206
30,20,163.230218
16,34,163.317237
36,14,163.353245
18,32,163.438264
31,19,163.489779
23,27,163.561311
-58,8,163.581316
36,14,163.616324
-73,23,163.675337
32,18,163.720347
39,11,163.747353
15,35,163.836373
38,12,163.86838
33,17,163.91339
35,15,163.951399
26,24,164.012413
22,28,164.085429
31,19,164.132439
31,19,164.184451
23,27,164.250969
25,25,164.317984
39,11,164.34699
39,11,164.375996
9,41,164.48202
30,20,164.533032
34,16,164.57304
26,24,164.635054
6,44,164.74808
26,24,164.810207
35,15,164.849216
23,27,164.919231
14,36,165.008251
32,18,165.055403
24,26,165.124418
9,41,165.231442
29,21,165.287455
32,18,165.333465
40,10,165.358974
31,19,165.407985
27,23,165.464998
31,19,165.515009
20,30,165.592026
16,34,165.680046
26,24,165.740059
33,17,165.785069
32,18,165.83408
22,28,165.906096
38,12,165.937619
29,21,165.992632
36,14,166.03164
33,17,166.07365
28,22,166.132663
25,25,166.194677
24,26,166.262692
30,20,166.313703
30,20,166.364715
27,23,166.422727
40,10,166.451734
27,23,166.507746
22,28,166.581763
31,19,167.608015
29,21,167.665028
36,14,167.701035
28,22,167.757048
-59,9,167.781053
27,23,167.840067
36,14,167.875074
40,10,167.904084
39,11,167.93109
36,14,167.967098
33,17,168.010108
33,17,168.052117
40,10,168.078123
31,19,168.128135
29,21,168.181146
35,15,168.218155
36,14,168.255163
36,14,168.291171
38,12,168.322178
35,15,168.359186
26,24,168.4232
23,27,168.491215
21,29,168.565232
38,12,168.594239
27,23,168.655258
20,30,168.731275
32,18,168.779286
32,18,168.826297
37,13,168.861304
31,19,168.910315
40,10,168.938322
35,15,168.97533
-60,10,169.002336
38,12,169.033346
19,31,169.113027
15,35,169.202047
32,18,169.249058
31,19,169.299069
28,22,169.356088
18,32,169.438113
-62,12,169.47112
30,20,169.520131
-61,11,169.550138
38,12,169.580145
36,14,169.615153
34,16,169.658162
29,21,169.713178
31,19,169.760191
31,19,169.810212
19,31,169.88823
32,18,169.93324
38,12,169.966248
26,24,170.027265
37,13,170.060272
35,15,170.100285
27,23,170.157298
34,16,170.200307
32,18,170.248318
23,27,170.317333
25,25,170.382352
27,23,170.441369
11,39,170.541395
33,17,170.586405
32,18,170.633415
27,23,170.691428
25,25,170.757443
25,25,170.822983
10,40,170.925009
34,16,170.967019
36,14,171.003027
30,20,171.057039
29,21,171.111051
30,20,171.162062
-6,56,171.303094
33,17,171.348104
18,32,171.431123
32,18,171.480134
37,13,171.514141
30,20,171.568684
37,13,171.602688
31,19,171.652699
24,26,171.720719
27,23,171.780732
17,33,171.865272
-67,17,171.910286
40,10,171.937936
22,28,172.009477
26,24,172.072496
42,8,172.096501
35,15,172.134509
13,37,172.230531
32,18,172.275544
36,14,172.310553
29,21,172.366564
32,18,172.412575
35,15,172.450584
27,23,172.512598
33,17,172.556607
26,24,172.621625
39,11,172.650638
30,20,172.701646
37,13,172.735654
40,10,172.76266
37,13,172.796667
32,18,172.843678
40,10,173.843906
38,12,173.874913
31,19,173.922925
33,17,173.970936
12,38,174.068958
31,19,174.12197
32,18,174.16898
36,14,174.205992
30,20,174.258007
33,17,174.30302
20,30,174.383038
27,23,174.443052
40,10,174.469058
28,22,174.526072
33,17,174.571082
-57,7,174.589086
27,23,174.6491
26,24,174.709113
38,12,174.738119
30,20,174.791131
30,20,174.842145
28,22,174.899158
25,25,174.965173
27,23,175.026186
19,31,175.104203
35,15,175.146213
30,20,175.199225
25,25,175.265239
-65,15,175.30525
33,17,175.353263
22,28,175.423279
39,11,175.453285
34,16,175.494294
-62,12,175.526301
29,21,175.579313
33,17,175.623323
34,16,175.665333
28,22,175.723347
37,13,175.758356
30,20,175.814373
34,16,175.855383
32,18,175.902393
40,10,175.928399
36,14,175.964407
29,21,176.017959
28,22,176.073433
30,20,176.124444
34,16,176.166454
-64,14,176.204462
18,32,176.291482
35,15,176.33049
33,17,176.3745
25,25,176.441519
39,11,176.471527
24,26,176.538542
33,17,176.584552
25,25,176.648567
37,13,176.681574
32,18,176.730585
33,17,176.773594
36,14,176.808602
39,11,176.839611
32,18,176.886622
36,14,176.92463
26,24,176.986644
33,17,177.032654
38,12,177.063661
29,21,177.116673
38,12,177.14768
35,15,177.18769
33,17,177.234077
39,11,177.259708
38,12,177.291843
30,20,177.345854
-54,4,177.355856
-56,6,177.37086
-73,23,177.432873
15,35,177.522895
33,17,177.568911
24,26,177.633924
-55,5,177.647927
1,49,177.770954
33,17,177.815964
34,16,177.857974
38,12,177.888981
39,11,177.915987
33,17,177.96
40,10,177.98801
38,12,178.020017
30,20,178.071028
29,21,178.124041
36,14,178.162049
38,12,178.193056
-58,8,178.21506
33,17,178.25807
37,13,178.293078
34,16,178.332087
32,18,178.376624
31,19,178.424648
36,14,178.464664
16,34,178.551683
27,23,178.610696
33,17,178.653706
35,15,178.691714
33,17,178.738728
14,36,178.831752
40,10,178.856758
35,15,178.89577
38,12,178.926777
38,12,178.958784
23,27,179.0298
27,23,179.090814
38,12,179.121825
37,13,179.156361
30,20,180.17773
32,18,180.223739
-63,13,180.257747
38,12,180.289761
34,16,180.329771
38,12,180.359777
33,17,180.403787
-69,19,180.453799
15,35,180.543818
40,10,180.569824
31,19,180.615839
-3,53,180.753873
18,32,180.83289
29,21,180.886902
30,20,180.941915
38,12,180.973922
-62,12,181.004928
39,11,181.035943
22,28,181.107969
20,30,181.185986
31,19,181.233997
3,47,181.355023
27,23,181.414041
30,20,181.467052
36,14,181.50206
27,23,181.562073
23,27,181.632089
32,18,181.679099
32,18,181.72511
10,40,181.826139
29,21,181.879151
-62,12,181.909158
24,26,181.974172
22,28,182.044188
35,15,182.083196
23,27,182.151212
32,18,182.195224
32,18,182.241238
39,11,182.272245
28,22,182.326258
25,25,182.388271
19,31,182.469289
-60,10,182.497296
35,15,182.535304
-89,39,182.633333
6,44,182.747358
33,17,182.791368
33,17,182.836378
-64,14,182.873387
25,25,182.938405
34,16,182.978413
25,25,183.04193
33,17,183.086941
16,34,183.171959
30,20,183.222971
36,14,183.259979
36,14,183.296988
20,30,183.375005
36,14,183.415014
23,27,183.485029
21,29,183.559046
32,18,183.604056
38,12,183.634062
16,34,183.721082
32,18,183.769093
26,24,183.832107
-74,24,183.89212
33,17,183.93513
34,16,183.977139
35,15,184.016148
25,25,184.081666
25,25,184.14368
39,11,184.172686
32,18,184.219697
31,19,184.269708
35,15,184.310717
40,10,184.335723
5,45,184.45675
25,25,184.521764
29,21,184.573776
29,21,184.631789
39,11,184.659795
31,19,184.708806
-80,30,184.786823
32,18,184.835834
31,19,184.882845
33,17,184.926855
-56,6,184.942858
6,44,185.058884
28,22,185.115897
23,27,185.184912
14,36,185.276933
12,38,185.374954
37,13,185.407962
17,33,186.465363
4,46,186.58439
6,44,186.696415
33,17,186.740425
22,28,186.814445
34,16,186.854454
37,13,186.888462
16,34,186.97148
34,16,187.01649
35,15,187.055499
38,12,187.084505
35,15,187.122514
27,23,187.18253
29,21,187.237542
36,14,187.27355
7,43,187.386576
18,32,187.471595
24,26,187.536613
28,22,187.593629
31,19,187.64164
-52,2,187.648642
38,12,187.679648
13,37,187.774669
35,15,187.812678
42,8,187.833683
16,34,187.919709
37,13,187.953717
23,27,188.025733
35,15,188.064741
33,17,188.107751
36,14,188.142759
26,24,188.205773
32,18,188.253784
36,14,188.290796
31,19,188.33881
34,16,188.381819
25,25,188.445834
29,21,188.498846
34,16,188.540855
35,15,188.578863
7,43,188.688899
31,19,188.738907
37,13,188.771914
39,11,188.801921
34,16,188.84393
23,27,188.911945
36,14,188.948954
31,19,188.996964
27,23,189.057485
15,35,189.149509
32,18,189.195519
34,16,189.236528
33,17,189.282538
36,14,189.317547
30,20,189.368558
39,11,189.395564
26,24,189.459106
30,20,189.510118
37,13,189.545126
20,30,189.621147
33,17,189.666157
38,12,189.697163
-64,14,189.732171
40,10,189.758178
25,25,189.822198
11,39,189.922343
-54,4,189.935345
26,24,189.995359
16,34,190.082378
37,13,190.116385
25,25,190.180405
23,27,190.249429
19,31,190.327446
39,11,190.357453
16,34,190.446477
34,16,190.488487
16,34,190.571505
31,19,190.620516
36,14,190.655524
39,11,190.68353
37,13,190.716538
36,14,190.754546
35,15,190.793076
20,30,190.870096
39,11,190.899104
27,23,190.956115
29,21,191.013128
-71,21,191.06814
36,14,191.10615
24,26,191.173167
34,16,191.217177
40,10,191.243183
32,18,191.290194
30,20,191.343205
-66,16,191.385215
33,17,191.430225
22,28,191.504245
12,38,191.599267
36,14,191.637275
38,12,191.669282
30,20,192.726672
-58,8,192.748677
39,11,192.777683
41,9,192.801689
-52,2,192.80569
36,14,192.842698
-58,8,192.863702
16,34,192.949722
35,15,192.989731
8,42,193.093754
35,15,193.132762
27,23,193.190776
28,22,193.244787
40,10,193.269793
38,12,193.301801
37,13,193.336808
34,16,193.375817
-56,6,193.39182
36,14,193.425828
35,15,193.467837
29,21,193.521849
28,22,193.577862
31,19,193.625873
37,13,193.65888
35,15,193.696888
11,39,193.792914
16,34,193.881936
34,16,193.921945
26,24,193.983958
29,21,194.03597
38,12,194.067977
33,17,194.112988
39,11,194.139994
21,29,194.216013
27,23,194.272025
36,14,194.308033
40,10,194.335039
14,36,194.425059
37,13,194.459066
27,23,194.52109
37,13,194.554091
22,28,194.626109
39,11,194.654115
-91,41,194.759139
-58,8,194.779143
25,25,194.842158
29,21,194.89717
32,18,194.943288
29,21,194.996056
26,24,195.057069
26,24,195.118082
25,25,195.180096
33,17,195.224106
36,14,195.259114
35,15,195.297122
34,16,195.338132
34,16,195.377148
33,17,195.421169
40,10,195.447174
40,10,195.471183
35,15,195.512192
25,25,195.574206
27,23,195.634219
8,42,195.739246
30,20,195.790257
32,18,195.835268
35,15,195.871276
28,22,195.929288
31,19,195.976299
33,17,196.021309
20,30,196.097329
35,15,196.135345
36,14,196.170352
32,18,196.215362
41,9,196.237367
37,13,196.271375
28,22,196.328387
-11,61,196.477421
18,32,196.559443
28,22,196.616455
21,29,196.688471
-57,7,196.706475
40,10,196.731481
26,24,196.791495
26,24,196.851508
21,29,196.923531
22,28,196.99255
33,17,197.034559
24,26,197.099574
25,25,197.164588
37,13,197.197599
28,22,197.25212
-65,15,197.290128
28,22,197.347141
38,12,197.376147
33,17,197.419157
27,23,197.476169
10,40,197.577192
27,23,197.636212
27,23,197.694229
18,32,197.772367
34,16,197.814377
29,21,197.865387
-65,15,197.903396
31,19,198.889632
-60,10,198.916638
27,23,198.974651
36,14,199.008659
23,27,199.077674
15,35,199.166744
28,22,199.22176
-58,8,199.241764
19,31,199.318781
30,20,199.368792
24,26,199.436807
36,14,199.471815
32,18,199.51683
2,48,199.635857
31,19,199.685868
34,16,199.725877
33,17,199.770886
26,24,199.8309
36,14,199.867913
28,22,199.922925
30,20,199.97194
29,21,200.022951
28,22,200.081964
36,14,200.117973
29,21,200.168984
16,34,200.254129
30,20,200.30514
37,13,200.338148
27,23,200.39516
27,23,200.452173
37,13,200.486181
31,19,200.535192
31,19,200.582202
22,28,200.653231
27,23,200.710766
27,23,200.769779
-52,2,200.77378
40,10,200.799786
30,20,200.849797
38,12,200.880804
36,14,200.914812
37,13,200.948819
33,17,200.991832
33,17,201.036846
23,27,201.104861
18,32,201.185878
38,12,201.216886
30,20,201.266897
38,12,201.297903
26,24,201.355916
33,17,201.397926
37,13,201.433937
34,16,201.472945
31,19,201.521956
33,17,201.562966
17,33,201.647985
23,27,201.717
26,24,201.777014
34,16,201.81903
31,19,201.867037
26,24,201.925054
29,21,201.978065
36,14,202.013073
28,22,202.068085
35,15,202.108094
31,19,202.157105
19,31,202.23613
28,22,202.291142
18,32,202.371161
39,11,202.399167
35,15,202.435175
-7,57,202.579714
29,21,202.633726
37,13,202.666733
-55,5,202.679736
27,23,202.73875
30,20,202.788761
26,24,202.849774
30,20,202.900785
29,21,202.952801
20,30,203.027818
19,31,203.105836
23,27,203.172851
26,24,203.232981
-64,14,203.27199
27,23,203.330003
34,16,203.371014
34,16,203.412024
29,21,203.465036
29,21,203.517048
27,23,203.57206
37,13,203.607068
21,29,203.681084
33,17,203.722094
31,19,203.772105
-80,30,203.848122
25,25,203.909135
31,19,203.956146
26,24,204.017159
29,21,205.024392
24,26,205.093408
36,14,205.127415
28,22,205.183427
32,18,205.230438
18,32,205.310457
32,18,205.357471
40,10,205.383476
-68,18,205.426486
18,32,205.503504
25,25,205.565517
26,24,205.626531
25,25,205.689548
23,27,205.757564
30,20,205.807575
14,36,205.897595
25,25,205.959608
5,45,206.073634
39,11,206.103641
34,16,206.141653
28,22,206.197665
36,14,206.231673
23,27,206.301689
28,22,206.356701
33,17,206.400711
25,25,206.464728
-52,2,206.47173
22,28,206.541749
28,22,206.596915
32,18,206.640924
36,14,206.675932
36,14,206.712941
31,19,206.759951
34,16,206.80096
35,15,206.837969
30,20,206.889987
35,15,206.931003
32,18,206.975019
38,12,207.005027
26,24,207.06704
29,21,207.120052
-72,22,207.176064
34,16,207.217074
29,21,207.271089
29,21,207.323226
16,34,207.406244
33,17,207.450254
33,17,207.493264
38,12,207.525271
22,28,207.595285
35,15,207.634302
22,28,207.705322
14,36,207.794341
17,33,207.876359
15,35,207.965904
37,13,207.999915
25,25,208.060929
24,26,208.128944
32,18,208.170953
38,12,208.20096
40,10,208.228966
39,11,208.257973
24,26,208.323991
35,15,208.362
35,15,208.402008
34,16,208.441017
23,27,208.509032
36,14,208.54404
36,14,208.580048
24,26,208.642062
37,13,208.675069
30,20,208.724084
32,18,208.772099
35,15,208.80911
34,16,208.849119
36,14,208.883126
29,21,208.936138
21,29,209.008155
28,22,209.064167
31,19,209.111181
-66,16,209.15319
24,26,209.216204
19,31,209.293221
38,12,209.324228
10,40,209.425251
27,23,209.485264
33,17,209.529278
36,14,209.566286
26,24,209.624299
27,23,209.683312
18,32,209.76333
33,17,209.80734
36,14,209.843348
29,21,209.893363
27,23,209.95539
26,24,210.017408
35,15,210.054417
28,22,210.110429
37,13,210.142436
38,12,211.129304
37,13,211.161312
25,25,211.225326
38,12,211.256333
37,13,211.28834
26,24,211.350877
15,35,211.438897
30,20,211.491909
30,20,211.54192
30,20,211.591931
17,33,211.675952
31,19,211.724484
22,28,211.795203
26,24,211.854217
27,23,211.91523
31,19,211.963241
32,18,212.010251
33,17,212.054261
36,14,212.087269
35,15,212.125277
-70,20,212.177292
32,18,212.219301
34,16,212.25931
27,23,212.319324
22,28,212.389341
40,10,212.413349
36,14,212.451357
32,18,212.494367
37,13,212.528374
29,21,212.581387
34,16,212.623396
36,14,212.659403
21,29,212.73042
36,14,212.76943
30,20,212.819945
38,12,212.849952
37,13,212.88396
30,20,212.933971
26,24,212.994984
36,14,213.030992
24,26,213.098007
5,45,213.214038
33,17,213.255046
42,8,213.276051
31,19,213.322062
33,17,213.366071
15,35,213.454091
36,14,213.4881
22,28,213.559119
24,26,213.625657
36,14,213.664666
33,17,213.708675
34,16,213.750685
34,16,213.790694
32,18,213.837704
37,13,213.871714
-6,56,214.014748
35,15,214.051756
-58,8,214.07176
28,22,214.127911
32,18,214.174922
23,27,214.241939
-54,4,214.253941
34,16,214.29395
35,15,214.332959
36,14,214.368967
24,26,214.434982
29,21,214.489994
23,27,214.558009
15,35,214.646031
30,20,214.698042
16,34,214.783061
30,20,214.835073
36,14,214.87008
36,14,214.907089
25,25,214.970103
30,20,215.021225
36,14,215.057235
27,23,215.118248
33,17,215.162258
29,21,215.215271
22,28,215.285286
28,22,215.341298
16,34,215.429322
-80,30,215.504471
25,25,215.567485
38,12,215.599492
-58,8,215.619497
26,24,215.680511
26,24,215.741524
37,13,215.772531
30,20,215.823544
28,22,215.877656
32,18,215.922688
26,24,215.983702
32,18,216.029712
30,20,216.079723
39,11,216.108731
36,14,216.142739
31,19,216.192751
39,11,216.222758
28,22,216.27877
-58,8,216.299775
17,33,217.338134
-63,13,217.374142
24,26,217.438156
29,21,217.490168
16,34,217.574187
35,15,217.613195
36,14,217.649203
26,24,217.709217
28,22,217.767234
27,23,217.82425
34,16,217.86626
-68,18,217.911269
32,18,217.95528
29,21,218.007291
37,13,218.040298
29,21,218.093313
30,20,218.143328
-61,11,218.173335
38,12,218.203342
34,16,218.243351
33,17,218.283883
26,24,218.343896
2,48,218.463923
28,22,218.52094
29,21,218.572958
26,24,218.632972
-57,7,218.648976
30,20,218.699987
34,16,218.741997
39,11,218.770003
35,15,218.807011
38,12,218.838018
25,25,218.901036
30,20,218.953048
32,18,218.999062
26,24,219.058075
32,18,219.106085
23,27,219.1731
37,13,219.206108
18,32,219.288659
35,15,219.325674
35,15,219.364682
10,40,219.465705
35,15,219.502713
-69,19,219.551729
-68,18,219.596742
24,26,219.664767
26,24,219.723781
34,16,219.76579
-66,16,219.805799
29,21,219.85881
0,50,219.984838
39,11,220.010355
33,17,220.054898
17,33,220.135919
41,9,220.160925
34,16,220.199932
25,25,220.263947
-59,9,220.284951
17,33,220.37097
35,15,220.407979
29,21,220.463992
18,32,220.543009
32,18,220.59002
38,12,220.622027
35,15,220.659035
-57,7,220.676039
31,19,220.723553
24,26,220.790568
32,18,220.836579
14,36,220.92873
34,16,220.96874
20,30,221.042756
38,12,221.074763
27,23,221.133776
34,16,221.173785
-13,63,221.338822
26,24,221.400836
9,41,221.503363
21,29,221.577379
32,18,221.62439
22,28,221.695406
21,29,221.772423
-67,17,221.813432
31,19,221.86046
31,19,221.907471
36,14,221.944479
32,18,221.988489
15,35,222.074508
28,22,222.130521
27,23,222.188534
38,12,222.219541
25,25,222.281554
28,22,222.336567
35,15,222.374575
34,16,222.412584
23,27,223.436831
35,15,223.473842
20,30,223.551859
30,20,223.60287
12,38,223.699894
34,16,223.740906
33,17,223.784918
33,17,223.825927
24,26,223.891943
37,13,223.92595
-64,14,223.959958
18,32,224.041976
18,32,224.122994
28,22,224.176009
28,22,224.234026
36,14,224.270035
24,26,224.335049
33,17,224.380059
33,17,224.424069
-62,12,224.455076
19,31,224.534093
38,12,224.5631
30,20,224.615115
36,14,224.648122
37,13,224.68213
32,18,224.72914
34,16,224.76915
-86,36,224.863174
-58,8,224.886179
31,19,224.934193
26,24,224.993737
29,21,225.048748
20,30,225.12577
31,19,225.17378
27,23,225.233794
-58,8,225.255799
15,35,225.341822
37,13,225.375832
35,15,225.414851
30,20,225.464866
38,12,225.494873
39,11,225.521879
37,13,225.557887
29,21,225.609898
30,20,225.659909
33,17,225.703919
-58,8,225.723924
30,20,225.774942
15,35,225.863477
-67,17,225.906486
31,19,225.953496
34,16,225.993505
27,23,226.048517
23,27,226.11954
29,21,226.169552
34,16,226.210561
36,14,226.246569
36,14,226.280581
22,28,226.349596
21,29,226.423613
6,44,226.536645
24,26,226.600668
-66,16,226.639677
19,31,226.718695
31,19,226.765705
38,12,226.796712
24,26,226.861726
38,12,226.890733
23,27,226.959282
16,34,227.047316
24,26,227.11133
40,10,227.135335
29,21,227.190348
32,18,227.236358
36,14,227.271366
35,15,227.308378
33,17,227.355388
31,19,227.404399
-54,4,227.416401
25,25,227.480416
40,10,227.505421
37,13,227.539429
28,22,227.593441
11,39,227.69047
24,26,227.75664
36,14,227.793649
33,17,227.836658
-84,34,227.922678
29,21,227.975689
21,29,228.048742
35,15,228.085757
31,19,228.135768
26,24,228.196782
24,26,228.263797
34,16,228.305806
21,29,228.377329
-60,10,228.403335
13,37,228.496356
26,24,228.554368
35,15,228.596378
31,19,229.608626
36,14,229.643635
26,24,229.705648
-64,14,229.741656
16,34,229.825675
32,18,229.871685
33,17,229.917696
7,43,230.02572
27,23,230.08585
27,23,230.141864
36,14,230.179873
27,23,230.237885
-63,13,230.271893
29,21,230.325905
-65,15,230.363914
-70,20,230.413925
25,25,230.475053
37,13,230.506059
-62,12,230.53759
35,15,230.576599
27,23,230.635612
20,30,230.710629
33,17,230.753639
22,28,230.826654
30,20,230.875666
28,22,230.933681
40,10,230.958687
-64,14,230.993698
-70,20,231.045712
26,24,231.103724
25,25,231.167739
35,15,231.207748
25,25,231.272762
14,36,231.36329
39,11,231.391296
34,16,231.431305
27,23,231.489318
32,18,231.536329
35,15,231.575337
26,24,231.635351
35,15,231.672359
28,22,231.725372
17,33,231.80539
21,29,231.878536
-59,9,231.90154
39,11,231.931547
19,31,232.007564
16,34,232.093585
28,22,232.151123
33,17,232.191127
23,27,232.263144
24,26,232.327158
-72,22,232.38217
22,28,232.454691
32,18,232.500701
-54,4,232.510703
30,20,232.562716
28,22,232.619731
33,17,232.66074
25,25,232.724754
26,24,232.783767
37,13,232.816775
22,28,232.886804
29,21,232.940815
35,15,232.980826
30,20,233.028836
28,22,233.084849
22,28,233.157866
31,19,233.204879
35,15,233.241887
29,21,233.294902
29,21,233.348917
35,15,233.385925
33,17,233.429935
17,33,233.512953
22,28,233.580969
28,22,233.635981
-66,16,233.678992
23,27,233.746007
33,17,233.788016
35,15,233.828025
-61,11,233.854031
30,20,233.903042
21,29,233.975058
36,14,234.012068
18,32,234.092089
23,27,234.162104
19,31,234.241122
28,22,234.296134
23,27,234.367681
30,20,234.418691
-53,3,234.426692
36,14,234.4637
25,25,234.523715
31,19,234.569852
36,14,234.607861
32,18,234.653871
27,23,234.712885
34,16,234.753893
21,29,235.76825
27,23,235.829264
30,20,235.881276
27,23,235.937942
30,20,235.989964
28,22,236.042976
37,13,236.073982
26,24,236.133996
40,10,236.159002
35,15,236.19801
30,20,236.249026
37,13,236.280033
33,17,236.323056
35,15,236.358064
23,27,236.426079
37,13,236.460087
36,14,236.497095
32,18,236.542105
26,24,236.604119
36,14,236.63813
22,28,236.707145
37,13,236.740154
39,11,236.76816
28,22,236.823171
36,14,236.858179
38,12,236.888186
33,17,236.930196
25,25,236.992209
-61,11,237.021216
38,12,237.052226
-64,14,237.087234
34,16,237.127243
21,29,237.197258
13,37,237.291397
35,15,237.331406
35,15,237.369414
31,19,237.41844
25,25,237.477457
21,29,237.549999
24,26,237.615013
25,25,237.677027
34,16,237.717036
-61,11,237.746042
32,18,237.791053
38,12,237.82306
18,32,237.902077
42,8,237.922082
34,16,237.965091
35,15,238.0021
10,40,238.104122
33,17,238.147132
29,21,238.201674
34,16,238.240686
25,25,238.303701
33,17,238.34771
-56,6,238.362714
-2,52,238.500744
32,18,238.547755
14,36,238.642787
26,24,238.703801
30,20,238.753812
28,22,238.812825
26,24,238.874838
32,18,238.921375
-71,21,238.975403
26,24,239.03842
34,16,239.082431
29,21,239.138443
21,29,239.21546
32,18,239.260474
25,25,239.325491
18,32,239.410511
26,24,239.470524
28,22,239.526537
33,17,239.57155
32,18,239.619564
27,23,239.681578
32,18,239.728589
20,30,239.805606
32,18,239.853616
32,18,239.900627
34,16,239.945637
37,13,239.979645
27,23,240.040669
27,23,240.099682
29,21,240.155699
39,11,240.185705
34,16,240.226714
24,26,240.293729
-54,4,240.306733
36,14,240.342741
38,12,240.373747
24,26,240.440769
28,22,240.499799
35,15,240.537808
17,33,240.625832
28,22,240.681844
18,32,240.765863
33,17,240.811873
27,23,240.871897
22,28,240.942924
31,19,242.007303
33,17,242.052314
36,14,242.086321
35,15,242.12433
14,36,242.21835
30,20,242.268362
34,16,242.309371
35,15,242.347379
20,30,242.4234
39,11,242.45241
-63,13,242.485428
34,16,242.524437
34,16,242.565446
35,15,242.603455
29,21,242.657467
35,15,242.695475
-70,20,242.746486
32,18,242.789496
31,19,242.839507
28,22,242.894519
31,19,242.943531
38,12,242.973537
28,22,243.03055
8,42,243.138574
36,14,243.173588
36,14,243.209596
27,23,243.265609
35,15,243.302617
19,31,243.381634
17,33,243.467653
32,18,243.510666
30,20,243.55968
36,14,243.597689
34,16,243.638698
33,17,243.682708
29,21,243.733719
27,23,243.790732
31,19,243.837742
29,21,243.888753
16,34,243.97178
31,19,244.01979
31,19,244.066801
10,40,244.162822
34,16,244.203838
35,15,244.241843
29,21,244.295856
38,12,244.324865
22,28,244.394881
31,19,244.444403
26,24,244.504417
23,27,244.573432
27,23,244.632445
32,18,244.677458
17,33,244.75948
33,17,244.802489
3,47,244.922516
36,14,244.957524
19,31,245.035545
31,19,245.083556
28,22,245.139568
22,28,245.211109
40,10,245.235114
33,17,245.279124
29,21,245.332135
41,9,245.356141
36,14,245.390149
26,24,245.450166
23,27,245.518181
34,16,245.556189
27,23,245.616203
18,32,245.698221
25,25,245.762239
21,29,245.834259
29,21,245.887271
-57,7,245.905275
36,14,245.940283
36,14,245.976291
33,17,246.0173
39,11,246.047307
38,12,246.077317
-54,4,246.08832
7,43,246.193346
35,15,246.232355
33,17,246.277365
42,8,246.298369
-60,10,246.322375
30,20,246.373386
19,31,246.454404
34,16,246.492417
27,23,246.55043
18,32,246.628447
24,26,246.692461
40,10,246.716466
21,29,246.787483
23,27,246.854505
-62,12,246.885516
32,18,246.930529
32,18,246.975543
18,32,247.055561
35,15,247.092569
29,21,247.146581
23,27,248.165365
40,10,248.190371
-60,10,248.214376
34,16,248.256385
40,10,248.282391
29,21,248.336403
28,22,248.390415
34,16,248.431424
31,19,248.479435
33,17,248.522444
33,17,248.567455
34,16,248.610464
36,14,248.646472
34,16,248.688481
28,22,248.742507
-62,12,248.773514
19,31,248.849532
13,37,248.942553
-62,12,248.970559
38,12,248.999566
-88,38,249.09559
16,34,249.18313
27,23,249.242142
22,28,249.314159
20,30,249.391176
38,12,249.423183
41,9,249.445188
-53,3,249.45519
32,18,249.503203
36,14,249.540329
36,14,249.577338
34,16,249.619349
36,14,249.655356
-52,2,249.662358
29,21,249.715369
32,18,249.75938
26,24,249.821393
37,13,249.855401
35,15,249.892409
20,30,249.969429
33,17,250.013443
19,31,250.091461
31,19,250.141472
27,23,250.2016
36,14,250.239609
18,32,250.321629
31,19,250.36964
36,14,250.403647
37,13,250.437656
30,20,250.487666
32,18,250.534677
18,32,250.615695
-66,16,250.657704
31,19,250.707718
28,22,250.763731
19,31,250.839748
37,13,250.873758
38,12,250.902765
33,17,250.947775
33,17,250.990784
17,33,251.073323
17,33,251.157343
17,33,251.240363
23,27,251.308378
27,23,251.367392
12,38,251.462413
-63,13,251.49542
20,30,251.572437
37,13,251.605445
26,24,251.668459
32,18,251.714469
36,14,251.748477
38,12,251.779483
38,12,251.80849
30,20,251.861504
35,15,251.904035
12,38,252.001057
36,14,252.035064
22,28,252.10708
40,10,252.132089
31,19,252.182607
33,17,252.222617
41,9,252.246623
30,20,252.297633
37,13,252.329641
34,16,252.36965
34,16,252.410659
34,16,252.451668
33,17,252.495678
26,24,252.556691
23,27,252.625709
34,16,252.66872
6,44,252.779745
37,13,252.812752
27,23,252.870765
21,29,252.945786
37,13,252.975796
34,16,253.017806
34,16,253.056814
37,13,253.089823
14,36,253.181843
38,12,253.212849
38,12,253.242858
27,23,253.301872
23,27,254.326673
29,21,254.379684
29,21,254.432696
40,10,254.457702
38,12,254.489709
38,12,254.517715
42,8,254.537719
36,14,254.575728
37,13,254.609735
31,19,254.658746
-61,11,254.687753
15,35,254.773775
39,11,254.804785
26,24,254.864799
26,24,254.926813
38,12,254.957819
25,25,255.021834
28,22,255.075846
38,12,255.107853
35,15,255.144865
25,25,255.206883
31,19,255.255894
-63,13,255.288901
31,19,255.336912
35,15,255.375921
-63,13,255.407928
36,14,255.445936
32,18,255.49095
37,13,255.522958
32,18,255.568475
11,39,255.669501
32,18,255.715511
32,18,255.759521
-64,14,255.797529
27,23,255.855542
-62,12,255.887549
32,18,255.933563
27,23,255.991587
35,15,256.031595
39,11,256.057601
30,20,256.110613
34,16,256.150622
23,27,256.217637
13,37,256.312658
35,15,256.352199
40,10,256.37621
31,19,256.424225
38,12,256.455231
23,27,256.526247
-60,10,256.552253
23,27,256.623269
34,16,256.663281
27,23,256.722299
35,15,256.761308
39,11,256.789314
30,20,256.842326
34,16,256.884335
29,21,256.937347
35,15,256.973355
27,23,257.029881
27,23,257.086897
24,26,257.155912
28,22,257.210924
29,21,257.264936
30,20,257.314948
19,31,257.395966
29,21,257.450981
34,16,257.489994
35,15,257.529002
31,19,257.577013
35,15,257.615022
31,19,257.662032
25,25,257.725046
24,26,257.792068
36,14,257.827087
40,10,257.853093
30,20,257.902103
31,19,257.952113
33,17,257.994123
-64,14,258.030131
23,27,258.098146
31,19,258.145156
-54,4,258.157159
39,11,258.183165
32,18,258.226175
40,10,258.252296
2,48,258.370322
29,21,258.424334
37,13,258.458342
34,16,258.498351
28,22,258.554363
26,24,258.617377
34,16,258.655386
36,14,258.689394
36,14,258.725402
33,17,258.769411
29,21,258.824424
34,16,258.864432
38,12,258.893439
25,25,258.956453
21,29,259.029469
37,13,259.063477
38,12,259.093483
25,25,259.156498
-58,8,259.176502
35,15,259.215511
36,14,259.252519
34,16,259.290528
36,14,259.325536
-58,8,259.348541
3,47,259.466567
14,36,260.513929
29,21,260.566941
22,28,260.639957
27,23,260.698971
28,22,260.755987
40,10,260.782993
38,12,260.813004
40,10,260.837009
23,27,260.905028
30,20,260.955039
19,31,261.034057
36,14,261.070064
40,10,261.095071
34,16,261.136079
29,21,261.190095
34,16,261.229107
32,18,261.273121
11,39,261.369145
9,41,261.473172
-63,13,261.50518
31,19,261.55319
38,12,261.583202
29,21,261.636215
31,19,261.682225
35,15,261.720234
25,25,261.783248
24,26,261.849262
37,13,261.88227
36,14,261.918282
29,21,261.972297
34,16,262.010309
34,16,262.054319
35,15,262.089326
29,21,262.142338
34,16,262.183347
29,21,262.237359
-61,11,262.263365
17,33,262.346384
29,21,262.399911
38,12,262.429918
37,13,262.462925
25,25,262.523938
26,24,262.583952
35,15,262.622961
-65,15,262.658969
33,17,262.703979
28,22,262.757998
35,15,262.79801
40,10,262.823015
38,12,262.855023
29,21,262.910042
30,20,262.959053
40,10,262.985059
-71,21,263.039071
26,24,263.102085
33,17,263.143604
37,13,263.176763
34,16,263.218773
38,12,263.24978
30,20,263.300791
21,29,263.373807
33,17,263.417818
36,14,263.452825
8,42,263.557855
26,24,263.619869
33,17,263.662879
27,23,263.719891
27,23,263.778904
22,28,263.846427
37,13,263.876449
27,23,263.933461
38,12,263.964468
35,15,264.00148
29,21,264.053492
25,25,264.116506
42,8,264.138511
20,30,264.210526
36,14,264.245534
21,29,264.319551
21,29,264.390566
30,20,264.437577
42,8,264.459582
34,16,264.498591
35,15,264.5386
26,24,264.597613
15,35,264.688157
21,29,264.764174
18,32,264.841191
37,13,264.874199
34,16,264.915332
26,24,264.974349
39,11,265.005356
-56,6,265.021359
39,11,265.049366
-60,10,265.073371
31,19,265.121382
-59,9,265.146387
30,20,265.197399
36,14,265.232406
28,22,265.290553
10,40,265.390575
33,17,265.434585
16,34,265.516604
29,21,265.568615
32,18,265.613626
38,12,266.604979
30,20,266.657991
29,21,266.712002
30,20,266.760013
9,41,266.868037
35,15,266.905045
31,19,266.954056
23,27,267.022073
17,33,267.10509
38,12,267.136096
-61,11,267.163105
28,22,267.221119
38,12,267.252249
-20,70,267.427288
28,22,267.4823
22,28,267.552318
32,18,267.598329
37,13,267.632336
32,18,267.675346
18,32,267.758364
29,21,267.813376
33,17,267.856386
28,22,267.911399
22,28,267.982415
35,15,268.019423
34,16,268.059433
32,18,268.103442
30,20,268.154454
31,19,268.202464
32,18,268.246474
25,25,268.310489
38,12,268.34102
38,12,268.374032
25,25,268.434045
39,11,268.463052
31,19,268.509063
40,10,268.534067
30,20,268.584079
34,16,268.624088
38,12,268.655096
20,30,268.730115
39,11,268.75712
29,21,268.808132
33,17,268.849141
36,14,268.885149
28,22,268.942162
20,30,269.01918
35,15,269.058187
35,15,269.098201
31,19,269.144211
-55,5,269.157214
27,23,269.217227
19,31,269.295245
32,18,269.341255
22,28,269.413275
28,22,269.47129
31,19,269.520301
33,17,269.56231
5,45,269.675335
16,34,269.762355
35,15,269.799364
35,15,269.836878
34,16,269.876887
33,17,269.920897
35,15,269.956905
-69,19,270.004916
30,20,270.052927
40,10,270.079933
24,26,270.146948
24,26,270.213965
34,16,270.254974
36,14,270.289985
36,14,270.324992
30,20,270.376004
36,14,270.410012
18,32,270.489029
27,23,270.547042
31,19,270.596574
33,17,270.638585
28,22,270.696601
33,17,270.73761
31,19,270.78462
26,24,270.846634
37,13,270.879642
35,15,270.918653
28,22,270.972667
36,14,271.008675
27,23,271.067689
21,29,271.141705
33,17,271.184714
25,25,271.247729
-57,7,271.265733
39,11,271.295739
27,23,271.353754
38,12,271.38376
28,22,271.439773
36,14,271.476781
36,14,271.513789
20,30,271.590807
28,22,271.645819
27,23,271.701833
17,33,272.732084
31,19,272.779094
33,17,272.821104
35,15,272.858112
33,17,272.904126
16,34,272.988145
34,16,273.029154
31,19,273.076164
31,19,273.124175
32,18,273.167185
24,26,273.232199
28,22,273.289219
33,17,273.334229
18,32,273.416247
28,22,273.470259
30,20,273.52227
32,18,273.56528
36,14,273.602288
38,12,273.634295
39,11,273.661302
25,25,273.722319
27,23,273.780332
35,15,273.81734
31,19,273.866351
28,22,273.923364
35,15,273.963373
18,32,274.043398
36,14,274.077406
38,12,274.108416
16,34,274.193439
30,20,274.24545
36,14,274.282458
26,24,274.343473
30,20,274.392483
38,12,274.423494
37,13,274.456501
39,11,274.485507
41,9,274.507512
32,18,274.554523
33,17,274.598533
35,15,274.634541
36,14,274.671549
38,12,274.701556
26,24,274.76357
33,17,274.806579
-60,10,274.833589
37,13,274.867596
32,18,274.910606
36,14,274.945613
25,25,275.008627
26,24,275.067641
28,22,275.124654
23,27,275.194669
28,22,275.251209
33,17,275.292739
36,14,275.328747
25,25,275.391761
22,28,275.462777
28,22,275.517789
35,15,275.554797
39,11,275.582811
21,29,275.653829
35,15,275.689838
36,14,275.727846
31,19,275.774857
35,15,275.812866
22,28,275.883881
37,13,275.917892
30,20,275.967907
34,16,276.007915
26,24,276.066929
29,21,276.119941
35,15,276.158949
28,22,276.212962
32,18,276.257972
32,18,276.302982
18,32,276.383003
34,16,276.423013
30,20,276.473023
30,20,276.525035
28,22,276.581047
36,14,276.617055
37,13,276.651063
26,24,276.710076
-71,21,276.765089
33,17,276.806623
40,10,276.83463
36,14,276.869637
39,11,276.898644
33,17,276.942654
30,20,276.991665
34,16,277.031674
32,18,277.076684
-68,18,277.124694
36,14,277.156702
26,24,277.218715
38,12,277.250723
35,15,277.285731
28,22,277.342743
28,22,277.398755
35,15,277.436771
30,20,277.487786
40,10,277.512792
29,21,277.565804
21,29,277.638824
35,15,277.676832
34,16,277.71484
34,16,277.753849
38,12,277.782856
32,18,277.828869
37,13,277.859876
27,23,278.890069
28,22,278.944088
33,17,278.988098
12,38,279.084119
-52,2,279.08912
36,14,279.125129
36,14,279.158136
28,22,279.215148
37,13,279.249168
27,23,279.306181
29,21,279.360193
29,21,279.415205
36,14,279.450213
25,25,279.513227
36,14,279.548359
39,11,279.576366
28,22,279.630378
34,16,279.670386
25,25,279.7324
28,22,279.787412
22,28,279.859429
-62,12,279.890436
31,19,279.937446
40,10,279.959451
37,13,279.992984
-52,2,280.000986
31,19,280.049
21,29,280.120016
32,18,280.167027
28,22,280.220038
28,22,280.279051
27,23,280.334068
32,18,280.378078
38,12,280.408084
23,27,280.474099
35,15,280.514108
36,14,280.549115
37,13,280.580122
32,18,280.625133
37,13,280.65814
30,20,280.707151
41,9,280.730156
21,29,280.802693
30,20,280.851704
37,13,280.881711
24,26,280.945725
24,26,281.01074
21,29,281.081755
29,21,281.136768
28,22,281.190783
32,18,281.237797
27,23,281.293809
28,22,281.347822
10,40,281.444843
26,24,281.50486
38,12,281.535871
33,17,281.57788
39,11,281.606887
31,19,281.655898
37,13,281.688905
35,15,281.726913
32,18,281.771923
31,19,281.819934
38,12,281.84894
33,17,281.89195
36,14,281.926961
35,15,281.967978
29,21,282.020989
17,33,282.102007
29,21,282.154019
33,17,282.198029
33,17,282.240038
34,16,282.280047
38,12,282.309054
7,43,282.416088
36,14,282.451096
38,12,282.479102
24,26,282.544116
36,14,282.580124
-60,10,282.60613
35,15,282.645139
21,29,282.718283
9,41,282.821306
23,27,282.889321
25,25,282.951335
40,10,282.978341
31,19,283.025352
28,22,283.080871
35,15,283.120887
19,31,283.196911
38,12,283.227917
26,24,283.287931
39,11,283.314937
34,16,283.355946
29,21,283.407958
35,15,283.445966
39,11,283.471975
31,19,283.520986
33,17,283.563996
31,19,283.609006
37,13,283.640013
33,17,283.685023
31,19,283.733033
29,21,283.787046
29,21,283.840057
-55,5,283.855061
29,21,283.908077
34,16,283.946085
40,10,283.971091
33,17,284.964325
34,16,285.004336
34,16,285.043346
31,19,285.092357
34,16,285.133366
35,15,285.172375
30,20,285.223386
29,21,285.277398
35,15,285.315928
37,13,285.349936
39,11,285.379943
28,22,285.435956
41,9,285.458962
37,13,285.49297
38,12,285.524976
37,13,285.557985
31,19,285.604995
34,16,285.648005
31,19,285.698015
38,12,285.730023
-60,10,285.756028
31,19,285.804039
22,28,285.874056
38,12,285.904063
30,20,285.953074
35,15,285.990082
34,16,286.031091
37,13,286.064099
36,14,286.100107
40,10,286.127113
34,16,286.167122
25,25,286.230136
38,12,286.261145
38,12,286.292151
28,22,286.349164
11,39,286.449186
25,25,286.513201
-69,19,286.560211
25,25,286.62475
19,31,286.703771
37,13,286.735778
40,10,286.762784
34,16,286.803793
33,17,286.848804
38,12,286.87981
34,16,286.921822
-58,8,286.941826
39,11,286.971834
38,12,287.003842
40,10,287.029848
29,21,287.083859
37,13,287.116867
40,10,287.144873
31,19,287.191884
25,25,287.256898
23,27,287.325436
32,18,287.372446
40,10,287.397452
35,15,287.43646
33,17,287.47947
27,23,287.536483
36,14,287.573491
40,10,287.599497
-60,10,287.624503
40,10,287.65651
27,23,287.740542
37,13,287.788546
35,15,287.840561
37,13,287.890572
24,26,287.985593
24,26,288.087619
32,18,288.156644
36,14,288.207657
28,22,288.288675
40,10,288.328684
34,16,288.391698
32,18,288.456712
24,26,288.553267
34,16,288.620289
38,12,288.660804
40,10,288.686809
38,12,288.717816
35,15,288.758825
31,19,288.808836
38,12,288.840844
30,20,288.892857
34,16,288.937867
5,45,289.052893
35,15,289.092902
23,27,289.165918
35,15,289.205927
27,23,289.266942
28,22,289.324961
34,16,289.367971
27,23,289.426984
16,34,289.515003
35,15,289.556013
41,9,289.57902
37,13,289.612029
38,12,289.644038
24,26,289.712053
21,29,289.78707
39,11,289.817076
37,13,289.851084
35,15,289.891093
27,23,289.95311
23,27,290.023652
33,17,290.069662
36,14,290.10567
20,30,290.185688
35,15,290.225697
30,20,290.278709
34,16,290.323225
36,14,290.359233
26,24,290.424248
36,14,290.464257
27,23,290.52427
36,14,290.562279
-52,2,290.56828
31,19,291.599532
32,18,291.646543
23,27,291.713557
36,14,291.749565
25,25,291.812584
30,20,291.865603
35,15,291.902611
30,20,291.953622
32,18,292.000633
37,13,292.03364
26,24,292.097655
37,13,292.131662
35,15,292.170671
21,29,292.245694
16,34,292.335724
31,19,292.383735
31,19,292.433746
36,14,292.469754
32,18,292.517765
39,11,292.547772
34,16,292.587784
25,25,292.654803
37,13,292.68781
20,30,292.765827
18,32,292.847845
39,11,292.876852
35,15,292.91586
40,10,292.942867
32,18,292.990386
28,22,293.045402
26,24,293.106415
32,18,293.153424
29,21,293.205436
20,30,293.283453
22,28,293.356469
28,22,293.413482
25,25,293.481497
11,39,293.578519
30,20,293.632531
41,9,293.656536
33,17,293.698546
30,20,293.748557
26,24,293.80857
35,15,293.848579
40,10,293.873585
36,14,293.911593
-59,9,293.934598
35,15,293.974607
39,11,294.001613
36,14,294.038621
40,10,294.063627
37,13,294.096634
-65,15,294.137644
29,21,294.190655
8,42,294.299682
24,26,294.363696
17,33,294.449716
30,20,294.502727
20,30,294.579747
37,13,294.614754
32,18,294.661765
34,16,294.703774
19,31,294.783792
30,20,294.837804
35,15,294.876813
25,25,294.939831
34,16,294.982841
31,19,295.031852
36,14,295.068861
27,23,295.130874
35,15,295.168883
23,27,295.241598
41,9,295.264603
33,17,295.308613
7,43,295.422751
34,16,295.46576
27,23,295.523773
35,15,295.561782
34,16,295.600791
16,34,295.691811
33,17,295.738822
38,12,295.769828
20,30,295.848846
27,23,295.908859
39,11,295.936866
22,28,296.006397
34,16,296.049407
36,14,296.085415
25,25,296.148429
32,18,296.194439
29,21,296.248451
35,15,296.28946
28,22,296.346473
35,15,296.385482
38,12,296.415488
34,16,296.455498
-57,7,296.473501
19,31,296.553519
38,12,296.584526
30,20,296.634537
37,13,296.666544
41,9,296.69055
23,27,296.758565
35,15,296.797574
38,12,296.82658
22,28,297.869937
15,35,297.957962
26,24,298.018975
32,18,298.064986
34,16,298.104994
27,23,298.167008
35,15,298.206017
28,22,298.260029
31,19,298.308043
16,34,298.391062
36,14,298.42807
31,19,298.477081
38,12,298.507088
32,18,298.551097
39,11,298.579103
22,28,298.648119
18,32,298.733145
32,18,298.777155
33,17,298.821164
37,13,298.855172
36,14,298.889179
31,19,298.93719
31,19,298.988202
36,14,299.022209
37,13,299.054216
-52,2,299.059217
31,19,299.108735
35,15,299.150757
27,23,299.20777
32,18,299.254781
36,14,299.292789
37,13,299.325797
32,18,299.372807
38,12,299.404818
32,18,299.450828
34,16,299.492841
25,25,299.555855
35,15,299.597864
36,14,299.632872
28,22,299.690885
30,20,299.7409
34,16,299.780909
34,16,299.823918
36,14,299.857926
37,13,299.889933
31,19,299.937944
14,36,300.030964
14,36,300.123985
28,22,300.182002
33,17,300.224015
34,16,300.267025
36,14,300.303033
41,9,300.328038
29,21,300.382054
22,28,300.456071
34,16,300.49808
39,11,300.526086
38,12,300.557094
34,16,300.600616
29,21,300.653628
34,16,300.691637
30,20,300.743649
29,21,300.79566
37,13,300.828667
31,19,300.876678
18,32,300.962701
39,11,300.991708
30,20,301.042719
34,16,301.084729
35,15,301.125737
34,16,301.166748
-58,8,301.188753
33,17,301.231762
36,14,301.268774
28,22,301.325787
-60,10,301.349793
29,21,301.404805
31,19,301.453815
-57,7,301.47182
31,19,301.523831
35,15,301.56384
36,14,301.600848
34,16,301.640858
31,19,301.688879
28,22,301.745898
36,14,301.781909
23,27,301.848925
34,16,301.889934
40,10,301.915939
37,13,301.947947
40,10,301.973952
28,22,302.029969
29,21,302.084984
38,12,302.116991
21,29,302.190008
33,17,302.235018
39,11,302.266025
22,28,302.340041
29,21,302.393053
9,41,302.500085
27,23,302.556097
27,23,302.61411
36,14,302.651118
33,17,302.696128
38,12,302.726135
31,19,302.774149
40,10,302.803159
14,36,302.892179
40,10,302.919185
36,14,302.954193
39,11,302.982199
40,10,303.009204
39,11,303.03621
